chr,start,end,n,width
chr1,10497,10579,7,82
chr1,181541,181673,18,132
chr1,777996,779703,18,1707
chr1,827289,828434,21,1145
chr1,869379,870087,17,708
chr1,873755,873798,5,43
chr1,898426,899119,11,693
chr1,902698,902915,8,217
chr1,904017,905473,56,1456
chr1,906716,907934,13,1218
chr1,909867,910919,62,1052
chr1,912159,916535,21,4376
chr1,920881,921313,16,432
chr1,923599,925980,170,2381
chr1,927931,930199,26,2268
chr1,935045,937235,38,2190
chr1,939258,944041,147,4783
chr1,945917,946264,7,347
chr1,948038,948110,5,72
chr1,950928,951255,13,327
chr1,953534,953586,6,52
chr1,958377,961903,157,3526
chr1,963425,964085,14,660
chr1,966183,968163,63,1980
chr1,970960,976729,63,5769
chr1,978008,979556,43,1548
chr1,983708,985171,22,1463
chr1,995667,995883,11,216
chr1,997181,1001966,251,4785
chr1,1003983,1004869,6,886
chr1,1007823,1008920,11,1097
chr1,1011596,1011638,5,42
chr1,1012748,1013477,14,729
chr1,1015331,1015851,13,520
chr1,1017414,1021529,118,4115
chr1,1024126,1025886,18,1760
chr1,1032608,1034586,87,1978
chr1,1040086,1042003,52,1917
chr1,1043953,1045299,23,1346
chr1,1046956,1049880,56,2924
chr1,1050890,1052122,27,1232
chr1,1055276,1055362,6,86
chr1,1056539,1057293,11,754
chr1,1059124,1064819,125,5695
chr1,1066131,1067374,11,1243
chr1,1068471,1072814,93,4343
chr1,1073878,1074240,8,362
chr1,1081367,1086374,88,5007
chr1,1088231,1089010,11,779
chr1,1110665,1110739,6,74
chr1,1112026,1112213,9,187
chr1,1113801,1113838,5,37
chr1,1115171,1117284,101,2113
chr1,1118815,1119129,9,314
chr1,1122325,1123278,14,953
chr1,1125112,1126129,11,1017
chr1,1127677,1129156,23,1479
chr1,1130514,1130993,12,479
chr1,1132590,1133397,21,807
chr1,1135115,1138297,49,3182
chr1,1140941,1141825,11,884
chr1,1142993,1143105,6,112
chr1,1144159,1145183,37,1024
chr1,1147675,1148772,11,1097
chr1,1150880,1151547,10,667
chr1,1156251,1158768,25,2517
chr1,1160998,1171999,181,11001
chr1,1173476,1176838,43,3362
chr1,1179978,1180585,9,607
chr1,1182093,1183327,29,1234
chr1,1197470,1197759,14,289
chr1,1200470,1201733,44,1263
chr1,1203472,1207301,45,3829
chr1,1208330,1210234,26,1904
chr1,1211333,1211722,11,389
chr1,1212863,1214052,22,1189
chr1,1217039,1217400,12,361
chr1,1219945,1220976,16,1031
chr1,1223948,1224382,9,434
chr1,1225607,1225674,5,67
chr1,1228883,1229643,12,760
chr1,1231691,1235308,83,3617
chr1,1237708,1244436,97,6728
chr1,1245587,1247753,68,2166
chr1,1251229,1251514,7,285
chr1,1252594,1255346,34,2752
chr1,1265730,1268965,20,3235
chr1,1272078,1274349,79,2271
chr1,1279246,1279495,7,249
chr1,1280935,1282021,10,1086
chr1,1286619,1287583,20,964
chr1,1290373,1292395,29,2022
chr1,1294091,1296435,22,2344
chr1,1302341,1303392,18,1051
chr1,1304696,1305900,14,1204
chr1,1307467,1309994,164,2527
chr1,1312741,1312860,5,119
chr1,1316510,1316753,7,243
chr1,1318590,1319084,7,494
chr1,1323152,1323235,6,83
chr1,1324403,1325973,51,1570
chr1,1327420,1328125,21,705
chr1,1330861,1332060,11,1199
chr1,1333271,1333605,18,334
chr1,1334757,1338107,38,3350
chr1,1344362,1345625,13,1263
chr1,1347448,1349947,131,2499
chr1,1351451,1352296,18,845
chr1,1353526,1355680,54,2154
chr1,1357204,1358825,13,1621
chr1,1360096,1360185,7,89
chr1,1362052,1362427,8,375
chr1,1370208,1370278,5,70
chr1,1371963,1372174,6,211
chr1,1373397,1377057,92,3660
chr1,1378238,1379238,15,1000
chr1,1385448,1387529,31,2081
chr1,1396740,1396841,5,101
chr1,1398527,1400093,71,1566
chr1,1406183,1409170,98,2987
chr1,1410790,1411902,7,1112
chr1,1419823,1420530,38,707
chr1,1422503,1423906,13,1403
chr1,1425815,1428430,69,2615
chr1,1430491,1431749,17,1258
chr1,1433145,1433778,12,633
chr1,1435477,1437057,49,1580
chr1,1439273,1441671,41,2398
chr1,1447595,1453034,27,5439
chr1,1455073,1455903,22,830
chr1,1460039,1460745,15,706
chr1,1462090,1462968,8,878
chr1,1464978,1465447,9,469
chr1,1471335,1472983,55,1648
chr1,1474411,1475334,8,923
chr1,1476669,1478686,15,2017
chr1,1483083,1484012,5,929
chr1,1485435,1486214,18,779
chr1,1487412,1488587,6,1175
chr1,1489870,1491732,13,1862
chr1,1499821,1500408,18,587
chr1,1503854,1504176,11,322
chr1,1510621,1512578,54,1957
chr1,1516836,1517088,7,252
chr1,1520206,1522132,24,1926
chr1,1523163,1523943,15,780
chr1,1527278,1529545,20,2267
chr1,1530753,1531399,7,646
chr1,1535241,1536679,31,1438
chr1,1539808,1541432,60,1624
chr1,1546475,1546812,9,337
chr1,1547822,1548932,15,1110
chr1,1552041,1552457,7,416
chr1,1554185,1555271,20,1086
chr1,1567346,1567431,6,85
chr1,1571895,1575366,83,3471
chr1,1583882,1584636,7,754
chr1,1586532,1587483,13,951
chr1,1597222,1600866,99,3644
chr1,1613875,1616584,134,2709
chr1,1621795,1621988,8,193
chr1,1623346,1623734,13,388
chr1,1626971,1627172,10,201
chr1,1628394,1632472,157,4078
chr1,1640431,1641365,13,934
chr1,1644917,1645017,6,100
chr1,1649556,1650735,17,1179
chr1,1658982,1659217,17,235
chr1,1660443,1660780,11,337
chr1,1669626,1669708,9,82
chr1,1673065,1673879,5,814
chr1,1677578,1678185,7,607
chr1,1680051,1680637,11,586
chr1,1681909,1682543,20,634
chr1,1686090,1686362,5,272
chr1,1692384,1694435,35,2051
chr1,1712054,1712155,6,101
chr1,1724342,1724514,6,172
chr1,1746065,1746256,10,191
chr1,1753848,1754677,6,829
chr1,1758821,1760216,12,1395
chr1,1764357,1765273,15,916
chr1,1777764,1779142,66,1378
chr1,1805086,1805156,5,70
chr1,1807695,1807799,5,104
chr1,1865186,1865598,7,412
chr1,1866878,1867087,5,209
chr1,1868268,1868504,7,236
chr1,1880444,1881181,6,737
chr1,1885369,1886174,5,805
chr1,1887718,1888730,9,1012
chr1,1890246,1892044,102,1798
chr1,1899262,1900599,5,1337
chr1,1902548,1903092,9,544
chr1,1908592,1911016,78,2424
chr1,1918778,1919871,28,1093
chr1,1922874,1924725,14,1851
chr1,1927385,1928770,21,1385
chr1,1940356,1944414,52,4058
chr1,1947562,1948166,11,604
chr1,1960139,1960831,7,692
chr1,1964862,1967295,16,2433
chr1,1968906,1970632,7,1726
chr1,1972434,1976635,34,4201
chr1,1984859,1986777,22,1918
chr1,1988760,1988951,6,191
chr1,1994768,1996053,10,1285
chr1,2003534,2005172,37,1638
chr1,2007933,2008597,5,664
chr1,2014938,2015301,7,363
chr1,2017631,2017961,5,330
chr1,2018979,2020039,92,1060
chr1,2021599,2021670,9,71
chr1,2022749,2023334,7,585
chr1,2024707,2028269,50,3562
chr1,2029976,2032355,25,2379
chr1,2035363,2036598,13,1235
chr1,2038954,2039159,6,205
chr1,2044786,2045259,46,473
chr1,2046676,2047973,11,1297
chr1,2049984,2052666,124,2682
chr1,2054601,2055035,15,434
chr1,2067639,2068153,6,514
chr1,2069194,2074112,48,4918
chr1,2075627,2076886,12,1259
chr1,2082368,2082760,9,392
chr1,2087775,2087913,5,138
chr1,2089092,2090041,7,949
chr1,2094002,2094553,8,551
chr1,2097503,2097594,5,91
chr1,2099014,2099574,11,560
chr1,2105214,2105492,6,278
chr1,2106917,2107878,15,961
chr1,2110291,2110372,5,81
chr1,2113158,2117471,24,4313
chr1,2125929,2128066,14,2137
chr1,2131872,2132467,8,595
chr1,2138027,2139178,9,1151
chr1,2142829,2143120,11,291
chr1,2148613,2149000,7,387
chr1,2171693,2172632,11,939
chr1,2173949,2175777,24,1828
chr1,2179240,2179735,6,495
chr1,2186731,2188367,12,1636
chr1,2189676,2191178,24,1502
chr1,2192255,2195123,45,2868
chr1,2198780,2201965,22,3185
chr1,2203880,2206346,67,2466
chr1,2207551,2207857,10,306
chr1,2212294,2213936,37,1642
chr1,2215932,2216986,14,1054
chr1,2226244,2229027,195,2783
chr1,2230565,2230854,5,289
chr1,2232340,2235493,25,3153
chr1,2237209,2240277,24,3068
chr1,2248295,2249359,5,1064
chr1,2250887,2251891,7,1004
chr1,2258743,2259201,6,458
chr1,2271402,2272209,12,807
chr1,2275461,2275613,6,152
chr1,2280276,2280472,6,196
chr1,2282777,2282869,6,92
chr1,2287397,2289058,11,1661
chr1,2290065,2291457,13,1392
chr1,2293860,2294547,6,687
chr1,2298039,2299368,14,1329
chr1,2300891,2301177,16,286
chr1,2304216,2307564,53,3348
chr1,2309606,2309778,8,172
chr1,2311520,2311622,6,102
chr1,2314276,2316027,61,1751
chr1,2317728,2318137,13,409
chr1,2320109,2320162,5,53
chr1,2322102,2322849,19,747
chr1,2324486,2325014,6,528
chr1,2332226,2332809,8,583
chr1,2338104,2340149,10,2045
chr1,2343567,2343871,8,304
chr1,2347799,2348557,26,758
chr1,2353463,2354658,8,1195
chr1,2356509,2356934,9,425
chr1,2373059,2374397,7,1338
chr1,2375678,2375924,7,246
chr1,2378457,2379350,13,893
chr1,2380988,2381855,6,867
chr1,2384992,2385033,8,41
chr1,2387411,2387930,5,519
chr1,2390935,2393034,43,2099
chr1,2402178,2403060,10,882
chr1,2409686,2413247,97,3561
chr1,2415541,2418451,25,2910
chr1,2419472,2420524,12,1052
chr1,2425660,2428948,42,3288
chr1,2432859,2435362,31,2503
chr1,2438239,2441016,22,2777
chr1,2443410,2444464,66,1054
chr1,2446532,2448180,21,1648
chr1,2451825,2452950,8,1125
chr1,2455172,2457782,11,2610
chr1,2459650,2460451,7,801
chr1,2467755,2468408,10,653
chr1,2474163,2475422,14,1259
chr1,2476580,2478119,13,1539
chr1,2479612,2481490,8,1878
chr1,2492805,2492905,5,100
chr1,2494873,2496169,10,1296
chr1,2498409,2507435,95,9026
chr1,2513518,2518220,49,4702
chr1,2520713,2521820,13,1107
chr1,2523372,2523869,16,497
chr1,2525893,2526779,53,886
chr1,2528457,2531674,124,3217
chr1,2540584,2541043,32,459
chr1,2544795,2547331,51,2536
chr1,2548542,2548707,7,165
chr1,2554283,2557092,23,2809
chr1,2559834,2560726,6,892
chr1,2562349,2567193,20,4844
chr1,2576018,2577042,7,1024
chr1,2583041,2583311,7,270
chr1,2585797,2587138,59,1341
chr1,2592794,2594184,19,1390
chr1,2595346,2595817,11,471
chr1,2597785,2597959,10,174
chr1,2602553,2602738,6,185
chr1,2605463,2606446,29,983
chr1,2610402,2612013,14,1611
chr1,2628518,2629683,39,1165
chr1,2642303,2646031,86,3728
chr1,2788501,2790387,82,1886
chr1,2801603,2801732,5,129
chr1,2804928,2809412,45,4484
chr1,2813242,2814847,20,1605
chr1,2822229,2824198,10,1969
chr1,2829032,2830873,16,1841
chr1,2833752,2835448,18,1696
chr1,2855189,2858215,33,3026
chr1,2860502,2862344,34,1842
chr1,2863669,2864890,19,1221
chr1,2866504,2868417,12,1913
chr1,2874915,2877655,25,2740
chr1,2879579,2880074,21,495
chr1,2883072,2883311,9,239
chr1,2884450,2885223,15,773
chr1,2887552,2888995,18,1443
chr1,2890406,2891692,15,1286
chr1,2894226,2894628,10,402
chr1,2903972,2904157,6,185
chr1,2907621,2909061,12,1440
chr1,2910469,2910574,7,105
chr1,2912198,2912766,5,568
chr1,2916984,2917735,6,751
chr1,2923632,2923811,8,179
chr1,2925517,2928342,15,2825
chr1,2930334,2930955,13,621
chr1,2933407,2933959,15,552
chr1,2936076,2937624,5,1548
chr1,2946074,2947679,16,1605
chr1,2961843,2962137,8,294
chr1,2972646,2973929,8,1283
chr1,2978924,2980001,13,1077
chr1,2981936,2985495,40,3559
chr1,2998953,3000503,14,1550
chr1,3004640,3004765,6,125
chr1,3012179,3012871,32,692
chr1,3013956,3015007,8,1051
chr1,3017257,3019166,17,1909
chr1,3020486,3020682,5,196
chr1,3021715,3022727,10,1012
chr1,3027782,3033051,62,5269
chr1,3042592,3043363,5,771
chr1,3053861,3054082,6,221
chr1,3062342,3064427,80,2085
chr1,3067386,3071985,250,4599
chr1,3073011,3073808,40,797
chr1,3078811,3081100,43,2289
chr1,3083022,3083400,8,378
chr1,3086675,3086803,8,128
chr1,3088826,3090020,6,1194
chr1,3092764,3095017,9,2253
chr1,3100896,3101661,8,765
chr1,3109578,3109699,6,121
chr1,3116067,3118528,17,2461
chr1,3120297,3122367,35,2070
chr1,3125977,3126988,15,1011
chr1,3132655,3133138,9,483
chr1,3134624,3136497,29,1873
chr1,3138836,3143262,27,4426
chr1,3153312,3153646,6,334
chr1,3155588,3157194,13,1606
chr1,3160200,3162505,30,2305
chr1,3163595,3164622,9,1027
chr1,3168539,3168755,6,216
chr1,3171949,3173347,14,1398
chr1,3174793,3175023,7,230
chr1,3183337,3183582,10,245
chr1,3185810,3187371,26,1561
chr1,3188494,3188643,15,149
chr1,3190708,3190870,8,162
chr1,3194896,3196571,22,1675
chr1,3199762,3200902,15,1140
chr1,3203542,3206586,35,3044
chr1,3207660,3208239,6,579
chr1,3211862,3212074,12,212
chr1,3217938,3218263,5,325
chr1,3219428,3219931,9,503
chr1,3223761,3224609,11,848
chr1,3227193,3228146,19,953
chr1,3231772,3231960,7,188
chr1,3238748,3238889,9,141
chr1,3240559,3241727,32,1168
chr1,3247785,3248841,21,1056
chr1,3251209,3251376,5,167
chr1,3258773,3259188,7,415
chr1,3263198,3264622,12,1424
chr1,3267427,3270691,38,3264
chr1,3272077,3272625,14,548
chr1,3275520,3277950,18,2430
chr1,3279168,3279413,5,245
chr1,3283844,3284971,19,1127
chr1,3287256,3287931,25,675
chr1,3290145,3294052,49,3907
chr1,3296143,3296515,5,372
chr1,3308511,3309369,15,858
chr1,3312620,3314071,18,1451
chr1,3315757,3316052,8,295
chr1,3317622,3318102,17,480
chr1,3322362,3323663,20,1301
chr1,3335413,3335470,9,57
chr1,3340442,3340624,6,182
chr1,3346821,3347105,9,284
chr1,3348753,3354153,28,5400
chr1,3356817,3358251,12,1434
chr1,3359493,3360500,5,1007
chr1,3362235,3363454,6,1219
chr1,3364528,3364709,6,181
chr1,3366193,3367193,29,1000
chr1,3369500,3369962,6,462
chr1,3375665,3376378,8,713
chr1,3383528,3383668,5,140
chr1,3386100,3386152,7,52
chr1,3387564,3387653,7,89
chr1,3390597,3394738,68,4141
chr1,3402418,3405671,23,3253
chr1,3408690,3409011,10,321
chr1,3410291,3412618,46,2327
chr1,3415423,3415776,16,353
chr1,3423358,3423609,6,251
chr1,3424826,3426096,42,1270
chr1,3429978,3430671,7,693
chr1,3434896,3435916,14,1020
chr1,3441081,3442677,17,1596
chr1,3454035,3455238,75,1203
chr1,3456603,3458575,13,1972
chr1,3459954,3461701,12,1747
chr1,3462928,3463547,17,619
chr1,3465640,3467849,11,2209
chr1,3469038,3469202,11,164
chr1,3472620,3473590,8,970
chr1,3477131,3478806,24,1675
chr1,3480285,3482696,21,2411
chr1,3483795,3484322,19,527
chr1,3494136,3494377,5,241
chr1,3496023,3497108,9,1085
chr1,3498458,3499599,8,1141
chr1,3501481,3502124,13,643
chr1,3504832,3506203,5,1371
chr1,3517472,3517551,7,79
chr1,3521101,3523166,13,2065
chr1,3524199,3524525,6,326
chr1,3530710,3532287,50,1577
chr1,3538255,3540449,32,2194
chr1,3542077,3542168,6,91
chr1,3543175,3544933,22,1758
chr1,3547354,3548398,22,1044
chr1,3550092,3550655,9,563
chr1,3553621,3554408,9,787
chr1,3556422,3557858,21,1436
chr1,3563237,3563542,6,305
chr1,3575940,3576123,6,183
chr1,3578999,3579116,7,117
chr1,3580395,3582226,10,1831
chr1,3587401,3587561,6,160
chr1,3589366,3590603,14,1237
chr1,3592181,3595679,24,3498
chr1,3597663,3599016,26,1353
chr1,3601553,3603054,9,1501
chr1,3611142,3611927,50,785
chr1,3615566,3617912,25,2346
chr1,3623360,3625590,103,2230
chr1,3633023,3633817,13,794
chr1,3645933,3646097,5,164
chr1,3649650,3653308,154,3658
chr1,3657615,3657797,7,182
chr1,3669186,3669562,5,376
chr1,3673292,3674071,9,779
chr1,3678471,3678661,8,190
chr1,3689582,3690880,15,1298
chr1,3698564,3699198,15,634
chr1,3701418,3701735,6,317
chr1,3702777,3705734,12,2957
chr1,3706769,3709215,29,2446
chr1,3713610,3715012,19,1402
chr1,3717193,3718831,13,1638
chr1,3722142,3722257,7,115
chr1,3727184,3728066,26,882
chr1,3738429,3740730,18,2301
chr1,3743092,3743999,7,907
chr1,3745140,3745957,11,817
chr1,3747048,3747448,34,400
chr1,3752716,3753631,18,915
chr1,3755668,3756898,9,1230
chr1,3766424,3767624,9,1200
chr1,3771116,3773970,72,2854
chr1,3790052,3791104,12,1052
chr1,3795855,3796635,56,780
chr1,3805659,3806069,10,410
chr1,3856306,3858736,93,2430
chr1,3865406,3866988,16,1582
chr1,3869686,3869808,6,122
chr1,3873458,3873572,5,114
chr1,3877883,3878194,5,311
chr1,3880723,3881372,7,649
chr1,3885711,3886548,9,837
chr1,3887925,3889075,7,1150
chr1,3899823,3901320,37,1497
chr1,3903926,3904585,8,659
chr1,3905856,3906164,6,308
chr1,3910895,3911355,12,460
chr1,3947800,3948235,6,435
chr1,3954952,3955674,7,722
chr1,3958450,3959747,9,1297
chr1,3998937,4000165,8,1228
chr1,4005151,4005920,6,769
chr1,4018889,4019822,8,933
chr1,4027616,4028045,7,429
chr1,4063632,4063921,5,289
chr1,4089632,4089841,5,209
chr1,4107413,4108473,6,1060
chr1,4121983,4122652,9,669
chr1,4132427,4132757,16,330
chr1,4160855,4162251,20,1396
chr1,4171385,4172562,10,1177
chr1,4174379,4174424,5,45
chr1,4210535,4211358,8,823
chr1,4219169,4220439,9,1270
chr1,4269496,4269793,7,297
chr1,4342043,4342306,9,263
chr1,4425224,4425644,8,420
chr1,4460633,4460821,7,188
chr1,4481461,4481761,9,300
chr1,4505430,4505636,8,206
chr1,4599103,4600700,9,1597
chr1,4627813,4628866,11,1053
chr1,4633583,4633816,8,233
chr1,4637614,4637792,9,178
chr1,4651735,4657240,178,5505
chr1,4658511,4658834,5,323
chr1,4672007,4672071,7,64
chr1,4676130,4676409,5,279
chr1,4700106,4700314,5,208
chr1,4702593,4703052,11,459
chr1,4711024,4712597,61,1573
chr1,4714065,4714537,5,472
chr1,4728924,4730175,6,1251
chr1,4734845,4734911,5,66
chr1,4772405,4772583,9,178
chr1,4779491,4780724,6,1233
chr1,4880458,4881026,6,568
chr1,4932504,4932858,7,354
chr1,4974317,4975233,11,916
chr1,4978046,4979246,5,1200
chr1,4984293,4985269,12,976
chr1,4986292,4986521,5,229
chr1,5142398,5143571,17,1173
chr1,5238615,5238964,6,349
chr1,5267515,5268363,8,848
chr1,5275415,5275681,7,266
chr1,5306758,5307503,9,745
chr1,5343035,5343142,5,107
chr1,5454535,5455031,8,496
chr1,5472277,5472442,7,165
chr1,5484585,5484782,6,197
chr1,5514744,5515425,9,681
chr1,5563283,5563627,6,344
chr1,5615369,5616358,13,989
chr1,5650463,5652641,11,2178
chr1,5661611,5661974,10,363
chr1,5704160,5704368,7,208
chr1,5713663,5713882,10,219
chr1,5718197,5721212,14,3015
chr1,5746532,5746920,6,388
chr1,5752094,5755448,16,3354
chr1,5771220,5771383,10,163
chr1,5779316,5780019,6,703
chr1,5821982,5822955,8,973
chr1,5840887,5841789,6,902
chr1,5861656,5863923,12,2267
chr1,5865322,5866692,9,1370
chr1,5883273,5883683,10,410
chr1,5886835,5887170,8,335
chr1,5895170,5895644,7,474
chr1,5896826,5898021,18,1195
chr1,5911734,5912252,12,518
chr1,5922855,5923160,5,305
chr1,5926783,5927759,5,976
chr1,5949580,5949623,5,43
chr1,5986812,5987871,7,1059
chr1,5991029,5993692,103,2663
chr1,5994724,5994857,5,133
chr1,6019551,6019898,6,347
chr1,6026423,6026783,8,360
chr1,6035404,6036108,8,704
chr1,6040597,6041711,17,1114
chr1,6046298,6047157,11,859
chr1,6065099,6067005,16,1906
chr1,6077544,6077708,10,164
chr1,6080372,6080516,7,144
chr1,6082278,6084553,19,2275
chr1,6085807,6085920,5,113
chr1,6089220,6090577,10,1357
chr1,6094948,6095341,7,393
chr1,6097934,6098332,9,398
chr1,6099391,6101295,5,1904
chr1,6106309,6106697,5,388
chr1,6109315,6111736,27,2421
chr1,6123927,6128146,44,4219
chr1,6143844,6145051,8,1207
chr1,6148750,6148824,5,74
chr1,6158197,6158879,8,682
chr1,6160971,6161938,8,967
chr1,6165907,6167196,6,1289
chr1,6170928,6171074,6,146
chr1,6178379,6180448,116,2069
chr1,6198469,6200647,29,2178
chr1,6203374,6203811,7,437
chr1,6205746,6207673,70,1927
chr1,6210751,6212030,14,1279
chr1,6216653,6216862,11,209
chr1,6219256,6220448,5,1192
chr1,6232728,6232950,7,222
chr1,6234170,6236474,63,2304
chr1,6242001,6242836,39,835
chr1,6244226,6246460,111,2234
chr1,6249148,6249916,69,768
chr1,6259995,6261755,86,1760
chr1,6262778,6263236,7,458
chr1,6271727,6271977,6,250
chr1,6274481,6274512,5,31
chr1,6298227,6298612,7,385
chr1,6300488,6300873,22,385
chr1,6305189,6305428,5,239
chr1,6311306,6312131,6,825
chr1,6327176,6329401,11,2225
chr1,6331343,6332094,13,751
chr1,6347715,6350520,14,2805
chr1,6358207,6361117,12,2910
chr1,6364465,6365957,13,1492
chr1,6385641,6385833,5,192
chr1,6392882,6394054,86,1172
chr1,6396000,6396141,16,141
chr1,6398363,6398562,5,199
chr1,6419240,6420877,94,1637
chr1,6423663,6425608,27,1945
chr1,6427338,6427631,5,293
chr1,6435355,6435570,9,215
chr1,6440124,6440480,9,356
chr1,6444033,6445718,7,1685
chr1,6447196,6449288,72,2092
chr1,6451224,6452575,10,1351
chr1,6454873,6455896,8,1023
chr1,6460633,6461208,16,575
chr1,6465384,6465681,6,297
chr1,6470938,6471605,58,667
chr1,6472651,6473397,12,746
chr1,6475386,6475996,11,610
chr1,6481455,6482023,5,568
chr1,6485084,6486467,37,1383
chr1,6489392,6491125,54,1733
chr1,6496642,6498701,78,2059
chr1,6504527,6506549,16,2022
chr1,6509240,6510310,10,1070
chr1,6523085,6523535,5,450
chr1,6553698,6555294,61,1596
chr1,6556866,6556995,6,129
chr1,6567903,6568411,10,508
chr1,6574541,6575303,11,762
chr1,6579658,6581032,35,1374
chr1,6588968,6589341,6,373
chr1,6600343,6603679,48,3336
chr1,6612264,6615664,207,3400
chr1,6621587,6621664,10,77
chr1,6625368,6625630,30,262
chr1,6630364,6630936,9,572
chr1,6632964,6635043,12,2079
chr1,6643368,6643913,6,545
chr1,6694899,6695006,5,107
chr1,6698865,6699194,6,329
chr1,6701138,6702197,39,1059
chr1,6720448,6720556,5,108
chr1,6729857,6730358,6,501
chr1,6735497,6735600,12,103
chr1,6784278,6786165,116,1887
chr1,6810492,6810632,5,140
chr1,6830097,6830181,10,84
chr1,6916200,6916294,5,94
chr1,6939759,6939904,5,145
chr1,6953358,6953924,9,566
chr1,6961849,6962424,24,575
chr1,6987353,6988330,9,977
chr1,7006893,7007840,9,947
chr1,7021228,7021360,7,132
chr1,7044339,7044407,5,68
chr1,7049116,7051014,10,1898
chr1,7062514,7062615,7,101
chr1,7069937,7070127,13,190
chr1,7149751,7149798,5,47
chr1,7221090,7221728,5,638
chr1,7229877,7230685,7,808
chr1,7232296,7232670,9,374
chr1,7233775,7234475,7,700
chr1,7330326,7330413,7,87
chr1,7358506,7358560,5,54
chr1,7388160,7389087,5,927
chr1,7435477,7437644,9,2167
chr1,7445625,7446797,9,1172
chr1,7496077,7496312,6,235
chr1,7533155,7534406,9,1251
chr1,7542925,7543009,5,84
chr1,7557701,7558136,7,435
chr1,7564126,7564310,5,184
chr1,7573515,7574691,9,1176
chr1,7609138,7609986,6,848
chr1,7613020,7614703,11,1683
chr1,7629360,7631291,12,1931
chr1,7633686,7634157,8,471
chr1,7635540,7636017,7,477
chr1,7647179,7647442,5,263
chr1,7649174,7649326,5,152
chr1,7659147,7659639,5,492
chr1,7665435,7666419,9,984
chr1,7673901,7673967,5,66
chr1,7679462,7681104,25,1642
chr1,7686726,7686854,5,128
chr1,7703304,7706917,141,3613
chr1,7757541,7757660,5,119
chr1,7771108,7771626,46,518
chr1,7783374,7786179,122,2805
chr1,7827139,7827383,15,244
chr1,7850894,7851125,6,231
chr1,7885495,7886174,9,679
chr1,7913806,7914009,12,203
chr1,7951159,7951389,6,230
chr1,7954200,7955190,30,990
chr1,7961242,7962030,48,788
chr1,7977852,7978485,6,633
chr1,7991040,7992097,6,1057
chr1,8009529,8009804,5,275
chr1,8025555,8026865,112,1310
chr1,8058118,8058150,5,32
chr1,8063881,8064242,6,361
chr1,8121127,8121205,6,78
chr1,8144456,8144536,5,80
chr1,8154763,8155798,7,1035
chr1,8163522,8164782,10,1260
chr1,8192395,8192451,5,56
chr1,8217083,8217704,43,621
chr1,8240956,8242130,8,1174
chr1,8283211,8283705,9,494
chr1,8316402,8318528,44,2126
chr1,8324380,8326594,26,2214
chr1,8328445,8330739,13,2294
chr1,8332214,8332923,8,709
chr1,8339794,8340914,6,1120
chr1,8349001,8350213,10,1212
chr1,8358460,8358621,11,161
chr1,8388293,8388412,7,119
chr1,8423222,8424634,74,1412
chr1,8446869,8446973,5,104
chr1,8513528,8515418,10,1890
chr1,8661482,8661540,5,58
chr1,8703058,8703647,44,589
chr1,8730403,8730435,7,32
chr1,8776371,8776812,8,441
chr1,8816975,8818059,69,1084
chr1,8870935,8871923,8,988
chr1,8876619,8879480,92,2861
chr1,8882235,8882555,5,320
chr1,8894837,8895591,7,754
chr1,8906662,8907000,7,338
chr1,8908600,8908664,6,64
chr1,8971276,8972443,7,1167
chr1,9004613,9005956,11,1343
chr1,9007854,9008419,13,565
chr1,9011245,9011842,8,597
chr1,9015075,9015460,11,385
chr1,9026855,9026987,6,132
chr1,9037634,9037842,5,208
chr1,9039045,9039933,23,888
chr1,9057566,9057944,5,378
chr1,9064392,9065467,9,1075
chr1,9071341,9072093,21,752
chr1,9103834,9104221,7,387
chr1,9119846,9120017,5,171
chr1,9127624,9129641,53,2017
chr1,9165463,9166160,10,697
chr1,9182066,9183723,40,1657
chr1,9198460,9199166,24,706
chr1,9201383,9202756,14,1373
chr1,9208618,9209337,7,719
chr1,9215810,9216091,6,281
chr1,9233297,9236149,42,2852
chr1,9245375,9245504,7,129
chr1,9246922,9247029,6,107
chr1,9250765,9252014,10,1249
chr1,9258146,9258718,9,572
chr1,9292441,9293783,120,1342
chr1,9313122,9313591,5,469
chr1,9316092,9318317,35,2225
chr1,9320330,9320846,7,516
chr1,9324187,9325198,11,1011
chr1,9330770,9331706,10,936
chr1,9333713,9334171,11,458
chr1,9338943,9340126,14,1183
chr1,9352334,9352919,7,585
chr1,9360941,9362132,13,1191
chr1,9377845,9377913,7,68
chr1,9397131,9398128,8,997
chr1,9404159,9404275,6,116
chr1,9416660,9418435,11,1775
chr1,9422220,9422651,5,431
chr1,9427868,9428147,8,279
chr1,9454471,9455087,5,616
chr1,9471909,9472812,7,903
chr1,9475144,9475500,9,356
chr1,9480318,9480920,5,602
chr1,9487057,9487756,5,699
chr1,9494656,9495732,12,1076
chr1,9501150,9502117,6,967
chr1,9503353,9503570,8,217
chr1,9511084,9511991,7,907
chr1,9515475,9515640,6,165
chr1,9522429,9524695,20,2266
chr1,9539385,9541885,63,2500
chr1,9561042,9561101,5,59
chr1,9577304,9578078,8,774
chr1,9582250,9582424,5,174
chr1,9588529,9590281,90,1752
chr1,9591629,9591828,5,199
chr1,9593564,9594039,8,475
chr1,9605111,9605262,7,151
chr1,9609003,9610946,20,1943
chr1,9612301,9613102,11,801
chr1,9620261,9620720,10,459
chr1,9628507,9630984,15,2477
chr1,9651801,9652841,75,1040
chr1,9654702,9655381,7,679
chr1,9665414,9665529,5,115
chr1,9673983,9675302,8,1319
chr1,9687406,9688100,19,694
chr1,9689328,9690755,46,1427
chr1,9704673,9704813,5,140
chr1,9723152,9723289,6,137
chr1,9729910,9731306,32,1396
chr1,9735147,9736115,20,968
chr1,9744530,9745153,13,623
chr1,9756903,9757073,8,170
chr1,9762409,9762732,8,323
chr1,9765554,9766616,7,1062
chr1,9773969,9774869,7,900
chr1,9806739,9807074,6,335
chr1,9823435,9824402,73,967
chr1,9829673,9829895,6,222
chr1,9835741,9838422,18,2681
chr1,9842974,9843238,8,264
chr1,9857096,9857415,6,319
chr1,9875124,9875478,10,354
chr1,9909646,9911865,66,2219
chr1,9942944,9943377,22,433
chr1,9948836,9949236,5,400
chr1,9972420,9973523,7,1103
chr1,9982480,9983376,6,896
chr1,9997245,9998500,47,1255
chr1,10003880,10004166,6,286
chr1,10031183,10032636,24,1453
chr1,10035457,10035836,7,379
chr1,10151980,10152155,6,175
chr1,10154167,10154342,7,175
chr1,10161145,10162108,8,963
chr1,10174250,10174352,6,102
chr1,10202121,10202327,5,206
chr1,10208940,10211216,68,2276
chr1,10332616,10333294,8,678
chr1,10390486,10390600,6,114
chr1,10398143,10400176,46,2033
chr1,10431187,10431247,5,60
chr1,10443027,10443502,7,475
chr1,10451488,10451539,6,51
chr1,10455581,10455654,6,73
chr1,10461856,10461947,5,91
chr1,10472306,10473579,41,1273
chr1,10474635,10475361,21,726
chr1,10491563,10491805,5,242
chr1,10563549,10563739,8,190
chr1,10600345,10600543,5,198
chr1,10630304,10631020,9,716
chr1,10635216,10636539,24,1323
chr1,10637559,10639957,111,2398
chr1,10641311,10642903,32,1592
chr1,10645048,10645102,5,54
chr1,10647823,10648143,14,320
chr1,10650091,10650933,14,842
chr1,10652346,10652408,6,62
chr1,10658482,10660024,15,1542
chr1,10665296,10666573,26,1277
chr1,10667901,10667982,5,81
chr1,10672268,10672489,11,221
chr1,10676249,10676896,6,647
chr1,10682289,10682468,6,179
chr1,10686947,10688393,12,1446
chr1,10689880,10690186,7,306
chr1,10693827,10695557,91,1730
chr1,10704342,10704850,30,508
chr1,10706027,10707400,22,1373
chr1,10708681,10709934,19,1253
chr1,10716336,10716594,5,258
chr1,10722929,10723015,6,86
chr1,10726350,10726558,7,208
chr1,10727944,10728778,12,834
chr1,10734990,10736460,18,1470
chr1,10737719,10739681,14,1962
chr1,10744875,10744947,6,72
chr1,10759286,10759388,5,102
chr1,10761769,10762057,6,288
chr1,10766590,10768121,11,1531
chr1,10773499,10775474,19,1975
chr1,10779239,10780471,7,1232
chr1,10793756,10796821,165,3065
chr1,10804500,10804643,5,143
chr1,10813849,10813975,7,126
chr1,10820264,10820995,11,731
chr1,10823229,10823320,7,91
chr1,10825103,10827556,18,2453
chr1,10828673,10830529,11,1856
chr1,10835214,10836059,28,845
chr1,10848934,10849249,7,315
chr1,10865705,10867958,31,2253
chr1,10888475,10889351,59,876
chr1,10895413,10895595,5,182
chr1,10898513,10898750,6,237
chr1,10900418,10902914,16,2496
chr1,10904072,10905937,17,1865
chr1,10915697,10915851,6,154
chr1,10916996,10917234,7,238
chr1,10936868,10938218,14,1350
chr1,10941935,10943095,13,1160
chr1,10945816,10946520,11,704
chr1,10948304,10948946,8,642
chr1,10961241,10961453,5,212
chr1,10966803,10967056,5,253
chr1,10976445,10977312,5,867
chr1,10980389,10980671,7,282
chr1,10982324,10983227,5,903
chr1,11010891,11011112,6,221
chr1,11012263,11013132,44,869
chr1,11032479,11032865,6,386
chr1,11044873,11045780,11,907
chr1,11048470,11048696,5,226
chr1,11052231,11054117,18,1886
chr1,11055260,11055781,6,521
chr1,11058454,11060049,51,1595
chr1,11061195,11061373,7,178
chr1,11066688,11067418,8,730
chr1,11095105,11096243,9,1138
chr1,11099563,11100954,32,1391
chr1,11119495,11119602,8,107
chr1,11193658,11193839,8,181
chr1,11238756,11239670,9,914
chr1,11261217,11262978,50,1761
chr1,11271257,11273928,33,2671
chr1,11320209,11320694,5,485
chr1,11322735,11323548,5,813
chr1,11328070,11328601,10,531
chr1,11352682,11354226,6,1544
chr1,11355476,11355720,6,244
chr1,11370260,11372395,15,2135
chr1,11386522,11386959,6,437
chr1,11399227,11399964,5,737
chr1,11404758,11404856,5,98
chr1,11478577,11480253,104,1676
chr1,11501404,11502085,19,681
chr1,11529878,11529958,7,80
chr1,11531007,11532790,11,1783
chr1,11534506,11534827,5,321
chr1,11545306,11545633,6,327
chr1,11563827,11564006,7,179
chr1,11568060,11568608,7,548
chr1,11569695,11569788,7,93
chr1,11585675,11585729,5,54
chr1,11620534,11620789,6,255
chr1,11626745,11627086,8,341
chr1,11633374,11634664,12,1290
chr1,11648320,11648961,18,641
chr1,11650668,11651231,19,563
chr1,11653181,11656114,50,2933
chr1,11662878,11665416,44,2538
chr1,11676281,11677971,6,1690
chr1,11680184,11681553,54,1369
chr1,11683895,11684824,5,929
chr1,11690837,11692758,73,1921
chr1,11701293,11701689,5,396
chr1,11713518,11713659,6,141
chr1,11716584,11717851,8,1267
chr1,11718993,11719849,24,856
chr1,11730779,11732093,8,1314
chr1,11736131,11737005,28,874
chr1,11747156,11748346,11,1190
chr1,11752211,11752563,9,352
chr1,11761830,11762105,7,275
chr1,11765683,11766721,5,1038
chr1,11775502,11776072,8,570
chr1,11784312,11785426,10,1114
chr1,11802962,11803332,10,370
chr1,11805234,11806408,45,1174
chr1,11836074,11837890,15,1816
chr1,11858246,11859319,36,1073
chr1,11865231,11865330,5,99
chr1,11878774,11879457,5,683
chr1,11883587,11884689,5,1102
chr1,11887051,11888154,6,1103
chr1,11889401,11889630,6,229
chr1,11895495,11896114,5,619
chr1,11897953,11899975,25,2022
chr1,11908861,11909466,14,605
chr1,11919056,11919131,5,75
chr1,11925968,11926549,54,581
chr1,11934544,11934930,17,386
chr1,11937127,11937620,11,493
chr1,11943344,11943457,7,113
chr1,11949267,11950460,5,1193
chr1,11971943,11972362,5,419
chr1,11976970,11977576,5,606
chr1,11979528,11980906,35,1378
chr1,11999950,12000013,6,63
chr1,12008489,12008572,7,83
chr1,12014389,12014595,5,206
chr1,12018667,12020776,72,2109
chr1,12023032,12023850,11,818
chr1,12040018,12040313,8,295
chr1,12041945,12042398,6,453
chr1,12063515,12063805,28,290
chr1,12078973,12079544,5,571
chr1,12104440,12104632,9,192
chr1,12124746,12126201,12,1455
chr1,12127747,12128174,5,427
chr1,12141596,12143799,21,2203
chr1,12167260,12167841,38,581
chr1,12179094,12180508,15,1414
chr1,12184479,12185515,8,1036
chr1,12191869,12191900,7,31
chr1,12207834,12208157,5,323
chr1,12229994,12231246,66,1252
chr1,12247796,12247956,5,160
chr1,12254872,12254988,5,116
chr1,12504675,12505276,6,601
chr1,12515827,12517264,5,1437
chr1,12520928,12521847,7,919
chr1,12540133,12540475,20,342
chr1,12558111,12558596,6,485
chr1,12576493,12577203,8,710
chr1,12580469,12581533,7,1064
chr1,12594371,12596342,66,1971
chr1,12615983,12619870,90,3887
chr1,12634394,12634611,6,217
chr1,12725189,12725369,6,180
chr1,12837630,12838087,6,457
chr1,12860676,12860775,5,99
chr1,13234817,13235119,8,302
chr1,13423124,13423211,8,87
chr1,13424227,13425549,6,1322
chr1,13439304,13439383,11,79
chr1,13443189,13444765,12,1576
chr1,13504235,13505407,7,1172
chr1,13513615,13514157,46,542
chr1,13525947,13526090,8,143
chr1,13530490,13530970,10,480
chr1,13540194,13541136,5,942
chr1,13543706,13543911,6,205
chr1,13554200,13555085,14,885
chr1,13563161,13563267,5,106
chr1,13583153,13584310,40,1157
chr1,13649121,13650140,7,1019
chr1,13700015,13701108,50,1093
chr1,13748773,13749888,76,1115
chr1,13768178,13768472,6,294
chr1,13780669,13780933,7,264
chr1,13798971,13799113,5,142
chr1,13820132,13820263,5,131
chr1,13892659,13893282,44,623
chr1,13901143,13902268,6,1125
chr1,14365066,14365363,12,297
chr1,14419625,14420766,18,1141
chr1,14433784,14434309,5,525
chr1,14573370,14573474,5,104
chr1,14596034,14596183,5,149
chr1,14598249,14599638,74,1389
chr1,14615208,14615738,5,530
chr1,14667753,14668848,5,1095
chr1,14707568,14707963,5,395
chr1,14733556,14734228,9,672
chr1,14735671,14736033,8,362
chr1,14769457,14769880,6,423
chr1,14801127,14801776,7,649
chr1,14923745,14925541,113,1796
chr1,14927301,14928277,8,976
chr1,14930221,14930657,5,436
chr1,14946217,14947357,9,1140
chr1,14949972,14950120,7,148
chr1,14971322,14971956,13,634
chr1,14976476,14976595,7,119
chr1,15020920,15021636,6,716
chr1,15032873,15032976,6,103
chr1,15046222,15046664,5,442
chr1,15056013,15056223,12,210
chr1,15060198,15060282,12,84
chr1,15094106,15095208,16,1102
chr1,15099065,15099801,7,736
chr1,15112440,15112656,9,216
chr1,15124279,15124799,6,520
chr1,15152486,15155045,106,2559
chr1,15192547,15193102,7,555
chr1,15207163,15207442,8,279
chr1,15247331,15247710,23,379
chr1,15315461,15315578,5,117
chr1,15324819,15325098,7,279
chr1,15346016,15346479,13,463
chr1,15361765,15361861,7,96
chr1,15372341,15372579,5,238
chr1,15374206,15375427,6,1221
chr1,15384862,15384954,7,92
chr1,15409538,15410631,64,1093
chr1,15411746,15411861,5,115
chr1,15416189,15416751,8,562
chr1,15427126,15427925,13,799
chr1,15429070,15430139,8,1069
chr1,15481747,15482322,9,575
chr1,15487301,15487436,7,135
chr1,15507003,15507196,8,193
chr1,15521081,15521384,10,303
chr1,15524058,15525383,28,1325
chr1,15527089,15527151,6,62
chr1,15583381,15584950,30,1569
chr1,15598935,15600087,18,1152
chr1,15606650,15606850,5,200
chr1,15617327,15619810,24,2483
chr1,15637410,15637460,5,50
chr1,15644928,15645023,6,95
chr1,15683731,15685077,69,1346
chr1,15686671,15686796,5,125
chr1,15731215,15731268,6,53
chr1,15741114,15743244,17,2130
chr1,15752681,15752885,6,204
chr1,15757872,15761151,82,3279
chr1,15780396,15781250,6,854
chr1,15782891,15784319,14,1428
chr1,15785559,15785900,6,341
chr1,15792189,15792940,13,751
chr1,15797271,15797365,5,94
chr1,15807471,15807610,5,139
chr1,15830842,15831015,10,173
chr1,15834833,15835265,20,432
chr1,15836287,15837627,24,1340
chr1,15847258,15849550,88,2292
chr1,15905290,15905764,7,474
chr1,15936164,15936474,9,310
chr1,15939570,15940013,7,443
chr1,15941962,15942413,6,451
chr1,15943436,15945858,31,2422
chr1,15949597,15949765,6,168
chr1,15974735,15977376,43,2641
chr1,16009009,16009925,11,916
chr1,16012904,16013679,27,775
chr1,16015615,16015699,12,84
chr1,16017204,16017974,20,770
chr1,16027235,16027389,6,154
chr1,16040739,16041029,10,290
chr1,16047629,16049925,12,2296
chr1,16064101,16064146,5,45
chr1,16072976,16073802,37,826
chr1,16113139,16114082,9,943
chr1,16123349,16124051,6,702
chr1,16144648,16146540,9,1892
chr1,16152072,16153296,6,1224
chr1,16154325,16156156,59,1831
chr1,16162066,16162881,14,815
chr1,16167036,16168800,47,1764
chr1,16174946,16176120,9,1174
chr1,16181447,16183829,17,2382
chr1,16206488,16208027,61,1539
chr1,16212547,16212730,5,183
chr1,16215320,16218193,26,2873
chr1,16226089,16227965,44,1876
chr1,16236645,16237235,34,590
chr1,16314740,16314840,6,100
chr1,16345771,16345931,5,160
chr1,16348558,16348625,6,67
chr1,16351989,16352974,33,985
chr1,16366984,16368380,35,1396
chr1,16389244,16389357,5,113
chr1,16409194,16409943,11,749
chr1,16439929,16441266,38,1337
chr1,16474320,16474710,12,390
chr1,16485596,16486630,7,1034
chr1,16498585,16500238,77,1653
chr1,16520459,16521357,8,898
chr1,16535043,16535649,14,606
chr1,16612115,16613813,65,1698
chr1,16624376,16625968,17,1592
chr1,16628486,16628534,5,48
chr1,16634686,16635131,6,445
chr1,16644328,16644921,58,593
chr1,16646374,16646434,6,60
chr1,16692468,16692939,14,471
chr1,16696590,16696721,11,131
chr1,16724427,16725323,18,896
chr1,16748825,16749086,13,261
chr1,16759298,16761096,14,1798
chr1,16764414,16766025,10,1611
chr1,16871129,16871226,7,97
chr1,16872317,16872946,21,629
chr1,16887506,16889875,24,2369
chr1,16896681,16896830,10,149
chr1,16904119,16905025,18,906
chr1,16913561,16914718,100,1157
chr1,16928525,16928912,5,387
chr1,16936668,16936734,6,66
chr1,16939093,16939205,7,112
chr1,16940411,16941503,18,1092
chr1,16961049,16961366,16,317
chr1,16966497,16966560,5,63
chr1,16978945,16980754,51,1809
chr1,16990268,16991042,5,774
chr1,16992277,16994953,22,2676
chr1,17002067,17003513,17,1446
chr1,17010892,17011992,40,1100
chr1,17031881,17032336,9,455
chr1,17053408,17055129,36,1721
chr1,17118788,17119952,35,1164
chr1,17122095,17122324,6,229
chr1,17149184,17149427,18,243
chr1,17193070,17193313,5,243
chr1,17336172,17336274,5,102
chr1,17346203,17347030,5,827
chr1,17360687,17361025,6,338
chr1,17408584,17409070,12,486
chr1,17418581,17418715,6,134
chr1,17427785,17427911,5,126
chr1,17430712,17430821,5,109
chr1,17432842,17433907,12,1065
chr1,17437273,17439624,110,2351
chr1,17458189,17458351,6,162
chr1,17460220,17460503,5,283
chr1,17520182,17521357,7,1175
chr1,17539293,17540861,68,1568
chr1,17569718,17569797,6,79
chr1,17573537,17574889,9,1352
chr1,17592787,17592854,6,67
chr1,17597296,17597388,5,92
chr1,17602200,17603772,14,1572
chr1,17607180,17608163,19,983
chr1,17622858,17623601,11,743
chr1,17643893,17645003,6,1110
chr1,17655940,17656113,9,173
chr1,17663070,17663138,6,68
chr1,17664509,17664725,6,216
chr1,17677054,17677466,6,412
chr1,17696987,17697091,7,104
chr1,17699935,17700348,6,413
chr1,17706320,17707044,8,724
chr1,17731719,17732289,10,570
chr1,17743135,17743406,5,271
chr1,17762181,17762862,8,681
chr1,17763899,17765879,11,1980
chr1,17767336,17767563,6,227
chr1,17819264,17819441,6,177
chr1,17949372,17949928,5,556
chr1,18043788,18044409,5,621
chr1,18055287,18055382,6,95
chr1,18058089,18058822,11,733
chr1,18060703,18061119,7,416
chr1,18080520,18080641,6,121
chr1,18107768,18110829,105,3061
chr1,18155590,18156849,7,1259
chr1,18175422,18176047,9,625
chr1,18190698,18191881,10,1183
chr1,18265621,18265813,5,192
chr1,18291336,18291455,5,119
chr1,18352402,18353245,6,843
chr1,18407348,18409002,18,1654
chr1,18482010,18483796,47,1786
chr1,18542570,18542916,5,346
chr1,18557276,18557940,7,664
chr1,18622139,18622538,5,399
chr1,18629027,18635222,145,6195
chr1,18636464,18637832,43,1368
chr1,18639595,18640891,28,1296
chr1,18642619,18644171,46,1552
chr1,18646407,18647188,62,781
chr1,18651865,18652376,5,511
chr1,18684636,18686108,14,1472
chr1,18698694,18698875,6,181
chr1,18703044,18703244,7,200
chr1,18717202,18717325,21,123
chr1,18724062,18724110,6,48
chr1,18728524,18728598,6,74
chr1,18731125,18731408,5,283
chr1,18777962,18779030,6,1068
chr1,18784042,18784398,7,356
chr1,18793356,18795357,9,2001
chr1,18817841,18819462,18,1621
chr1,18854482,18854936,13,454
chr1,18860176,18861308,8,1132
chr1,18867709,18868309,5,600
chr1,18875345,18876179,11,834
chr1,18881924,18883511,17,1587
chr1,18885588,18887321,13,1733
chr1,18901750,18903211,60,1461
chr1,18907453,18907670,7,217
chr1,18915981,18917351,18,1370
chr1,18927284,18928305,13,1021
chr1,18946663,18947727,9,1064
chr1,18949487,18950142,17,655
chr1,18955579,18957413,103,1834
chr1,19039514,19039694,6,180
chr1,19077269,19077413,6,144
chr1,19210015,19210967,51,952
chr1,19227927,19228192,7,265
chr1,19239909,19240026,5,117
chr1,19251191,19252653,22,1462
chr1,19273756,19274442,35,686
chr1,19287935,19289087,26,1152
chr1,19311520,19313000,55,1480
chr1,19320468,19320805,7,337
chr1,19325669,19326653,13,984
chr1,19328680,19328809,5,129
chr1,19343740,19345119,13,1379
chr1,19349976,19350058,5,82
chr1,19365758,19366644,5,886
chr1,19390656,19391139,7,483
chr1,19392723,19393608,6,885
chr1,19412753,19413006,5,253
chr1,19455002,19455159,5,157
chr1,19484446,19486229,16,1783
chr1,19513936,19514577,9,641
chr1,19560890,19561227,5,337
chr1,19596721,19597423,18,702
chr1,19624029,19624448,7,419
chr1,19634966,19635220,5,254
chr1,19637598,19637836,5,238
chr1,19643192,19645889,116,2697
chr1,19656889,19657742,10,853
chr1,19664570,19666480,63,1910
chr1,19673646,19674172,5,526
chr1,19742184,19742964,6,780
chr1,19799550,19800833,30,1283
chr1,19814494,19814641,8,147
chr1,19882143,19882839,53,696
chr1,19902127,19902298,6,171
chr1,19983751,19983797,5,46
chr1,20070257,20070388,8,131
chr1,20077632,20077912,5,280
chr1,20151857,20153255,13,1398
chr1,20185571,20186493,31,922
chr1,20211139,20211472,6,333
chr1,20310649,20311041,6,392
chr1,20336315,20336828,11,513
chr1,20343221,20344408,32,1187
chr1,20365262,20368496,50,3234
chr1,20400935,20401601,6,666
chr1,20409994,20410150,6,156
chr1,20448837,20449037,5,200
chr1,20475226,20477569,16,2343
chr1,20480263,20480400,5,137
chr1,20484129,20487173,151,3044
chr1,20493090,20494668,5,1578
chr1,20500048,20500970,9,922
chr1,20507936,20508174,24,238
chr1,20522809,20523174,7,365
chr1,20552428,20554424,99,1996
chr1,20556219,20556551,5,332
chr1,20575129,20576391,12,1262
chr1,20632428,20633903,30,1475
chr1,20644548,20644790,5,242
chr1,20652655,20652753,5,98
chr1,20660838,20663096,61,2258
chr1,20689191,20690322,10,1131
chr1,20695709,20697267,21,1558
chr1,20716769,20718260,29,1491
chr1,20731520,20733004,64,1484
chr1,20752176,20752387,8,211
chr1,20764745,20764831,5,86
chr1,20785702,20787430,55,1728
chr1,20916371,20916734,6,363
chr1,21147193,21148424,9,1231
chr1,21175257,21177342,61,2085
chr1,21218747,21220790,18,2043
chr1,21236573,21236636,5,63
chr1,21240304,21241862,6,1558
chr1,21279030,21279366,10,336
chr1,21289637,21290998,35,1361
chr1,21319020,21319472,8,452
chr1,21344752,21346116,72,1364
chr1,21348371,21348753,6,382
chr1,21397816,21398188,15,372
chr1,21428439,21429485,17,1046
chr1,21436739,21437946,8,1207
chr1,21439811,21440768,16,957
chr1,21468749,21468928,6,179
chr1,21508724,21509987,37,1263
chr1,21537827,21538595,13,768
chr1,21542439,21542696,9,257
chr1,21547685,21548191,11,506
chr1,21551044,21551886,11,842
chr1,21562812,21564236,13,1424
chr1,21573361,21575530,18,2169
chr1,21593756,21593931,8,175
chr1,21597852,21598055,6,203
chr1,21603523,21604181,17,658
chr1,21607911,21608365,24,454
chr1,21619259,21619365,8,106
chr1,21620419,21620711,7,292
chr1,21622284,21622737,29,453
chr1,21633627,21634058,7,431
chr1,21639771,21639837,6,66
chr1,21651896,21653035,25,1139
chr1,21659393,21659608,27,215
chr1,21668429,21670750,50,2321
chr1,21764363,21765573,9,1210
chr1,21780835,21783630,28,2795
chr1,21809694,21810675,14,981
chr1,21814491,21814937,22,446
chr1,21823296,21824247,12,951
chr1,21832495,21833085,9,590
chr1,21836862,21836960,5,98
chr1,21841092,21843366,14,2274
chr1,21847920,21848421,14,501
chr1,21849913,21850163,7,250
chr1,21851608,21851862,8,254
chr1,21854871,21854970,7,99
chr1,21857075,21857323,5,248
chr1,21864947,21864981,5,34
chr1,21878206,21878789,8,583
chr1,21884578,21884794,8,216
chr1,21887415,21887546,8,131
chr1,21903860,21904843,14,983
chr1,21906252,21906406,7,154
chr1,21915027,21915122,5,95
chr1,21920452,21921688,9,1236
chr1,21927059,21929985,11,2926
chr1,21931252,21931540,6,288
chr1,21933299,21934258,12,959
chr1,21937222,21938199,62,977
chr1,21942944,21943701,8,757
chr1,21980955,21981818,7,863
chr1,22022789,22023153,6,364
chr1,22024417,22026656,31,2239
chr1,22051166,22053258,53,2092
chr1,22142283,22143914,130,1631
chr1,22182838,22183137,6,299
chr1,22185304,22186180,13,876
chr1,22208705,22208815,7,110
chr1,22212839,22212889,5,50
chr1,22256089,22257875,9,1786
chr1,22269262,22270367,8,1105
chr1,22285392,22286436,6,1044
chr1,22297379,22297814,8,435
chr1,22318594,22318750,8,156
chr1,22331433,22331890,6,457
chr1,22341171,22343118,18,1947
chr1,22379610,22379904,5,294
chr1,22428774,22429602,10,828
chr1,22451346,22452359,22,1013
chr1,22526270,22526410,5,140
chr1,22563231,22564294,64,1063
chr1,22583045,22584231,7,1186
chr1,22588441,22588679,6,238
chr1,22591758,22592026,5,268
chr1,22593602,22593647,5,45
chr1,22597378,22597858,16,480
chr1,22599025,22599069,5,44
chr1,22618149,22619995,13,1846
chr1,22628916,22630570,9,1654
chr1,22638847,22639097,9,250
chr1,22643769,22644149,7,380
chr1,22661045,22661412,9,367
chr1,22663252,22663677,5,425
chr1,22673697,22673842,5,145
chr1,22676247,22677199,15,952
chr1,22710245,22711748,97,1503
chr1,22739906,22740058,6,152
chr1,22809085,22809262,5,177
chr1,22869974,22870758,5,784
chr1,22886814,22886949,5,135
chr1,22906814,22906955,6,141
chr1,22913425,22913624,5,199
chr1,22915980,22916565,5,585
chr1,22952628,22953806,42,1178
chr1,22955047,22955454,5,407
chr1,23019447,23020397,56,950
chr1,23115531,23115633,6,102
chr1,23167754,23169297,51,1543
chr1,23177653,23177767,16,114
chr1,23193099,23193464,8,365
chr1,23216631,23218619,84,1988
chr1,23225409,23226614,10,1205
chr1,23241174,23241369,7,195
chr1,23300684,23300958,8,274
chr1,23335118,23336254,7,1136
chr1,23343753,23347082,106,3329
chr1,23355063,23355151,5,88
chr1,23367083,23370086,32,3003
chr1,23377984,23378287,5,303
chr1,23387099,23387558,5,459
chr1,23393944,23394849,8,905
chr1,23397476,23397796,5,320
chr1,23403859,23404098,9,239
chr1,23406779,23407240,6,461
chr1,23423863,23424936,41,1073
chr1,23436694,23437524,27,830
chr1,23483501,23485647,51,2146
chr1,23489044,23489977,5,933
chr1,23530703,23531561,76,858
chr1,23541536,23541742,6,206
chr1,23546405,23546540,5,135
chr1,23551417,23551840,7,423
chr1,23553990,23555371,60,1381
chr1,23558379,23559691,45,1312
chr1,23562413,23563511,8,1098
chr1,23568206,23568735,36,529
chr1,23571274,23571380,5,106
chr1,23583066,23583457,8,391
chr1,23584830,23586294,8,1464
chr1,23628136,23629231,10,1095
chr1,23637081,23637602,10,521
chr1,23690975,23692120,24,1145
chr1,23709117,23709415,5,298
chr1,23743323,23744546,59,1223
chr1,23746212,23746283,5,71
chr1,23766299,23767397,9,1098
chr1,23788376,23788467,8,91
chr1,23791216,23791796,11,580
chr1,23799890,23801486,42,1596
chr1,23809293,23809380,7,87
chr1,23825161,23825716,19,555
chr1,23839441,23839503,5,62
chr1,23857621,23857768,5,147
chr1,23867815,23868832,60,1017
chr1,23877559,23877875,8,316
chr1,23902660,23903177,36,517
chr1,23928096,23928165,8,69
chr1,23941342,23941959,5,617
chr1,23945537,23945737,5,200
chr1,23959099,23960204,66,1105
chr1,23979953,23980271,17,318
chr1,24071117,24071236,6,119
chr1,24089614,24091154,15,1540
chr1,24092207,24092295,5,88
chr1,24156976,24157044,6,68
chr1,24163053,24163121,6,68
chr1,24187051,24187810,47,759
chr1,24206298,24207559,12,1261
chr1,24241290,24241724,7,434
chr1,24259406,24259621,7,215
chr1,24320667,24322952,45,2285
chr1,24355986,24356400,6,414
chr1,24413585,24414185,17,600
chr1,24486135,24486353,6,218
chr1,24501907,24503387,108,1480
chr1,24532873,24533094,5,221
chr1,24555375,24556563,32,1188
chr1,24629379,24629880,8,501
chr1,24641995,24643663,83,1668
chr1,24652490,24652549,5,59
chr1,24669394,24670269,10,875
chr1,24696994,24697068,5,74
chr1,24721546,24722996,12,1450
chr1,24744231,24747939,79,3708
chr1,24813504,24813714,5,210
chr1,24833807,24833855,6,48
chr1,24847916,24848716,17,800
chr1,24861035,24861152,5,117
chr1,24869865,24871130,11,1265
chr1,24901833,24902853,16,1020
chr1,24904093,24904969,7,876
chr1,24911631,24911905,13,274
chr1,24914386,24914538,11,152
chr1,24916024,24916388,7,364
chr1,24920408,24922099,10,1691
chr1,24928390,24932749,202,4359
chr1,24943007,24943138,5,131
chr1,24981789,24982550,6,761
chr1,25001367,25001530,6,163
chr1,25022442,25022623,8,181
chr1,25043334,25043479,5,145
chr1,25057778,25058332,6,554
chr1,25065721,25065834,6,113
chr1,25146587,25146866,13,279
chr1,25152844,25152961,5,117
chr1,25188353,25188470,6,117
chr1,25197252,25199220,9,1968
chr1,25232084,25233007,36,923
chr1,25239740,25239840,6,100
chr1,25246043,25247926,102,1883
chr1,25338345,25338950,27,605
chr1,25430068,25431980,96,1912
chr1,25530228,25531265,11,1037
chr1,25543516,25544436,48,920
chr1,25549340,25549700,7,360
chr1,25568398,25570577,14,2179
chr1,25573464,25573748,5,284
chr1,25580731,25581757,7,1026
chr1,25608300,25608598,5,298
chr1,25616044,25618242,135,2198
chr1,25656392,25657460,6,1068
chr1,25769759,25769818,6,59
chr1,25771564,25771901,14,337
chr1,25778137,25778826,8,689
chr1,25792260,25792729,6,469
chr1,25799742,25800615,38,873
chr1,25809038,25810748,26,1710
chr1,25819931,25820674,59,743
chr1,25853938,25854067,5,129
chr1,25857787,25859728,35,1941
chr1,25875069,25876123,41,1054
chr1,25882025,25882252,5,227
chr1,25905552,25907105,64,1553
chr1,25922727,25923317,48,590
chr1,25992831,25992893,5,62
chr1,25997561,25997944,8,383
chr1,26035056,26036340,49,1284
chr1,26045407,26046679,56,1272
chr1,26094858,26094959,5,101
chr1,26111376,26112575,79,1199
chr1,26140421,26142286,12,1865
chr1,26161100,26162858,77,1758
chr1,26164244,26164700,51,456
chr1,26169916,26171968,19,2052
chr1,26174693,26174729,5,36
chr1,26187872,26189203,5,1331
chr1,26225279,26225837,13,558
chr1,26233812,26234462,27,650
chr1,26280130,26280381,10,251
chr1,26282164,26282915,6,751
chr1,26287065,26288240,6,1175
chr1,26336110,26337253,33,1143
chr1,26343883,26344298,6,415
chr1,26345719,26346150,6,431
chr1,26357141,26357615,6,474
chr1,26359943,26361689,42,1746
chr1,26390745,26391097,8,352
chr1,26396109,26396171,5,62
chr1,26408081,26412614,56,4533
chr1,26423166,26424386,8,1220
chr1,26431458,26432225,15,767
chr1,26435256,26435707,7,451
chr1,26451616,26451907,7,291
chr1,26470366,26471473,7,1107
chr1,26472505,26473308,39,803
chr1,26500706,26501268,49,562
chr1,26513546,26514022,6,476
chr1,26529024,26530266,75,1242
chr1,26539786,26539956,5,170
chr1,26555539,26555670,7,131
chr1,26600362,26601481,7,1119
chr1,26620360,26621121,26,761
chr1,26622145,26623074,12,929
chr1,26637271,26637467,5,196
chr1,26643523,26643595,5,72
chr1,26648975,26649214,6,239
chr1,26693019,26698066,154,5047
chr1,26719865,26720079,5,214
chr1,26738116,26738973,6,857
chr1,26770682,26770841,5,159
chr1,26780090,26780380,5,290
chr1,26787876,26788317,35,441
chr1,26804824,26805231,7,407
chr1,26826543,26828071,28,1528
chr1,26856762,26857167,6,405
chr1,26863023,26863620,9,597
chr1,26864628,26865804,44,1176
chr1,26889984,26890825,32,841
chr1,26897536,26897698,6,162
chr1,26899811,26900849,35,1038
chr1,26903935,26903967,5,32
chr1,26921669,26922070,41,401
chr1,26959624,26960609,35,985
chr1,26989517,26990239,7,722
chr1,26992670,26995864,69,3194
chr1,26997918,26998105,5,187
chr1,27012430,27013809,41,1379
chr1,27031704,27032774,8,1070
chr1,27052359,27053448,6,1089
chr1,27056092,27056623,7,531
chr1,27100031,27100752,12,721
chr1,27154384,27155050,17,666
chr1,27176944,27177412,13,468
chr1,27191199,27191543,9,344
chr1,27201394,27201437,5,43
chr1,27205018,27205142,6,124
chr1,27211380,27212182,6,802
chr1,27232507,27232739,6,232
chr1,27234928,27235288,22,360
chr1,27322131,27322421,22,290
chr1,27343133,27344589,12,1456
chr1,27349443,27351398,68,1955
chr1,27356417,27357939,35,1522
chr1,27360719,27361204,38,485
chr1,27362973,27363442,5,469
chr1,27365586,27367260,51,1674
chr1,27382703,27383340,10,637
chr1,27391703,27393033,25,1330
chr1,27399689,27399793,5,104
chr1,27489426,27491119,37,1693
chr1,27502275,27502577,5,302
chr1,27519433,27519974,6,541
chr1,27527853,27529193,34,1340
chr1,27547766,27551632,36,3866
chr1,27555963,27557327,8,1364
chr1,27567289,27568770,24,1481
chr1,27575362,27576368,56,1006
chr1,27597130,27597646,5,516
chr1,27601906,27605014,83,3108
chr1,27614821,27615704,20,883
chr1,27631873,27632229,7,356
chr1,27633639,27634502,50,863
chr1,27636322,27636602,5,280
chr1,27659852,27660246,38,394
chr1,27667792,27667841,7,49
chr1,27669376,27669539,5,163
chr1,27675342,27675434,6,92
chr1,27723475,27726310,27,2835
chr1,27740850,27741088,5,238
chr1,27772855,27773432,18,577
chr1,27830794,27831156,24,362
chr1,27864752,27865204,7,452
chr1,27870841,27873191,28,2350
chr1,27893502,27893731,6,229
chr1,27914128,27914595,16,467
chr1,27959454,27960535,45,1081
chr1,27965528,27967084,6,1556
chr1,28061789,28061894,6,105
chr1,28088493,28089097,21,604
chr1,28097468,28097890,7,422
chr1,28153812,28153968,5,156
chr1,28167814,28168266,13,452
chr1,28175207,28175369,5,162
chr1,28232738,28233778,17,1040
chr1,28235474,28236684,12,1210
chr1,28246701,28247394,22,693
chr1,28259110,28260727,84,1617
chr1,28315155,28315694,5,539
chr1,28328859,28329533,29,674
chr1,28336523,28338242,15,1719
chr1,28356814,28358449,9,1635
chr1,28366967,28370169,36,3202
chr1,28433646,28433941,7,295
chr1,28440233,28440481,5,248
chr1,28473012,28473200,7,188
chr1,28505058,28507686,29,2628
chr1,28517845,28518744,46,899
chr1,28530634,28531908,17,1274
chr1,28533395,28533457,5,62
chr1,28544898,28545898,9,1000
chr1,28552026,28553566,17,1540
chr1,28572883,28573721,12,838
chr1,28581570,28582081,40,511
chr1,28592014,28593716,23,1702
chr1,28634853,28635466,6,613
chr1,28638578,28638884,6,306
chr1,28642466,28643576,28,1110
chr1,28648208,28648332,12,124
chr1,28649390,28650178,6,788
chr1,28669109,28669395,12,286
chr1,28671676,28672306,9,630
chr1,28678971,28679898,6,927
chr1,28701029,28701362,6,333
chr1,28715320,28715442,7,122
chr1,28720874,28721338,6,464
chr1,28728581,28728630,5,49
chr1,28736177,28737740,58,1563
chr1,28767718,28768029,7,311
chr1,28771138,28771206,5,68
chr1,28775320,28775383,9,63
chr1,28776554,28777610,9,1056
chr1,28781275,28781430,5,155
chr1,28784552,28785556,8,1004
chr1,28811401,28813325,44,1924
chr1,28814511,28816174,14,1663
chr1,28858062,28858206,8,144
chr1,28863262,28863428,8,166
chr1,28870431,28871584,11,1153
chr1,28886721,28888961,59,2240
chr1,28914303,28914883,53,580
chr1,29121327,29126860,188,5533
chr1,29130364,29131393,7,1029
chr1,29132816,29133052,8,236
chr1,29134260,29134796,23,536
chr1,29137316,29138921,11,1605
chr1,29148612,29149173,11,561
chr1,29173238,29173542,5,304
chr1,29181217,29182197,81,980
chr1,29204143,29204258,5,115
chr1,29230782,29231070,8,288
chr1,29236089,29238611,176,2522
chr1,29259712,29260209,17,497
chr1,29312572,29312717,7,145
chr1,29550751,29550986,6,235
chr1,29681750,29681897,5,147
chr1,29688712,29689517,5,805
chr1,29698774,29699224,8,450
chr1,29703824,29703982,6,158
chr1,29706825,29707275,9,450
chr1,29767272,29767439,8,167
chr1,29802113,29802407,5,294
chr1,29846088,29846137,5,49
chr1,29859332,29859414,5,82
chr1,29991274,29991838,8,564
chr1,30057380,30057637,5,257
chr1,30062998,30063108,5,110
chr1,30065147,30065433,7,286
chr1,30086091,30086372,16,281
chr1,30089118,30089224,6,106
chr1,30111505,30111607,7,102
chr1,30225450,30225912,5,462
chr1,30242120,30242265,5,145
chr1,30244935,30245124,6,189
chr1,30246597,30247663,17,1066
chr1,30259834,30260023,5,189
chr1,30285265,30285601,11,336
chr1,30342304,30342846,10,542
chr1,30685081,30685567,39,486
chr1,30717747,30719679,39,1932
chr1,30721610,30721739,5,129
chr1,30726985,30727222,5,237
chr1,30757033,30757344,7,311
chr1,30767952,30768460,6,508
chr1,30773952,30774908,5,956
chr1,30798629,30798889,5,260
chr1,30805327,30806248,6,921
chr1,30807280,30807664,27,384
chr1,30810679,30810808,5,129
chr1,30816231,30816314,5,83
chr1,30824084,30824531,18,447
chr1,30831288,30831757,8,469
chr1,30847561,30847706,5,145
chr1,30862773,30863140,8,367
chr1,30882842,30884223,10,1381
chr1,30907863,30909074,89,1211
chr1,30925052,30925474,6,422
chr1,31030073,31030707,7,634
chr1,31052828,31052860,5,32
chr1,31064963,31065993,22,1030
chr1,31100124,31100458,9,334
chr1,31102008,31102217,5,209
chr1,31112263,31112490,7,227
chr1,31113496,31113566,6,70
chr1,31119302,31119370,5,68
chr1,31123959,31124257,8,298
chr1,31141745,31141949,5,204
chr1,31145005,31145242,5,237
chr1,31154874,31157338,50,2464
chr1,31163199,31163722,5,523
chr1,31181681,31182219,7,538
chr1,31192391,31192642,5,251
chr1,31193650,31194499,5,849
chr1,31204508,31205173,5,665
chr1,31238875,31239818,35,943
chr1,31296668,31297373,9,705
chr1,31332880,31333294,5,414
chr1,31373088,31374284,12,1196
chr1,31394808,31394970,13,162
chr1,31412959,31414233,86,1274
chr1,31432875,31434588,11,1713
chr1,31524297,31524749,10,452
chr1,31536418,31536635,5,217
chr1,31575356,31576560,10,1204
chr1,31587079,31587102,5,23
chr1,31588243,31590299,39,2056
chr1,31617129,31618296,28,1167
chr1,31623186,31623433,5,247
chr1,31644251,31645557,19,1306
chr1,31670444,31670610,8,166
chr1,31678979,31679870,10,891
chr1,31682934,31684882,12,1948
chr1,31686884,31686991,5,107
chr1,31695042,31695196,6,154
chr1,31702196,31702411,5,215
chr1,31704100,31705261,5,1161
chr1,31714627,31716265,27,1638
chr1,31727478,31728314,11,836
chr1,31735331,31735433,5,102
chr1,31742079,31743127,11,1048
chr1,31754176,31754604,6,428
chr1,31760578,31761156,40,578
chr1,31762772,31764650,78,1878
chr1,31771936,31773011,45,1075
chr1,31788539,31789211,9,672
chr1,31793330,31794610,5,1280
chr1,31805084,31805428,8,344
chr1,31815098,31816110,6,1012
chr1,31825049,31825625,5,576
chr1,31840427,31840790,6,363
chr1,31851955,31851987,5,32
chr1,31937374,31939309,76,1935
chr1,31944347,31944826,27,479
chr1,31956994,31957746,9,752
chr1,31988222,31988381,5,159
chr1,32004606,32004711,6,105
chr1,32013800,32014682,30,882
chr1,32036272,32036329,5,57
chr1,32064400,32064724,6,324
chr1,32072640,32073134,43,494
chr1,32087242,32087345,5,103
chr1,32107459,32110133,21,2674
chr1,32115158,32115228,5,70
chr1,32132796,32133968,7,1172
chr1,32179377,32181508,62,2131
chr1,32182923,32183860,6,937
chr1,32200434,32201323,19,889
chr1,32205142,32206163,26,1021
chr1,32213539,32213815,10,276
chr1,32221955,32222713,26,758
chr1,32227563,32229643,9,2080
chr1,32240305,32241609,65,1304
chr1,32259261,32260104,6,843
chr1,32270688,32270772,5,84
chr1,32274355,32276032,34,1677
chr1,32287210,32289080,9,1870
chr1,32291892,32293307,38,1415
chr1,32311324,32311497,6,173
chr1,32327416,32327703,6,287
chr1,32335314,32336742,75,1428
chr1,32351327,32352205,52,878
chr1,32361034,32362504,73,1470
chr1,32377988,32378832,8,844
chr1,32393937,32394469,21,532
chr1,32419353,32419626,5,273
chr1,32426828,32427014,7,186
chr1,32446705,32447203,5,498
chr1,32463833,32465197,12,1364
chr1,32475313,32475478,6,165
chr1,32499972,32500954,58,982
chr1,32518204,32518270,7,66
chr1,32539194,32539877,41,683
chr1,32553810,32554124,7,314
chr1,32567620,32567748,7,128
chr1,32610283,32610682,7,399
chr1,32612300,32612545,13,245
chr1,32649767,32651431,24,1664
chr1,32673695,32675723,11,2028
chr1,32702381,32703164,43,783
chr1,32712251,32712785,26,534
chr1,32734629,32735361,15,732
chr1,32741590,32742388,75,798
chr1,32753222,32755012,55,1790
chr1,32760723,32760995,6,272
chr1,32765643,32766161,16,518
chr1,32769915,32770071,14,156
chr1,32771623,32771758,6,135
chr1,32804605,32804670,6,65
chr1,32817160,32818481,52,1321
chr1,32820306,32821210,5,904
chr1,32830123,32831004,5,881
chr1,32838258,32838430,7,172
chr1,32870070,32871057,59,987
chr1,32878449,32879162,6,713
chr1,32881592,32883314,9,1722
chr1,32886166,32887099,54,933
chr1,32893053,32893975,37,922
chr1,32900414,32903946,34,3532
chr1,32924198,32924983,11,785
chr1,32926201,32926272,6,71
chr1,32933444,32933550,5,106
chr1,32950901,32950932,5,31
chr1,32963574,32964974,60,1400
chr1,32972929,32973361,35,432
chr1,33074141,33074520,5,379
chr1,33080608,33082137,38,1529
chr1,33114211,33114446,5,235
chr1,33127253,33127596,10,343
chr1,33180543,33182143,79,1600
chr1,33255372,33257686,117,2314
chr1,33276520,33277824,18,1304
chr1,33295201,33295314,8,113
chr1,33299029,33300148,8,1119
chr1,33306782,33307496,41,714
chr1,33334203,33334572,9,369
chr1,33349650,33350447,29,797
chr1,33367943,33368190,9,247
chr1,33430402,33431020,32,618
chr1,33472399,33472829,27,430
chr1,33491300,33491411,5,111
chr1,33493294,33493384,6,90
chr1,33605314,33605483,6,169
chr1,33617514,33617595,5,81
chr1,33625006,33625214,14,208
chr1,33633408,33633456,5,48
chr1,33648151,33648286,5,135
chr1,33690795,33691291,6,496
chr1,33714447,33714797,12,350
chr1,34129576,34129757,6,181
chr1,34147182,34147528,5,346
chr1,34162715,34165247,60,2532
chr1,34166487,34167764,15,1277
chr1,34176828,34177190,25,362
chr1,34496747,34496953,6,206
chr1,34757516,34757673,7,157
chr1,34781158,34781708,30,550
chr1,34784856,34785063,5,207
chr1,34792895,34793112,19,217
chr1,34859202,34860112,37,910
chr1,34865862,34865946,9,84
chr1,34885023,34887115,41,2092
chr1,34904398,34904933,17,535
chr1,34928988,34931766,64,2778
chr1,34974058,34974913,5,855
chr1,34976101,34977111,26,1010
chr1,35031452,35031985,12,533
chr1,35049426,35049491,5,65
chr1,35079541,35080796,10,1255
chr1,35120731,35121408,22,677
chr1,35146339,35146546,10,207
chr1,35158043,35158926,7,883
chr1,35191916,35193030,57,1114
chr1,35207329,35208013,5,684
chr1,35268639,35269474,39,835
chr1,35272809,35273013,8,204
chr1,35494189,35494423,7,234
chr1,35521360,35521889,11,529
chr1,35557242,35558765,35,1523
chr1,35560461,35561033,7,572
chr1,35570835,35570973,5,138
chr1,35573402,35575029,51,1627
chr1,35641159,35643558,31,2399
chr1,35707667,35708371,41,704
chr1,35718751,35719252,45,501
chr1,35730492,35731114,10,622
chr1,35768573,35769927,23,1354
chr1,35805069,35805873,15,804
chr1,35807534,35808788,83,1254
chr1,35878152,35878331,5,179
chr1,35883062,35883820,47,758
chr1,35900834,35901074,6,240
chr1,35903935,35904198,5,263
chr1,35930823,35931402,66,579
chr1,36027278,36027773,5,495
chr1,36072966,36073246,5,280
chr1,36083954,36085223,46,1269
chr1,36088588,36089884,41,1296
chr1,36097894,36100317,17,2423
chr1,36124784,36126221,73,1437
chr1,36145979,36146389,7,410
chr1,36149036,36149768,46,732
chr1,36155499,36157084,61,1585
chr1,36176433,36176805,24,372
chr1,36178420,36178864,30,444
chr1,36184219,36185212,7,993
chr1,36201751,36202961,8,1210
chr1,36207481,36208514,5,1033
chr1,36210290,36210563,6,273
chr1,36215559,36215842,6,283
chr1,36222597,36225796,29,3199
chr1,36239094,36239290,5,196
chr1,36261457,36261704,5,247
chr1,36297868,36298660,5,792
chr1,36306113,36306958,41,845
chr1,36308551,36308705,5,154
chr1,36318765,36319796,5,1031
chr1,36320970,36323778,129,2808
chr1,36338837,36339907,7,1070
chr1,36341697,36341831,9,134
chr1,36343837,36343911,6,74
chr1,36366641,36366927,5,286
chr1,36384939,36385758,33,819
chr1,36397406,36398091,32,685
chr1,36400076,36400467,5,391
chr1,36420271,36421333,9,1062
chr1,36450211,36450681,36,470
chr1,36463818,36465207,38,1389
chr1,36482335,36483260,10,925
chr1,36494451,36495024,6,573
chr1,36540279,36541101,7,822
chr1,36560557,36561533,11,976
chr1,36595554,36596220,8,666
chr1,36649260,36649356,5,96
chr1,36703545,36705027,21,1482
chr1,36709547,36710278,10,731
chr1,36782023,36782115,5,92
chr1,36841815,36842838,6,1023
chr1,36982065,36982945,7,880
chr1,37010492,37010834,8,342
chr1,37032708,37035002,157,2294
chr1,37037780,37037929,7,149
chr1,37082964,37084171,12,1207
chr1,37318095,37318384,11,289
chr1,37323730,37324066,5,336
chr1,37400612,37400765,6,153
chr1,37434966,37435795,7,829
chr1,37455714,37455770,5,56
chr1,37474285,37475782,59,1497
chr1,37479639,37479865,8,226
chr1,37513962,37515343,39,1381
chr1,37540620,37540736,5,116
chr1,37553659,37554320,33,661
chr1,37585006,37585151,5,145
chr1,37612891,37613823,6,932
chr1,37630377,37630640,9,263
chr1,37633465,37635191,97,1726
chr1,37646554,37647496,5,942
chr1,37656622,37657683,9,1061
chr1,37659045,37659691,6,646
chr1,37689714,37690428,13,714
chr1,37691995,37692407,10,412
chr1,37718881,37719195,7,314
chr1,37720382,37720457,6,75
chr1,37730581,37730852,7,271
chr1,37734984,37735472,12,488
chr1,37752326,37754301,49,1975
chr1,37764308,37765747,43,1439
chr1,37793429,37795560,100,2131
chr1,37807538,37809012,60,1474
chr1,37859046,37859779,33,733
chr1,37875563,37876686,8,1123
chr1,37931473,37932461,20,988
chr1,37934921,37935260,8,339
chr1,37941862,37942152,6,290
chr1,37947012,37947942,9,930
chr1,37962527,37962667,6,140
chr1,37989226,37990904,46,1678
chr1,37995107,37996224,17,1117
chr1,37997458,37998311,8,853
chr1,38004855,38006809,70,1954
chr1,38012765,38012939,12,174
chr1,38027342,38027413,5,71
chr1,38044147,38047969,175,3822
chr1,38050913,38051150,5,237
chr1,38080063,38080119,5,56
chr1,38125994,38126811,5,817
chr1,38133963,38134553,16,590
chr1,38136288,38136519,9,231
chr1,38179505,38179618,5,113
chr1,38207517,38207615,5,98
chr1,38213412,38213864,5,452
chr1,38292128,38292469,11,341
chr1,38297343,38298461,5,1118
chr1,38355714,38356106,6,392
chr1,38433096,38433797,8,701
chr1,38476395,38476562,9,167
chr1,38533188,38533394,7,206
chr1,38559383,38560618,15,1235
chr1,38569902,38570545,5,643
chr1,38577194,38578845,34,1651
chr1,38607766,38608490,6,724
chr1,38624241,38624570,6,329
chr1,38747080,38747417,6,337
chr1,38783761,38784051,9,290
chr1,38796342,38796441,6,99
chr1,38804068,38804396,37,328
chr1,38813535,38813888,5,353
chr1,38816396,38816591,7,195
chr1,38817951,38819294,54,1343
chr1,38859181,38860032,46,851
chr1,38872846,38873610,38,764
chr1,38877658,38878633,6,975
chr1,38879787,38879819,5,32
chr1,38926764,38927144,6,380
chr1,38941731,38942097,6,366
chr1,38964835,38965166,9,331
chr1,38984299,38984627,7,328
chr1,38991112,38992399,44,1287
chr1,39026091,39027231,32,1140
chr1,39038847,39041101,15,2254
chr1,39048346,39048386,7,40
chr1,39073956,39074674,9,718
chr1,39080968,39082277,47,1309
chr1,39101748,39102092,5,344
chr1,39104952,39106512,57,1560
chr1,39121424,39121541,5,117
chr1,39149451,39149662,7,211
chr1,39161791,39162086,5,295
chr1,39175809,39176066,6,257
chr1,39208546,39208717,6,171
chr1,39259747,39259912,5,165
chr1,39337496,39337862,10,366
chr1,39388221,39389451,6,1230
chr1,39408421,39409401,92,980
chr1,39490016,39492054,75,2038
chr1,39514726,39514783,6,57
chr1,39557531,39558200,14,669
chr1,39559691,39559949,5,258
chr1,39563706,39563904,5,198
chr1,39575731,39577356,132,1625
chr1,39579684,39579955,5,271
chr1,39581433,39582137,11,704
chr1,39605165,39607307,23,2142
chr1,39609708,39610269,11,561
chr1,39626757,39626878,6,121
chr1,39632284,39633139,32,855
chr1,39639568,39640000,33,432
chr1,39671528,39672585,45,1057
chr1,39683713,39684380,10,667
chr1,39691320,39692404,45,1084
chr1,39696096,39696235,6,139
chr1,39738783,39738893,14,110
chr1,39771433,39771517,8,84
chr1,39788310,39789462,62,1152
chr1,39794302,39794532,6,230
chr1,39806550,39806620,5,70
chr1,39812147,39812754,7,607
chr1,39819698,39819737,5,39
chr1,39831397,39831761,7,364
chr1,39864533,39864624,5,91
chr1,39883305,39884557,27,1252
chr1,39888914,39889723,7,809
chr1,39900987,39902526,118,1539
chr1,39922484,39922681,16,197
chr1,39954000,39955451,36,1451
chr1,40039749,40041287,58,1538
chr1,40042436,40043491,6,1055
chr1,40084628,40085094,6,466
chr1,40097152,40097308,20,156
chr1,40150059,40150418,6,359
chr1,40161267,40162157,33,890
chr1,40169540,40169778,8,238
chr1,40177182,40177382,6,200
chr1,40185291,40185639,6,348
chr1,40198164,40198580,8,416
chr1,40257930,40258986,19,1056
chr1,40290257,40290553,5,296
chr1,40303084,40305160,43,2076
chr1,40311128,40312622,9,1494
chr1,40314213,40317331,78,3118
chr1,40337613,40338690,5,1077
chr1,40373713,40374264,16,551
chr1,40388089,40388201,5,112
chr1,40427064,40427168,7,104
chr1,40436849,40436885,5,36
chr1,40449934,40450399,33,465
chr1,40477083,40477768,42,685
chr1,40487768,40487995,9,227
chr1,40508359,40509295,49,936
chr1,40523001,40523108,5,107
chr1,40524199,40524304,5,105
chr1,40531489,40531754,22,265
chr1,40559195,40559275,11,80
chr1,40625344,40625996,5,652
chr1,40635988,40636021,5,33
chr1,40641826,40642217,9,391
chr1,40653732,40654426,15,694
chr1,40665407,40666202,19,795
chr1,40782508,40784547,53,2039
chr1,40802142,40802635,18,493
chr1,40817950,40819247,23,1297
chr1,40831106,40831314,5,208
chr1,40837635,40838220,9,585
chr1,40861334,40862248,66,914
chr1,40884489,40885643,6,1154
chr1,40913939,40914634,5,695
chr1,40963323,40963617,5,294
chr1,40979001,40980418,64,1417
chr1,41003910,41004084,6,174
chr1,41020430,41020573,8,143
chr1,41219679,41219756,5,77
chr1,41241272,41242701,77,1429
chr1,41283788,41284009,5,221
chr1,41306542,41306768,5,226
chr1,41324218,41324408,8,190
chr1,41342015,41342231,7,216
chr1,41361330,41362503,67,1173
chr1,41366193,41366414,16,221
chr1,41381582,41383464,84,1882
chr1,41456422,41457252,6,830
chr1,41494893,41496571,44,1678
chr1,41501733,41501925,10,192
chr1,41510828,41511205,7,377
chr1,41515252,41516812,29,1560
chr1,41582451,41583400,5,949
chr1,41661713,41663015,81,1302
chr1,41729838,41731136,9,1298
chr1,41739027,41739254,5,227
chr1,41917973,41918487,10,514
chr1,42034644,42037083,94,2439
chr1,42040370,42041260,12,890
chr1,42086823,42086868,5,45
chr1,42155542,42155584,6,42
chr1,42173502,42174232,6,730
chr1,42217453,42217572,5,119
chr1,42334311,42335698,49,1387
chr1,42354692,42354751,5,59
chr1,42380368,42381114,82,746
chr1,42455123,42456942,36,1819
chr1,42463248,42463582,20,334
chr1,42608559,42608621,7,62
chr1,42621635,42621778,9,143
chr1,42658332,42658361,5,29
chr1,42681805,42683476,85,1671
chr1,42719116,42719728,8,612
chr1,42722937,42723130,10,193
chr1,42748863,42749870,7,1007
chr1,42766133,42767574,63,1441
chr1,42784115,42785361,26,1246
chr1,42816994,42817247,9,253
chr1,42830512,42830923,13,411
chr1,42846613,42846973,14,360
chr1,42864254,42864286,5,32
chr1,42886846,42888010,29,1164
chr1,42917262,42917311,5,49
chr1,42923955,42925046,33,1091
chr1,42948787,42948891,5,104
chr1,42957867,42959843,87,1976
chr1,42977290,42977382,6,92
chr1,42988344,42988550,8,206
chr1,43007405,43008307,8,902
chr1,43032066,43032089,5,23
chr1,43066841,43068688,31,1847
chr1,43147479,43147823,17,344
chr1,43172380,43172661,10,281
chr1,43236034,43236284,5,250
chr1,43248410,43248967,5,557
chr1,43270675,43271059,6,384
chr1,43278965,43279059,5,94
chr1,43308988,43309664,5,676
chr1,43317324,43318027,7,703
chr1,43348556,43348710,5,154
chr1,43353383,43353642,7,259
chr1,43358796,43359083,21,287
chr1,43365167,43368267,51,3100
chr1,43369355,43369391,5,36
chr1,43389326,43390154,19,828
chr1,43423393,43424175,5,782
chr1,43427637,43428052,7,415
chr1,43453510,43454123,41,613
chr1,43530712,43532228,57,1516
chr1,43550315,43550435,9,120
chr1,43563102,43563647,7,545
chr1,43565635,43566214,23,579
chr1,43597755,43598001,13,246
chr1,43603732,43603792,6,60
chr1,43606569,43607030,11,461
chr1,43649393,43650869,23,1476
chr1,43706671,43707910,51,1239
chr1,43838007,43838296,7,289
chr1,43844668,43844743,7,75
chr1,43885376,43885440,5,64
chr1,43932038,43934509,45,2471
chr1,43936269,43936850,19,581
chr1,43946001,43947610,39,1609
chr1,43969770,43970383,24,613
chr1,43974523,43975508,71,985
chr1,43979028,43980928,95,1900
chr1,43984903,43985018,5,115
chr1,43991106,43992341,41,1235
chr1,43997552,43997889,9,337
chr1,44030147,44031116,45,969
chr1,44134253,44134328,7,75
chr1,44200164,44200358,5,194
chr1,44213420,44213851,15,431
chr1,44218701,44220212,11,1511
chr1,44238340,44238546,12,206
chr1,44305801,44306044,8,243
chr1,44355156,44355206,6,50
chr1,44372338,44372562,6,224
chr1,44405372,44410992,142,5620
chr1,44417575,44418579,38,1004
chr1,44423704,44424852,8,1148
chr1,44524242,44524472,6,230
chr1,44543030,44543657,13,627
chr1,44582681,44583066,10,385
chr1,44597688,44598573,6,885
chr1,44617168,44617520,29,352
chr1,44624756,44625539,6,783
chr1,44631732,44632453,34,721
chr1,44638252,44638335,5,83
chr1,44644734,44646374,12,1640
chr1,44660400,44660616,6,216
chr1,44673722,44674403,16,681
chr1,44722141,44722830,11,689
chr1,44725110,44726262,6,1152
chr1,44734192,44735357,5,1165
chr1,44738690,44738781,6,91
chr1,44739977,44740135,10,158
chr1,44751392,44752295,10,903
chr1,44774483,44774520,5,37
chr1,44775701,44776071,24,370
chr1,44784150,44784596,49,446
chr1,44786123,44786419,13,296
chr1,44799409,44800589,37,1180
chr1,44801646,44801736,6,90
chr1,44804741,44806494,23,1753
chr1,44808383,44810324,6,1941
chr1,44813447,44814645,22,1198
chr1,44818723,44820413,19,1690
chr1,44838006,44839276,7,1270
chr1,44843139,44843771,31,632
chr1,44880885,44881792,5,907
chr1,44986076,44987438,33,1362
chr1,45010248,45011288,64,1040
chr1,45012921,45013073,5,152
chr1,45021236,45022216,8,980
chr1,45054986,45055083,5,97
chr1,45204952,45207006,56,2054
chr1,45218890,45219010,5,120
chr1,45302779,45304868,49,2089
chr1,45326619,45327852,59,1233
chr1,45345057,45345250,7,193
chr1,45443494,45444035,7,541
chr1,45483001,45483522,8,521
chr1,45484592,45485415,23,823
chr1,45490769,45492155,20,1386
chr1,45499184,45500893,19,1709
chr1,45502797,45503312,6,515
chr1,45519989,45522807,37,2818
chr1,45527306,45527510,6,204
chr1,45549117,45549346,5,229
chr1,45550685,45551495,29,810
chr1,45559796,45560277,8,481
chr1,45582731,45584829,38,2098
chr1,45605623,45605870,5,247
chr1,45622639,45623019,18,380
chr1,45625190,45625287,7,97
chr1,45646130,45646648,8,518
chr1,45664268,45664771,7,503
chr1,45685928,45688187,64,2259
chr1,45749937,45750624,22,687
chr1,45802535,45804147,30,1612
chr1,45934252,45934311,5,59
chr1,46008299,46009215,8,916
chr1,46131378,46133379,68,2001
chr1,46166469,46167222,14,753
chr1,46174593,46176142,10,1549
chr1,46198311,46198487,19,176
chr1,46212341,46212669,6,328
chr1,46232381,46233379,6,998
chr1,46247740,46248283,17,543
chr1,46301462,46303977,94,2515
chr1,46305172,46305866,8,694
chr1,46311326,46311753,10,427
chr1,46313350,46314322,9,972
chr1,46321866,46321997,5,131
chr1,46331950,46332448,6,498
chr1,46339858,46342580,48,2722
chr1,46383226,46383548,6,322
chr1,46393999,46394609,26,610
chr1,46406643,46406675,5,32
chr1,46418733,46418809,5,76
chr1,46442821,46443064,5,243
chr1,46448185,46449000,47,815
chr1,46453176,46453312,6,136
chr1,46456181,46456281,5,100
chr1,46466405,46466679,29,274
chr1,46484754,46486036,16,1282
chr1,46488363,46491388,94,3025
chr1,46493138,46493800,6,662
chr1,46519885,46520700,7,815
chr1,46532961,46533309,31,348
chr1,46543948,46544306,14,358
chr1,46603981,46604201,17,220
chr1,46613011,46613242,19,231
chr1,46616438,46617179,18,741
chr1,46668008,46668451,33,443
chr1,46718440,46719371,44,931
chr1,46791831,46792013,7,182
chr1,47023329,47024104,17,775
chr1,47179241,47179902,8,661
chr1,47207006,47207294,7,288
chr1,47220059,47220132,7,73
chr1,47224768,47226426,26,1658
chr1,47227956,47232821,83,4865
chr1,47235534,47235627,7,93
chr1,47285646,47286035,12,389
chr1,47313255,47315481,23,2226
chr1,47319966,47320236,6,270
chr1,47333849,47334415,45,566
chr1,47342742,47343079,5,337
chr1,47416496,47417316,43,820
chr1,47433693,47434691,54,998
chr1,47436597,47439926,174,3329
chr1,47443553,47446306,66,2753
chr1,47449273,47450306,23,1033
chr1,47507835,47508662,41,827
chr1,47532777,47533844,44,1067
chr1,47555992,47556617,8,625
chr1,47578400,47578691,8,291
chr1,47593122,47593289,16,167
chr1,47614215,47614443,5,228
chr1,47638319,47638456,6,137
chr1,47642011,47642230,5,219
chr1,47687248,47688441,8,1193
chr1,47708365,47711589,122,3224
chr1,47725167,47726143,14,976
chr1,47771848,47772008,8,160
chr1,47887584,47887966,5,382
chr1,47915845,47915918,5,73
chr1,47986890,47987157,9,267
chr1,47993515,47994525,5,1010
chr1,47996482,47997829,62,1347
chr1,48089404,48090165,5,761
chr1,48471779,48473215,47,1436
chr1,48776057,48777111,25,1054
chr1,49347784,49348274,5,490
chr1,49479480,49479864,7,384
chr1,50023943,50024011,13,68
chr1,50275097,50275898,7,801
chr1,50326146,50326231,7,85
chr1,50332849,50333772,22,923
chr1,50368501,50368578,7,77
chr1,50415085,50416774,33,1689
chr1,50418306,50419655,33,1349
chr1,50421408,50423805,66,2397
chr1,50424973,50428025,71,3052
chr1,50430349,50430708,18,359
chr1,50691484,50691683,7,199
chr1,50959716,50961184,63,1468
chr1,50968471,50969747,97,1276
chr1,50977291,50979013,63,1722
chr1,50990531,50990719,5,188
chr1,51236284,51236823,33,539
chr1,51238348,51238822,5,474
chr1,51251379,51251413,5,34
chr1,51261811,51261948,5,137
chr1,51296474,51297703,19,1229
chr1,51329771,51330829,54,1058
chr1,51334427,51334519,6,92
chr1,51344398,51345054,21,656
chr1,51374338,51374432,5,94
chr1,51458486,51458593,8,107
chr1,51518186,51519416,56,1230
chr1,51573738,51574015,5,277
chr1,51603720,51604738,5,1018
chr1,51617288,51617671,6,383
chr1,51729187,51730148,40,961
chr1,51844668,51844722,5,54
chr1,51878275,51879219,41,944
chr1,51965376,51965561,8,185
chr1,51989718,51990979,69,1261
chr1,52019391,52019634,14,243
chr1,52032830,52033805,50,975
chr1,52055155,52056502,22,1347
chr1,52058762,52058889,5,127
chr1,52095716,52096121,13,405
chr1,52132888,52132997,5,109
chr1,52142037,52142958,51,921
chr1,52181965,52182014,6,49
chr1,52365729,52367201,47,1472
chr1,52368541,52368790,25,249
chr1,52404265,52405268,8,1003
chr1,52407207,52407251,5,44
chr1,52552444,52553729,70,1285
chr1,52602167,52602818,58,651
chr1,52632840,52633436,38,596
chr1,52662505,52663186,6,681
chr1,52697773,52698320,20,547
chr1,52720686,52721707,10,1021
chr1,52726436,52726536,9,100
chr1,52811899,52812256,5,357
chr1,52831089,52831317,6,228
chr1,52839510,52839757,5,247
chr1,52842612,52843778,51,1166
chr1,52858673,52859770,7,1097
chr1,52905041,52905130,5,89
chr1,52921566,52922187,26,621
chr1,52926820,52928228,48,1408
chr1,53013996,53015924,8,1928
chr1,53061650,53063496,61,1846
chr1,53069896,53070127,13,231
chr1,53071574,53071723,5,149
chr1,53077466,53078467,15,1001
chr1,53102170,53103401,11,1231
chr1,53120790,53121880,9,1090
chr1,53146299,53146402,6,103
chr1,53196819,53197734,25,915
chr1,53215061,53215212,5,151
chr1,53220592,53220654,8,62
chr1,53237605,53238944,16,1339
chr1,53276522,53277146,42,624
chr1,53290621,53290863,6,242
chr1,53296471,53296576,8,105
chr1,53319681,53320090,5,409
chr1,53322383,53323440,6,1057
chr1,53325932,53328120,148,2188
chr1,53371261,53371801,14,540
chr1,53375594,53377180,20,1586
chr1,53392648,53393469,13,821
chr1,53400630,53401015,8,385
chr1,53457239,53457447,7,208
chr1,53459708,53461585,55,1877
chr1,53470245,53470943,18,698
chr1,53484901,53485301,5,400
chr1,53498437,53501596,13,3159
chr1,53503630,53503678,5,48
chr1,53551169,53552271,6,1102
chr1,53574951,53575357,6,406
chr1,53594589,53594817,7,228
chr1,53606713,53606964,12,251
chr1,53687108,53688053,5,945
chr1,53693651,53693700,5,49
chr1,53737750,53739781,135,2031
chr1,53805930,53805990,6,60
chr1,53836424,53838231,16,1807
chr1,53889591,53889734,15,143
chr1,53945500,53946535,77,1035
chr1,53982571,53982735,5,164
chr1,53989579,53989877,5,298
chr1,54004453,54004627,6,174
chr1,54052735,54053107,17,372
chr1,54096360,54096411,5,51
chr1,54108896,54108936,5,40
chr1,54121307,54122382,18,1075
chr1,54152982,54153731,6,749
chr1,54200149,54200258,11,109
chr1,54235442,54235548,5,106
chr1,54243245,54243342,7,97
chr1,54247746,54248283,5,537
chr1,54252019,54253579,5,1560
chr1,54263291,54263396,6,105
chr1,54287647,54288974,7,1327
chr1,54296551,54297404,5,853
chr1,54308525,54308587,5,62
chr1,54335017,54335624,5,607
chr1,54343020,54343103,7,83
chr1,54352960,54353030,6,70
chr1,54356140,54356554,9,414
chr1,54390773,54390809,6,36
chr1,54405269,54407137,120,1868
chr1,54414634,54414828,9,194
chr1,54417575,54418489,6,914
chr1,54474772,54475618,28,846
chr1,54487661,54490348,63,2687
chr1,54499186,54502057,34,2871
chr1,54505975,54506006,5,31
chr1,54514092,54514289,6,197
chr1,54541417,54543048,47,1631
chr1,54584688,54584848,11,160
chr1,54671003,54671214,7,211
chr1,54715590,54715884,15,294
chr1,54764502,54764734,18,232
chr1,54780844,54781224,6,380
chr1,54800873,54801270,26,397
chr1,54806011,54806191,17,180
chr1,54887224,54887536,29,312
chr1,54918527,54919020,6,493
chr1,54980134,54981199,29,1065
chr1,54986171,54986242,6,71
chr1,54995863,54997129,15,1266
chr1,54998857,54999208,6,351
chr1,55018098,55019000,8,902
chr1,55039338,55040324,29,986
chr1,55045633,55046616,6,983
chr1,55063356,55063549,13,193
chr1,55090941,55091008,5,67
chr1,55214489,55215825,89,1336
chr1,56166906,56166942,5,36
chr1,56193222,56193355,5,133
chr1,56284371,56284620,5,249
chr1,56404862,56406222,8,1360
chr1,56477406,56477978,42,572
chr1,56495711,56496641,7,930
chr1,56578368,56580026,59,1658
chr1,56595150,56595314,6,164
chr1,56645100,56645909,51,809
chr1,56841119,56841345,5,226
chr1,56859994,56860209,5,215
chr1,57153118,57153150,5,32
chr1,57421983,57422624,34,641
chr1,57423993,57424171,7,178
chr1,57502038,57502147,6,109
chr1,57827858,57828038,5,180
chr1,58064822,58064883,6,61
chr1,58175274,58175435,5,161
chr1,58249378,58250506,61,1128
chr1,58396989,58397314,5,325
chr1,58450388,58450710,5,322
chr1,58545932,58547017,38,1085
chr1,58575586,58577536,78,1950
chr1,58624588,58624680,7,92
chr1,58699755,58700567,22,812
chr1,58782235,58785217,128,2982
chr1,58814380,58816559,67,2179
chr1,58903692,58904138,25,446
chr1,58922421,58922556,7,135
chr1,59107395,59107862,5,467
chr1,59296585,59297161,20,576
chr1,59814253,59815375,66,1122
chr1,59926468,59926612,6,144
chr1,60073602,60073809,13,207
chr1,60708907,60708975,5,68
chr1,61042907,61043609,55,702
chr1,61050326,61054218,112,3892
chr1,61057780,61058027,5,247
chr1,61076912,61078222,32,1310
chr1,61081717,61084310,90,2593
chr1,61101145,61101251,5,106
chr1,61184055,61184301,6,246
chr1,61341094,61341196,7,102
chr1,61492018,61494247,21,2229
chr1,61641282,61641969,10,687
chr1,61725003,61725078,5,75
chr1,61742298,61742828,34,530
chr1,62170612,62171094,6,482
chr1,62184400,62184575,5,175
chr1,62194106,62195991,38,1885
chr1,62220331,62221023,7,692
chr1,62295185,62295302,7,117
chr1,62318955,62319301,24,346
chr1,62327348,62327919,8,571
chr1,62348205,62348360,5,155
chr1,62435204,62437675,90,2471
chr1,62687867,62688832,72,965
chr1,62752799,62753530,8,731
chr1,62783066,62784223,16,1157
chr1,63074018,63074063,6,45
chr1,63195804,63195897,5,93
chr1,63270233,63270329,5,96
chr1,63284098,63284967,9,869
chr1,63292353,63292610,8,257
chr1,63316862,63318559,65,1697
chr1,63319639,63324485,189,4846
chr1,63326260,63327932,30,1672
chr1,63329693,63330439,16,746
chr1,63363621,63363814,6,193
chr1,63367376,63367684,29,308
chr1,63593137,63594601,61,1464
chr1,63615623,63615655,5,32
chr1,63670493,63671359,5,866
chr1,63773748,63775444,80,1696
chr1,64184921,64185122,5,201
chr1,64268580,64269054,11,474
chr1,64446267,64446299,5,32
chr1,64469412,64472398,73,2986
chr1,64505173,64505981,25,808
chr1,64602897,64603197,6,300
chr1,64691481,64691629,5,148
chr1,64744556,64745850,66,1294
chr1,64759365,64759609,10,244
chr1,64850999,64852146,9,1147
chr1,64957666,64958008,10,342
chr1,64965558,64966492,64,934
chr1,65002615,65003330,42,715
chr1,65066262,65068143,97,1881
chr1,65147544,65149178,105,1634
chr1,65254388,65256096,46,1708
chr1,65264668,65266098,34,1430
chr1,65309366,65310019,59,653
chr1,65311267,65311317,6,50
chr1,65420512,65420863,36,351
chr1,65525769,65526076,19,307
chr1,65791870,65793435,56,1565
chr1,65819562,65819594,5,32
chr1,65836044,65836237,6,193
chr1,66533253,66534001,8,748
chr1,66751845,66752822,28,977
chr1,66924331,66925876,34,1545
chr1,66930096,66930582,47,486
chr1,66979857,66979925,6,68
chr1,67053436,67054551,64,1115
chr1,67075940,67076047,5,107
chr1,67134735,67135024,15,289
chr1,67164354,67164489,5,135
chr1,67307680,67308433,46,753
chr1,67429629,67431410,35,1781
chr1,67684717,67686627,94,1910
chr1,67832841,67833446,26,605
chr1,68129074,68129192,6,118
chr1,68230948,68232838,57,1890
chr1,68242013,68243086,12,1073
chr1,68338735,68338874,6,139
chr1,68400212,68400270,5,58
chr1,68496925,68496975,5,50
chr1,68817739,68818747,9,1008
chr1,69312582,69312737,12,155
chr1,69567322,69568032,29,710
chr1,69919767,69919803,6,36
chr1,70221626,70221932,9,306
chr1,70255987,70256275,7,288
chr1,70277198,70277314,5,116
chr1,70338524,70339479,13,955
chr1,70351977,70352146,5,169
chr1,70353863,70354826,31,963
chr1,70410915,70410962,6,47
chr1,70419988,70420085,6,97
chr1,70510566,70510599,5,33
chr1,70706577,70706991,11,414
chr1,71046965,71047388,15,423
chr1,71080445,71081053,21,608
chr1,71759166,71759390,5,224
chr1,71917634,71918044,7,410
chr1,72096753,72096817,5,64
chr1,72127214,72127380,6,166
chr1,72282098,72284513,64,2415
chr1,72593647,72593766,5,119
chr1,72756825,72756948,9,123
chr1,72983106,72983242,6,136
chr1,73005940,73006054,7,114
chr1,74197811,74198377,27,566
chr1,74733308,74733497,10,189
chr1,74952191,74952228,6,37
chr1,75124740,75125798,28,1058
chr1,75129846,75133144,48,3298
chr1,75134961,75137240,58,2279
chr1,75536525,75536557,5,32
chr1,75573047,75573258,5,211
chr1,75614991,75616568,54,1577
chr1,75724269,75725044,37,775
chr1,75765411,75765478,5,67
chr1,75786218,75787537,7,1319
chr1,75795433,75795498,5,65
chr1,75797038,75797206,8,168
chr1,75888995,75889055,5,60
chr1,76112392,76112507,8,115
chr1,76614575,76614771,6,196
chr1,76699613,76699941,6,328
chr1,76764934,76765411,6,477
chr1,76867522,76869193,57,1671
chr1,77219280,77219513,17,233
chr1,77280798,77283440,59,2642
chr1,77486622,77486790,5,168
chr1,77497185,77497369,8,184
chr1,77515586,77515772,6,186
chr1,77531929,77533344,13,1415
chr1,77681752,77683497,28,1745
chr1,77759204,77759951,31,747
chr1,77779065,77779635,6,570
chr1,77888081,77889027,28,946
chr1,77915485,77915521,5,36
chr1,77978776,77979588,26,812
chr1,78045894,78046633,33,739
chr1,78491108,78491530,18,422
chr1,78492606,78492822,6,216
chr1,78748670,78750096,9,1426
chr1,79006222,79006851,7,629
chr1,79270127,79270449,6,322
chr1,79360853,79361060,5,207
chr1,79517180,79517245,6,65
chr1,79594121,79594457,14,336
chr1,79672687,79672748,5,61
chr1,80330101,80330196,6,95
chr1,80507478,80507510,5,32
chr1,81099120,81099314,6,194
chr1,81303107,81303158,5,51
chr1,81501602,81501676,11,74
chr1,81525262,81525386,5,124
chr1,81527636,81527991,10,355
chr1,81557664,81557770,7,106
chr1,81632481,81632713,10,232
chr1,81800323,81802903,80,2580
chr1,82077743,82078067,5,324
chr1,82267505,82267659,5,154
chr1,82507502,82507793,6,291
chr1,83343734,83343996,5,262
chr1,83860779,83861072,22,293
chr1,83998848,83999262,46,414
chr1,84077754,84078577,43,823
chr1,84282292,84282400,6,108
chr1,84298499,84299160,44,661
chr1,84479184,84479522,14,338
chr1,84505321,84506996,80,1675
chr1,84574310,84574514,22,204
chr1,84619095,84621071,33,1976
chr1,84690138,84691037,81,899
chr1,84746678,84746995,6,317
chr1,84754447,84754649,13,202
chr1,84892854,84894435,28,1581
chr1,84996562,84998250,50,1688
chr1,85047274,85048854,95,1580
chr1,85200476,85201879,92,1403
chr1,85211099,85211204,6,105
chr1,85259189,85259511,17,322
chr1,85276434,85276911,24,477
chr1,85464646,85465478,83,832
chr1,85576652,85577546,64,894
chr1,85580817,85580958,23,141
chr1,85616101,85616339,24,238
chr1,85708359,85708673,22,314
chr1,85718383,85718581,5,198
chr1,86156248,86157187,29,939
chr1,86182778,86182857,5,79
chr1,86250470,86250724,5,254
chr1,86395033,86396656,30,1623
chr1,86474478,86474651,5,173
chr1,86504264,86504315,5,51
chr1,86704193,86705331,40,1138
chr1,86914648,86915803,46,1155
chr1,87131960,87132780,33,820
chr1,87151474,87152017,17,543
chr1,87294325,87294589,7,264
chr1,87328211,87329426,61,1215
chr1,87330564,87332151,49,1587
chr1,87335160,87335559,30,399
chr1,87510927,87511121,7,194
chr1,87621614,87621802,8,188
chr1,87742523,87742902,8,379
chr1,87826147,87826210,7,63
chr1,88035345,88035779,6,434
chr1,88179273,88180197,7,924
chr1,88462485,88463074,26,589
chr1,88467045,88467146,12,101
chr1,88657118,88657363,11,245
chr1,88684349,88685318,47,969
chr1,88843130,88843409,5,279
chr1,88891432,88891457,6,25
chr1,88924760,88925245,8,485
chr1,88992168,88993068,57,900
chr1,89088334,89088948,7,614
chr1,89128173,89128227,6,54
chr1,89197930,89198546,13,616
chr1,89303060,89303168,6,108
chr1,89524927,89525172,32,245
chr1,89609141,89609229,5,88
chr1,89633037,89634331,36,1294
chr1,89709812,89709844,5,32
chr1,89728171,89728316,6,145
chr1,89762365,89763973,14,1608
chr1,89820967,89822025,94,1058
chr1,89843438,89844405,21,967
chr1,89974010,89974049,5,39
chr1,89981662,89981759,6,97
chr1,89984896,89984933,6,37
chr1,89994841,89995761,41,920
chr1,90359667,90360060,6,393
chr1,90706582,90707666,35,1084
chr1,90711038,90711202,16,164
chr1,90712259,90712489,11,230
chr1,90717640,90719865,90,2225
chr1,90725540,90727155,39,1615
chr1,90729020,90729947,17,927
chr1,90835328,90836495,54,1167
chr1,90841427,90841513,5,86
chr1,90850992,90851791,31,799
chr1,91021772,91022196,25,424
chr1,91160286,91160426,5,140
chr1,91226746,91227380,9,634
chr1,91404457,91404781,37,324
chr1,91500293,91501771,23,1478
chr1,91592202,91592261,5,59
chr1,91670062,91670640,13,578
chr1,91885357,91886847,107,1490
chr1,91906260,91906293,5,33
chr1,91939283,91939578,5,295
chr1,91940864,91941408,6,544
chr1,91985174,91985724,7,550
chr1,92029874,92030406,33,532
chr1,92080211,92080401,17,190
chr1,92119727,92119867,6,140
chr1,92229380,92229517,6,137
chr1,92298969,92299537,21,568
chr1,92441964,92442004,7,40
chr1,92480769,92486976,166,6207
chr1,92770714,92770901,7,187
chr1,92784254,92785958,53,1704
chr1,92823276,92823575,5,299
chr1,92832109,92832724,34,615
chr1,92878676,92878736,5,60
chr1,92961061,92962090,66,1029
chr1,93040806,93041737,11,931
chr1,93079279,93079451,12,172
chr1,93085367,93085579,5,212
chr1,93170254,93170326,8,72
chr1,93179814,93181891,64,2077
chr1,93345666,93346733,38,1067
chr1,93448060,93448951,87,891
chr1,93587581,93589286,9,1705
chr1,93681117,93682715,72,1598
chr1,93741006,93741661,5,655
chr1,93846412,93847960,81,1548
chr1,93855752,93855932,11,180
chr1,93879010,93879478,27,468
chr1,93908842,93909863,60,1021
chr1,94064755,94065525,12,770
chr1,94102507,94102847,6,340
chr1,94104528,94105738,5,1210
chr1,94162339,94162371,5,32
chr1,94236934,94237753,56,819
chr1,94246751,94247889,62,1138
chr1,94418110,94419237,51,1127
chr1,94453197,94453411,6,214
chr1,94541389,94542489,73,1100
chr1,94599128,94599940,6,812
chr1,94820091,94820517,29,426
chr1,94854659,94854733,7,74
chr1,94925675,94927905,85,2230
chr1,95072626,95072928,15,302
chr1,95091603,95091684,5,81
chr1,95117110,95117968,45,858
chr1,95187873,95188214,9,341
chr1,95233527,95234716,7,1189
chr1,95870307,95870367,6,60
chr1,96268648,96268680,6,32
chr1,96519619,96519709,6,90
chr1,96694104,96694169,6,65
chr1,96721702,96722360,33,658
chr1,96739727,96739774,5,47
chr1,96762758,96762794,5,36
chr1,97583069,97583220,6,151
chr1,97587566,97588094,10,528
chr1,97920789,97921458,32,669
chr1,98045381,98045492,8,111
chr1,98053486,98054333,20,847
chr1,98661638,98662085,28,447
chr1,99004024,99005381,62,1357
chr1,99182369,99182462,5,93
chr1,99264503,99264863,14,360
chr1,99378397,99378788,7,391
chr1,99765525,99765819,10,294
chr1,99767525,99767880,9,355
chr1,99788115,99788244,5,129
chr1,99849541,99850271,33,730
chr1,99896868,99896909,5,41
chr1,99932119,99932371,5,252
chr1,99969449,99970492,28,1043
chr1,100016396,100016673,6,277
chr1,100037937,100038625,48,688
chr1,100132531,100133768,34,1237
chr1,100146608,100146759,9,151
chr1,100213246,100213264,6,18
chr1,100249663,100249828,7,165
chr1,100266099,100266706,22,607
chr1,100349054,100349943,9,889
chr1,100352304,100353245,16,941
chr1,100539005,100540429,28,1424
chr1,100632059,100632093,5,34
chr1,100895234,100896595,39,1361
chr1,101025796,101026468,11,672
chr1,101046684,101046744,5,60
chr1,101236178,101237222,51,1044
chr1,101238956,101240176,19,1220
chr1,101255974,101256209,11,235
chr1,101294334,101294738,8,404
chr1,101326049,101326192,5,143
chr1,101996487,101997299,15,812
chr1,102157833,102157869,5,36
chr1,102611074,102611206,5,132
chr1,102660353,102660703,7,350
chr1,102853746,102853991,24,245
chr1,102951419,102951592,5,173
chr1,103108433,103108847,5,414
chr1,103525797,103526272,11,475
chr1,104077272,104077640,7,368
chr1,104217508,104217806,9,298
chr1,104488987,104489199,5,212
chr1,104675211,104675606,6,395
chr1,104856182,104856267,6,85
chr1,104890745,104890943,6,198
chr1,105127314,105127409,6,95
chr1,105265613,105265821,5,208
chr1,105712840,105713255,8,415
chr1,105926766,105926871,5,105
chr1,106043435,106043585,8,150
chr1,106076675,106076736,6,61
chr1,106080772,106080971,9,199
chr1,106132936,106133114,12,178
chr1,106251153,106252371,6,1218
chr1,106522796,106522918,7,122
chr1,106791294,106791593,6,299
chr1,106816823,106816966,5,143
chr1,106917578,106917776,13,198
chr1,106992619,106992660,6,41
chr1,107056699,107057754,55,1055
chr1,107139882,107141948,76,2066
chr1,107570482,107570929,14,447
chr1,107963989,107966223,61,2234
chr1,108047376,108047557,5,181
chr1,108121553,108122621,7,1068
chr1,108192855,108192927,7,72
chr1,108199788,108200469,20,681
chr1,108560175,108560387,24,212
chr1,108661142,108662253,29,1111
chr1,108667497,108667565,8,68
chr1,108692364,108692416,6,52
chr1,108702286,108703547,6,1261
chr1,108746572,108748545,25,1973
chr1,108876496,108877184,49,688
chr1,108962727,108963839,49,1112
chr1,109036766,109037204,7,438
chr1,109041374,109042429,48,1055
chr1,109076009,109076924,13,915
chr1,109087466,109087666,5,200
chr1,109090297,109091608,26,1311
chr1,109099070,109099102,5,32
chr1,109100406,109101427,16,1021
chr1,109102862,109104660,17,1798
chr1,109112559,109114314,26,1755
chr1,109164677,109167702,15,3025
chr1,109213821,109214390,39,569
chr1,109249356,109250702,55,1346
chr1,109255135,109255301,6,166
chr1,109258603,109258955,17,352
chr1,109269113,109269191,9,78
chr1,109274580,109274874,10,294
chr1,109283089,109283138,6,49
chr1,109284537,109284763,5,226
chr1,109294679,109295054,5,375
chr1,109337730,109338970,5,1240
chr1,109346237,109346511,7,274
chr1,109397218,109398413,78,1195
chr1,109426060,109426905,36,845
chr1,109452867,109453061,6,194
chr1,109460580,109461273,13,693
chr1,109465945,109467402,46,1457
chr1,109484146,109484255,11,109
chr1,109493967,109495462,24,1495
chr1,109508461,109509983,42,1522
chr1,109531999,109532694,10,695
chr1,109548329,109549062,25,733
chr1,109615559,109615828,7,269
chr1,109619863,109621412,25,1549
chr1,109630336,109630449,7,113
chr1,109655953,109656919,42,966
chr1,109740462,109740674,11,212
chr1,109881753,109881835,5,82
chr1,109910262,109911657,50,1395
chr1,109984764,109985509,57,745
chr1,110034736,110035025,17,289
chr1,110046974,110047036,5,62
chr1,110064594,110064767,5,173
chr1,110067554,110070836,143,3282
chr1,110083061,110084702,63,1641
chr1,110110020,110110451,10,431
chr1,110129394,110130578,25,1184
chr1,110137079,110137354,7,275
chr1,110150442,110151221,58,779
chr1,110163757,110164057,5,300
chr1,110170408,110170502,5,94
chr1,110195103,110195638,5,535
chr1,110209985,110212226,169,2241
chr1,110224972,110226097,7,1125
chr1,110228669,110229776,5,1107
chr1,110243475,110244118,9,643
chr1,110256672,110256731,5,59
chr1,110260786,110260886,10,100
chr1,110279891,110280076,6,185
chr1,110337850,110338621,30,771
chr1,110339769,110342156,41,2387
chr1,110396678,110396734,8,56
chr1,110407408,110407639,24,231
chr1,110431534,110432848,9,1314
chr1,110490137,110490430,6,293
chr1,110517935,110518587,7,652
chr1,110555279,110555625,19,346
chr1,110606269,110608531,90,2262
chr1,110618864,110619688,11,824
chr1,110673344,110675460,80,2116
chr1,110948067,110949505,10,1438
chr1,110963544,110964299,37,755
chr1,111040207,111040759,18,552
chr1,111139619,111140626,13,1007
chr1,111203818,111205431,49,1613
chr1,111270828,111271090,11,262
chr1,111346062,111347088,9,1026
chr1,111448584,111449551,33,967
chr1,111473675,111473735,6,60
chr1,111515588,111515614,5,26
chr1,111619561,111620210,50,649
chr1,111721578,111721942,7,364
chr1,111738614,111740627,45,2013
chr1,111755348,111756106,27,758
chr1,111811913,111812187,7,274
chr1,111894600,111894681,5,81
chr1,111896050,111896186,12,136
chr1,111981883,111982634,29,751
chr1,111988813,111991533,124,2720
chr1,112390469,112391268,11,799
chr1,112395961,112396631,29,670
chr1,112501797,112502649,43,852
chr1,112508348,112509654,81,1306
chr1,112619008,112619799,21,791
chr1,112674447,112675304,29,857
chr1,112681386,112681468,5,82
chr1,112689649,112691137,10,1488
chr1,112695497,112696283,5,786
chr1,112705028,112707826,47,2798
chr1,112711670,112711847,5,177
chr1,112714366,112716416,82,2050
chr1,112718960,112719136,15,176
chr1,112722419,112723164,11,745
chr1,112732674,112732779,5,105
chr1,112743169,112744393,60,1224
chr1,112752160,112752500,7,340
chr1,112758663,112761062,10,2399
chr1,112826283,112826812,7,529
chr1,112844167,112844798,14,631
chr1,112848644,112850141,24,1497
chr1,112851915,112851951,6,36
chr1,112860845,112861681,5,836
chr1,112881116,112881519,5,403
chr1,112883662,112884446,9,784
chr1,112894807,112894903,6,96
chr1,112948891,112949210,6,319
chr1,112955760,112957109,43,1349
chr1,113004037,113004967,6,930
chr1,113052155,113052330,6,175
chr1,113073297,113073554,15,257
chr1,113090694,113090996,11,302
chr1,113118013,113118965,7,952
chr1,113148514,113148952,6,438
chr1,113195483,113195790,5,307
chr1,113283008,113283135,5,127
chr1,113389220,113391447,106,2227
chr1,113550273,113550332,5,59
chr1,113638513,113638578,6,65
chr1,113758105,113759615,63,1510
chr1,113811869,113813307,45,1438
chr1,113885524,113885973,9,449
chr1,113904258,113905325,26,1067
chr1,113929597,113930257,30,660
chr1,114122943,114123120,7,177
chr1,114152425,114155103,75,2678
chr1,114239406,114239599,5,193
chr1,114346286,114346772,20,486
chr1,114465763,114465967,13,204
chr1,114510189,114512218,73,2029
chr1,114581354,114582110,18,756
chr1,114670027,114670072,7,45
chr1,114716326,114716814,13,488
chr1,114757694,114758356,15,662
chr1,114780371,114780700,11,329
chr1,114854753,114854858,8,105
chr1,115089348,115089790,34,442
chr1,115286125,115286925,7,800
chr1,115337620,115338884,32,1264
chr1,115479041,115479427,14,386
chr1,115641783,115642797,70,1014
chr1,115655053,115655420,8,367
chr1,115828140,115828668,15,528
chr1,115837753,115839672,129,1919
chr1,115976230,115976466,20,236
chr1,116146825,116146871,5,46
chr1,116167674,116168539,31,865
chr1,116297935,116298349,8,414
chr1,116372847,116374438,63,1591
chr1,116407595,116409135,7,1540
chr1,116534440,116534597,12,157
chr1,116570005,116571735,67,1730
chr1,116666309,116668052,67,1743
chr1,116714949,116715024,5,75
chr1,116735389,116736003,6,614
chr1,116775110,116775281,6,171
chr1,116909401,116911803,70,2402
chr1,116944563,116945110,14,547
chr1,116961283,116961519,13,236
chr1,117060083,117060785,25,702
chr1,117121648,117122520,34,872
chr1,117252665,117252697,6,32
chr1,117366640,117367562,82,922
chr1,117376100,117376299,6,199
chr1,117605442,117606985,34,1543
chr1,117647146,117647488,6,342
chr1,117929468,117929887,32,419
chr1,118979690,118980349,35,659
chr1,118983788,118990359,139,6571
chr1,118993060,118994544,23,1484
chr1,118999423,119002149,67,2726
chr1,119006672,119008483,43,1811
chr1,119131484,119131555,6,71
chr1,119139277,119140575,11,1298
chr1,119163969,119164094,5,125
chr1,119223324,119223561,5,237
chr1,119304651,119304738,6,87
chr1,119315942,119316294,9,352
chr1,119327406,119328179,20,773
chr1,119623420,119623993,6,573
chr1,119647380,119648868,50,1488
chr1,119668684,119668729,5,45
chr1,119730029,119730337,6,308
chr1,119778683,119778829,6,146
chr1,119871189,119871420,7,231
chr1,119894001,119894467,5,466
chr1,119896413,119896549,15,136
chr1,120176147,120177296,25,1149
chr1,120197255,120197299,5,44
chr1,120234921,120234992,5,71
chr1,120341087,120341120,6,33
chr1,120342404,120342572,7,168
chr1,120558514,120558890,12,376
chr1,120663418,120663489,5,71
chr1,120701219,120701354,10,135
chr1,121006880,121007264,6,384
chr1,121009188,121009527,9,339
chr1,121048617,121048698,6,81
chr1,121052266,121052341,9,75
chr1,121097763,121097857,6,94
chr1,121183942,121185087,36,1145
chr1,121395925,121396027,10,102
chr1,121518892,121519546,49,654
chr1,125064106,125066628,34,2522
chr1,125118513,125119969,34,1456
chr1,143208419,143208842,6,423
chr1,143497089,143497463,22,374
chr1,143652811,143652970,8,159
chr1,143790485,143790620,5,135
chr1,143831893,143831974,7,81
chr1,144076975,144077772,18,797
chr1,144440859,144440963,5,104
chr1,144460854,144461242,11,388
chr1,144484196,144484326,5,130
chr1,144538790,144540530,10,1740
chr1,144551606,144551850,5,244
chr1,144554524,144554725,8,201
chr1,144882845,144883737,43,892
chr1,145167976,145168967,11,991
chr1,145172244,145172436,6,192
chr1,145216052,145216138,13,86
chr1,145232886,145232905,5,19
chr1,145281190,145281367,6,177
chr1,145287544,145287636,5,92
chr1,145424780,145425942,27,1162
chr1,145448500,145448609,8,109
chr1,145475397,145476864,15,1467
chr1,145608268,145608383,11,115
chr1,145720976,145721407,10,431
chr1,145794652,145795178,14,526
chr1,145823628,145824176,21,548
chr1,145845552,145845701,14,149
chr1,145856831,145856948,5,117
chr1,145858790,145859871,20,1081
chr1,145885762,145886332,14,570
chr1,145918566,145918648,6,82
chr1,145919968,145920120,7,152
chr1,145926968,145929486,30,2518
chr1,145934498,145934735,5,237
chr1,145957607,145957930,14,323
chr1,145960391,145962635,34,2244
chr1,145964497,145964792,13,295
chr1,145971825,145971879,5,54
chr1,145996221,145996851,11,630
chr1,146003914,146004188,5,274
chr1,146019179,146019432,10,253
chr1,146034678,146036070,39,1392
chr1,146037597,146040704,22,3107
chr1,146043806,146045104,20,1298
chr1,146049134,146050065,13,931
chr1,146051530,146052268,11,738
chr1,146393384,146394007,6,623
chr1,146471378,146472379,8,1001
chr1,146794350,146794446,6,96
chr1,146938447,146939100,34,653
chr1,147050679,147051497,13,818
chr1,147072621,147072742,9,121
chr1,147077029,147081083,45,4054
chr1,147084941,147085312,9,371
chr1,147171892,147173225,48,1333
chr1,147178107,147178142,6,35
chr1,147242580,147243321,34,741
chr1,147393079,147393181,9,102
chr1,147519760,147519867,5,107
chr1,147566612,147566672,7,60
chr1,147587107,147587400,7,293
chr1,147598871,147600421,59,1550
chr1,147652987,147653199,5,212
chr1,147669767,147670733,28,966
chr1,147681049,147681125,7,76
chr1,147718071,147718298,5,227
chr1,147758660,147759071,8,411
chr1,147908052,147909050,17,998
chr1,147928533,147928739,16,206
chr1,148011350,148011977,6,627
chr1,148033605,148033696,9,91
chr1,148048532,148049450,11,918
chr1,148060267,148061306,11,1039
chr1,148152046,148152320,16,274
chr1,148157458,148158036,10,578
chr1,148159732,148160438,8,706
chr1,148162649,148162766,7,117
chr1,148264817,148265910,8,1093
chr1,148288143,148288673,7,530
chr1,148296010,148296178,13,168
chr1,148303819,148303948,5,129
chr1,148310103,148310296,13,193
chr1,148316478,148318968,39,2490
chr1,148334920,148335463,7,543
chr1,148353779,148354049,13,270
chr1,148359095,148359288,13,193
chr1,148361473,148361564,9,91
chr1,148362673,148362865,13,192
chr1,148379220,148379939,8,719
chr1,148393333,148393380,5,47
chr1,148402399,148402590,17,191
chr1,148459005,148459112,7,107
chr1,148736389,148736700,9,311
chr1,148951727,148952628,22,901
chr1,149017783,149017834,5,51
chr1,149102740,149102829,5,89
chr1,149272802,149272847,5,45
chr1,149392927,149392986,6,59
chr1,149636435,149636679,12,244
chr1,149643604,149644258,8,654
chr1,149646954,149647157,8,203
chr1,149699080,149699229,6,149
chr1,149740433,149740763,11,330
chr1,149747063,149748032,13,969
chr1,149793132,149793726,9,594
chr1,149812170,149812318,6,148
chr1,149885764,149888283,40,2519
chr1,149899614,149900341,35,727
chr1,149902178,149902285,5,107
chr1,149913506,149913803,5,297
chr1,149916785,149918616,12,1831
chr1,149927574,149927827,15,253
chr1,150006180,150006284,5,104
chr1,150009862,150010453,17,591
chr1,150013782,150013878,6,96
chr1,150066924,150068157,40,1233
chr1,150149506,150150966,79,1460
chr1,150159324,150159492,5,168
chr1,150162522,150162889,5,367
chr1,150229100,150229571,8,471
chr1,150232151,150233157,6,1006
chr1,150234357,150235616,33,1259
chr1,150247644,150247975,6,331
chr1,150268056,150269171,27,1115
chr1,150281704,150283480,40,1776
chr1,150293476,150294812,16,1336
chr1,150301259,150301674,8,415
chr1,150321217,150321770,20,553
chr1,150365650,150365887,16,237
chr1,150426868,150427101,6,233
chr1,150465961,150466097,5,136
chr1,150482594,150482653,6,59
chr1,150487200,150488044,7,844
chr1,150515005,150516425,34,1420
chr1,150548985,150551928,62,2943
chr1,150560118,150560205,5,87
chr1,150561420,150562317,10,897
chr1,150578539,150579726,66,1187
chr1,150591245,150593626,15,2381
chr1,150629438,150630162,20,724
chr1,150875881,150877691,23,1810
chr1,150921012,150921403,12,391
chr1,150923956,150925631,19,1675
chr1,150953955,150954178,6,223
chr1,150973360,150975265,81,1905
chr1,150979261,150979380,5,119
chr1,150991702,150991923,5,221
chr1,151006503,151006788,7,285
chr1,151008476,151009131,15,655
chr1,151020838,151020906,6,68
chr1,151045192,151045293,5,101
chr1,151046658,151048491,47,1833
chr1,151058654,151059825,29,1171
chr1,151069808,151070787,15,979
chr1,151078517,151078549,5,32
chr1,151083901,151084315,6,414
chr1,151102245,151102511,5,266
chr1,151112148,151112486,7,338
chr1,151131430,151133489,44,2059
chr1,151145623,151147206,60,1583
chr1,151156586,151158183,7,1597
chr1,151165120,151167404,19,2284
chr1,151189303,151190075,17,772
chr1,151195038,151195665,12,627
chr1,151198594,151199469,38,875
chr1,151206668,151206860,5,192
chr1,151210776,151211784,13,1008
chr1,151215333,151215621,5,288
chr1,151253621,151255767,28,2146
chr1,151275062,151275171,6,109
chr1,151279850,151283292,55,3442
chr1,151320119,151320194,5,75
chr1,151327367,151327574,8,207
chr1,151346454,151347657,28,1203
chr1,151372667,151372716,5,49
chr1,151379579,151379746,6,167
chr1,151399654,151399965,19,311
chr1,151415447,151416042,7,595
chr1,151457783,151457881,5,98
chr1,151458885,151459221,22,336
chr1,151473041,151473608,20,567
chr1,151501492,151501805,6,313
chr1,151509583,151511624,36,2041
chr1,151540469,151541193,10,724
chr1,151552425,151552576,7,151
chr1,151608188,151609198,6,1010
chr1,151612054,151613048,52,994
chr1,151702511,151703383,10,872
chr1,151709008,151709342,7,334
chr1,151715161,151717161,16,2000
chr1,151721362,151721750,18,388
chr1,151762924,151763804,34,880
chr1,151790146,151790776,19,630
chr1,151814527,151814644,6,117
chr1,151821739,151822176,5,437
chr1,151837715,151840236,99,2521
chr1,151909426,151910303,25,877
chr1,151992599,151994590,60,1991
chr1,151996725,151997164,11,439
chr1,152034671,152037668,37,2997
chr1,152107485,152107946,14,461
chr1,152109465,152111342,42,1877
chr1,152112807,152112912,7,105
chr1,152188423,152189473,28,1050
chr1,152313336,152313642,8,306
chr1,152515334,152515873,24,539
chr1,152534153,152534375,6,222
chr1,153261156,153261866,52,710
chr1,153293897,153294865,5,968
chr1,153307813,153308087,8,274
chr1,153380415,153380440,5,25
chr1,153397837,153398405,5,568
chr1,153452720,153452946,5,226
chr1,153478302,153478501,5,199
chr1,153517583,153517755,5,172
chr1,153532885,153533919,10,1034
chr1,153535949,153536399,19,450
chr1,153567636,153568876,10,1240
chr1,153570263,153571374,8,1111
chr1,153595569,153595907,6,338
chr1,153601590,153601704,8,114
chr1,153627003,153627656,8,653
chr1,153633561,153635874,48,2313
chr1,153639884,153640329,8,445
chr1,153657379,153659208,40,1829
chr1,153670616,153672106,25,1490
chr1,153678385,153680362,69,1977
chr1,153696323,153696562,5,239
chr1,153698070,153698369,14,299
chr1,153709629,153709689,7,60
chr1,153711014,153711154,6,140
chr1,153726452,153726680,7,228
chr1,153739945,153740192,6,247
chr1,153774956,153776539,37,1583
chr1,153783514,153784602,33,1088
chr1,153789576,153790163,12,587
chr1,153791983,153792929,23,946
chr1,153795645,153795699,7,54
chr1,153884114,153884429,5,315
chr1,153921863,153923278,49,1415
chr1,153945155,153946649,80,1494
chr1,153958074,153958919,32,845
chr1,153963306,153964297,52,991
chr1,153967098,153967405,12,307
chr1,153976385,153977616,40,1231
chr1,153979239,153979472,5,233
chr1,153986290,153986368,6,78
chr1,153989227,153989721,9,494
chr1,154023811,154024988,6,1177
chr1,154043407,154043608,6,201
chr1,154092176,154092462,6,286
chr1,154125820,154125928,8,108
chr1,154134706,154134983,6,277
chr1,154163549,154163726,5,177
chr1,154173904,154174496,9,592
chr1,154182507,154184194,48,1687
chr1,154215422,154215482,6,60
chr1,154220033,154221265,61,1232
chr1,154253453,154253542,5,89
chr1,154272316,154272790,25,474
chr1,154302455,154302614,6,159
chr1,154325576,154326412,47,836
chr1,154328500,154329011,28,511
chr1,154346306,154346982,10,676
chr1,154353032,154353167,6,135
chr1,154372801,154374192,7,1391
chr1,154404367,154405709,43,1342
chr1,154428687,154429467,10,780
chr1,154434435,154434602,5,167
chr1,154452755,154453061,6,306
chr1,154456308,154456502,6,194
chr1,154501649,154503174,74,1525
chr1,154529733,154530107,7,374
chr1,154558536,154559237,57,701
chr1,154567498,154568509,47,1011
chr1,154572062,154572301,19,239
chr1,154607984,154608776,34,792
chr1,154627191,154628007,35,816
chr1,154684309,154684530,5,221
chr1,154708085,154708224,5,139
chr1,154726769,154726857,6,88
chr1,154760509,154761914,31,1405
chr1,154860448,154861766,9,1318
chr1,154862983,154863112,5,129
chr1,154868812,154869474,16,662
chr1,154870493,154870794,5,301
chr1,154877619,154879147,16,1528
chr1,154937387,154937583,6,196
chr1,154961495,154962040,25,545
chr1,154969229,154970486,10,1257
chr1,154974201,154974295,7,94
chr1,154982087,154983490,14,1403
chr1,154996708,154996932,7,224
chr1,154998633,154999498,15,865
chr1,155000625,155001866,45,1241
chr1,155003098,155004171,24,1073
chr1,155005822,155005901,6,79
chr1,155014236,155015112,6,876
chr1,155016597,155018126,27,1529
chr1,155025071,155026342,9,1271
chr1,155029771,155030121,7,350
chr1,155047908,155048605,5,697
chr1,155050594,155052328,75,1734
chr1,155062220,155064046,54,1826
chr1,155070235,155071385,24,1150
chr1,155078750,155080954,98,2204
chr1,155082190,155082710,25,520
chr1,155084723,155086138,30,1415
chr1,155091549,155091646,7,97
chr1,155125474,155128241,41,2767
chr1,155135309,155136430,36,1121
chr1,155143331,155144144,9,813
chr1,155166441,155167494,16,1053
chr1,155173005,155174886,57,1881
chr1,155178820,155179998,8,1178
chr1,155182562,155183003,10,441
chr1,155192835,155195555,81,2720
chr1,155209005,155209232,21,227
chr1,155220716,155221047,6,331
chr1,155226788,155227333,14,545
chr1,155243949,155244849,21,900
chr1,155249695,155250515,27,820
chr1,155254845,155255895,49,1050
chr1,155261661,155262472,18,811
chr1,155268782,155269675,21,893
chr1,155270889,155270934,6,45
chr1,155273283,155274205,13,922
chr1,155277372,155278146,40,774
chr1,155284740,155285924,10,1184
chr1,155294660,155295709,35,1049
chr1,155308645,155309280,9,635
chr1,155320968,155325505,151,4537
chr1,155349950,155350915,5,965
chr1,155359554,155361613,12,2059
chr1,155446209,155446898,10,689
chr1,155452290,155452330,5,40
chr1,155487940,155487980,5,40
chr1,155551584,155551832,6,248
chr1,155563132,155564215,24,1083
chr1,155568944,155569530,8,586
chr1,155607724,155610257,29,2533
chr1,155647198,155647723,7,525
chr1,155674085,155674991,6,906
chr1,155687908,155689222,21,1314
chr1,155697289,155697488,7,199
chr1,155731998,155732322,5,324
chr1,155741489,155741589,6,100
chr1,155743558,155743620,5,62
chr1,155788044,155788917,9,873
chr1,155842448,155842953,7,505
chr1,155857163,155857622,12,459
chr1,155859349,155860607,21,1258
chr1,155874814,155875081,6,267
chr1,155876946,155877851,15,905
chr1,155908379,155909191,11,812
chr1,155911300,155911822,14,522
chr1,155930781,155931450,8,669
chr1,155933430,155935311,24,1881
chr1,155941798,155942828,9,1030
chr1,155977900,155978552,56,652
chr1,155988454,155989229,8,775
chr1,156028858,156030405,6,1547
chr1,156047751,156048643,6,892
chr1,156053329,156055480,44,2151
chr1,156068143,156068712,8,569
chr1,156076747,156077630,21,883
chr1,156081449,156083830,47,2381
chr1,156106059,156106872,11,813
chr1,156114772,156115591,40,819
chr1,156117926,156118082,5,156
chr1,156122689,156123798,7,1109
chr1,156176683,156176842,5,159
chr1,156193603,156194231,28,628
chr1,156212824,156214004,31,1180
chr1,156216259,156216705,26,446
chr1,156229353,156229818,9,465
chr1,156241588,156241684,7,96
chr1,156243050,156243155,8,105
chr1,156245496,156245774,23,278
chr1,156247359,156247396,5,37
chr1,156281987,156283282,27,1295
chr1,156285486,156287272,11,1786
chr1,156289330,156289435,5,105
chr1,156291507,156291764,7,257
chr1,156297789,156299257,16,1468
chr1,156312066,156312468,6,402
chr1,156338061,156338937,12,876
chr1,156369220,156369495,19,275
chr1,156383855,156383978,5,123
chr1,156388079,156389461,44,1382
chr1,156391075,156391190,6,115
chr1,156398651,156398829,12,178
chr1,156420332,156421877,88,1545
chr1,156435547,156436856,51,1309
chr1,156445572,156446044,12,472
chr1,156455044,156457055,21,2011
chr1,156459029,156459663,11,634
chr1,156468124,156468221,6,97
chr1,156477615,156478970,8,1355
chr1,156499925,156502249,78,2324
chr1,156504387,156505161,6,774
chr1,156569369,156569611,5,242
chr1,156572055,156572861,34,806
chr1,156591639,156592179,19,540
chr1,156600730,156602536,41,1806
chr1,156618225,156619445,7,1220
chr1,156623847,156625900,52,2053
chr1,156641969,156642714,28,745
chr1,156646706,156647012,29,306
chr1,156656957,156658626,19,1669
chr1,156660167,156660327,6,160
chr1,156676194,156677307,16,1113
chr1,156687596,156687894,7,298
chr1,156691310,156692231,8,921
chr1,156695030,156695136,5,106
chr1,156696391,156697199,7,808
chr1,156704944,156706825,36,1881
chr1,156716626,156716847,5,221
chr1,156724158,156725037,6,879
chr1,156726913,156727145,5,232
chr1,156728263,156729101,44,838
chr1,156740486,156741307,8,821
chr1,156743950,156745257,10,1307
chr1,156747229,156747348,7,119
chr1,156749974,156751966,77,1992
chr1,156761466,156761839,7,373
chr1,156764321,156765567,5,1246
chr1,156767306,156768512,56,1206
chr1,156814011,156816809,26,2798
chr1,156844046,156846434,28,2388
chr1,156858662,156861375,50,2713
chr1,156892460,156895818,57,3358
chr1,156908033,156908735,21,702
chr1,156920649,156921013,27,364
chr1,156923222,156924486,30,1264
chr1,156927270,156927739,25,469
chr1,156963338,156963701,7,363
chr1,157045622,157046145,51,523
chr1,157089850,157090648,6,798
chr1,157138022,157138707,28,685
chr1,157155926,157156144,7,218
chr1,157193921,157195906,21,1985
chr1,157279044,157279647,21,603
chr1,157490492,157490825,8,333
chr1,157520506,157521254,10,748
chr1,157603052,157603311,6,259
chr1,157925605,157925703,8,98
chr1,157963597,157963671,5,74
chr1,157978847,157979262,26,415
chr1,157993611,157993825,16,214
chr1,158007669,158008155,11,486
chr1,158011165,158011838,8,673
chr1,158088545,158089627,12,1082
chr1,158113303,158114340,13,1037
chr1,158125193,158125463,7,270
chr1,158149110,158149843,5,733
chr1,158180371,158181414,32,1043
chr1,158374442,158374482,5,40
chr1,158871059,158871164,6,105
chr1,159022010,159022056,5,46
chr1,159141658,159141824,5,166
chr1,159171643,159172940,41,1297
chr1,159188416,159188690,21,274
chr1,159286114,159286418,5,304
chr1,159709274,159709309,6,35
chr1,159744845,159745057,5,212
chr1,159780632,159781469,39,837
chr1,159854217,159856072,52,1855
chr1,159899528,159900277,20,749
chr1,159924510,159925934,28,1424
chr1,159928752,159930390,19,1638
chr1,159945841,159946093,8,252
chr1,160031618,160032452,17,834
chr1,160070290,160070830,21,540
chr1,160084060,160084102,10,42
chr1,160085851,160086384,8,533
chr1,160092998,160093067,6,69
chr1,160095154,160095228,5,74
chr1,160098149,160098914,33,765
chr1,160124311,160124404,5,93
chr1,160190257,160190797,5,540
chr1,160198428,160198712,6,284
chr1,160205351,160205875,56,524
chr1,160232364,160232469,6,105
chr1,160261707,160263466,14,1759
chr1,160284835,160285765,12,930
chr1,160342630,160343404,17,774
chr1,160370850,160371342,10,492
chr1,160400418,160401143,48,725
chr1,160415093,160416180,9,1087
chr1,160802104,160802398,12,294
chr1,160946034,160946669,5,635
chr1,160982952,160983788,16,836
chr1,161013773,161013977,6,204
chr1,161015002,161015223,5,221
chr1,161021536,161022641,9,1105
chr1,161038507,161039097,31,590
chr1,161045197,161045958,20,761
chr1,161069437,161069723,7,286
chr1,161079653,161080691,15,1038
chr1,161098453,161098925,10,472
chr1,161117845,161118140,20,295
chr1,161131837,161132930,34,1093
chr1,161140366,161141316,11,950
chr1,161150818,161154227,56,3409
chr1,161158930,161161205,40,2275
chr1,161165866,161167220,27,1354
chr1,161177463,161177792,17,329
chr1,161179527,161179727,7,200
chr1,161190213,161191166,8,953
chr1,161198083,161198458,11,375
chr1,161202241,161202416,14,175
chr1,161226103,161226579,9,476
chr1,161244302,161244512,10,210
chr1,161258828,161259597,39,769
chr1,161299922,161300002,6,80
chr1,161305458,161306053,14,595
chr1,161313703,161314602,33,899
chr1,161326713,161327722,5,1009
chr1,161372304,161372859,6,555
chr1,161388107,161388542,7,435
chr1,161389816,161390267,19,451
chr1,161399140,161400213,56,1073
chr1,161404246,161404287,7,41
chr1,161420933,161421012,6,79
chr1,161440093,161440669,43,576
chr1,161523831,161524520,22,689
chr1,161530757,161532119,26,1362
chr1,161538439,161539711,9,1272
chr1,161565935,161566519,6,584
chr1,161605904,161606177,20,273
chr1,161612425,161613135,23,710
chr1,161619869,161619922,5,53
chr1,161621742,161622327,7,585
chr1,161647369,161647912,5,543
chr1,161725510,161727628,61,2118
chr1,161749750,161750177,19,427
chr1,162003202,162003334,5,132
chr1,162008015,162008486,6,471
chr1,162023380,162024047,46,667
chr1,162069450,162070774,40,1324
chr1,162366926,162367562,6,636
chr1,162390137,162390553,5,416
chr1,162433140,162433264,16,124
chr1,162497573,162498186,14,613
chr1,162560871,162562134,60,1263
chr1,162790461,162790914,14,453
chr1,162822431,162822518,13,87
chr1,163007459,163007695,6,236
chr1,163069394,163069510,6,116
chr1,163321712,163322139,30,427
chr1,163404014,163404074,6,60
chr1,163422752,163423133,5,381
chr1,164320942,164321933,31,991
chr1,164356924,164357250,5,326
chr1,164367888,164368265,5,377
chr1,164558897,164559912,21,1015
chr1,164575968,164576908,21,940
chr1,164588464,164589195,14,731
chr1,164711579,164712684,11,1105
chr1,164792804,164793385,5,581
chr1,165235597,165236010,34,413
chr1,165352494,165353080,13,586
chr1,165354287,165354505,12,218
chr1,165356105,165357060,48,955
chr1,165376078,165376771,27,693
chr1,165393031,165393114,6,83
chr1,165444086,165445374,8,1288
chr1,165544462,165545864,9,1402
chr1,165597425,165598121,14,696
chr1,165630375,165631606,15,1231
chr1,165698091,165698308,10,217
chr1,165768910,165769057,8,147
chr1,165827438,165829008,97,1570
chr1,166165022,166167270,95,2248
chr1,166275779,166276017,5,238
chr1,166343242,166343444,14,202
chr1,166605762,166605856,5,94
chr1,166839278,166839899,45,621
chr1,166865535,166865584,5,49
chr1,166875925,166876417,36,492
chr1,166884105,166884575,10,470
chr1,166920381,166921407,27,1026
chr1,166947629,166947883,21,254
chr1,166975454,166976129,28,675
chr1,166989344,166989374,5,30
chr1,167066648,167066916,9,268
chr1,167121305,167121494,18,189
chr1,167125806,167126608,14,802
chr1,167220152,167222053,91,1901
chr1,167322532,167322944,7,412
chr1,167430441,167432266,6,1825
chr1,167438359,167439867,46,1508
chr1,167454920,167456255,54,1335
chr1,167474612,167475041,7,429
chr1,167488992,167489080,5,88
chr1,167514485,167514727,7,242
chr1,167517689,167517892,9,203
chr1,167553302,167553725,25,423
chr1,167629323,167630693,32,1370
chr1,167687448,167687485,5,37
chr1,167713382,167715151,42,1769
chr1,167720341,167720465,5,124
chr1,167721626,167722614,57,988
chr1,167863590,167864031,8,441
chr1,167935829,167937236,33,1407
chr1,168115672,168115868,7,196
chr1,168135758,168137493,85,1735
chr1,168178829,168179571,35,742
chr1,168225565,168226980,71,1415
chr1,168298120,168298291,6,171
chr1,169105269,169107070,74,1801
chr1,169367638,169368446,12,808
chr1,169427325,169427526,13,201
chr1,169460500,169460608,6,108
chr1,169485525,169485587,12,62
chr1,169493960,169494019,5,59
chr1,169794735,169795178,25,443
chr1,169882120,169882227,5,107
chr1,169893724,169894028,7,304
chr1,169909774,169910372,12,598
chr1,169915340,169915409,8,69
chr1,170074535,170074780,13,245
chr1,170167524,170167641,5,117
chr1,170254974,170255492,6,518
chr1,170488723,170489131,8,408
chr1,170531208,170532183,18,975
chr1,170631546,170631704,5,158
chr1,170650491,170650776,11,285
chr1,170659848,170661639,25,1791
chr1,170663983,170667007,78,3024
chr1,170669223,170669773,6,550
chr1,171404949,171405342,6,393
chr1,171469887,171469919,5,32
chr1,171485592,171486327,39,735
chr1,171503448,171503583,5,135
chr1,171573779,171573966,6,187
chr1,171624537,171624597,6,60
chr1,171670674,171671511,11,837
chr1,171741498,171742648,44,1150
chr1,171781319,171782396,34,1077
chr1,171829127,171829313,8,186
chr1,171841145,171842456,35,1311
chr1,171851286,171851453,5,167
chr1,171984409,171984484,5,75
chr1,172345891,172345934,6,43
chr1,172441946,172442510,5,564
chr1,172443607,172444167,22,560
chr1,172450594,172450751,5,157
chr1,172532407,172533903,50,1496
chr1,172717249,172717281,5,32
chr1,172748285,172748320,5,35
chr1,172851304,172851515,5,211
chr1,173477214,173477915,53,701
chr1,173522084,173522138,5,54
chr1,173613636,173613678,5,42
chr1,173669658,173669897,15,239
chr1,173714868,173715302,27,434
chr1,173823901,173826049,20,2148
chr1,173868316,173868993,33,677
chr1,173874046,173874443,9,397
chr1,173885714,173885822,5,108
chr1,173928348,173928753,5,405
chr1,174007086,174007246,5,160
chr1,174022213,174022863,37,650
chr1,174144078,174144286,5,208
chr1,174159310,174160408,36,1098
chr1,174269043,174269103,6,60
chr1,174873655,174874771,6,1116
chr1,174925221,174925506,7,285
chr1,174999702,175000323,28,621
chr1,175045431,175045724,16,293
chr1,175098401,175098470,5,69
chr1,175106478,175106949,8,471
chr1,175116967,175117060,5,93
chr1,175192277,175193414,21,1137
chr1,175221023,175221448,5,425
chr1,175380502,175380788,5,286
chr1,175406044,175406296,13,252
chr1,175493375,175494661,21,1286
chr1,175505315,175505429,8,114
chr1,175599049,175599658,22,609
chr1,175887631,175888114,14,483
chr1,176206690,176207653,57,963
chr1,176348785,176349503,6,718
chr1,176556802,176557206,13,404
chr1,176725699,176725873,9,174
chr1,176739694,176739805,5,111
chr1,176897315,176897995,9,680
chr1,176904301,176904404,5,103
chr1,177032620,177032760,5,140
chr1,177087822,177088074,5,252
chr1,177144313,177144345,5,32
chr1,177164384,177164911,30,527
chr1,177171039,177171406,21,367
chr1,177181473,177181887,18,414
chr1,177229711,177229863,6,152
chr1,177256007,177256206,6,199
chr1,177710765,177710961,5,196
chr1,178037330,178038182,30,852
chr1,178093331,178094685,70,1354
chr1,178332429,178332674,5,245
chr1,178486887,178487139,28,252
chr1,178491253,178493547,13,2294
chr1,178496852,178496982,6,130
chr1,178513726,178513861,5,135
chr1,178542019,178543429,74,1410
chr1,178724834,178726100,57,1266
chr1,178941825,178943101,8,1276
chr1,179025774,179026886,74,1112
chr1,179077097,179077337,5,240
chr1,179081676,179083600,37,1924
chr1,179087859,179088034,8,175
chr1,179089875,179089964,5,89
chr1,179098020,179098288,8,268
chr1,179111210,179111378,5,168
chr1,179138847,179139277,9,430
chr1,179225975,179226371,5,396
chr1,179229060,179229993,44,933
chr1,179233313,179233696,5,383
chr1,179289747,179290041,8,294
chr1,179293637,179294126,40,489
chr1,179295837,179296125,10,288
chr1,179297621,179297753,5,132
chr1,179365226,179367870,40,2644
chr1,179454956,179455419,7,463
chr1,179575653,179576105,31,452
chr1,179586450,179586914,19,464
chr1,179591565,179591796,15,231
chr1,179742423,179744453,96,2030
chr1,179773714,179774874,9,1160
chr1,179817993,179818956,7,963
chr1,179882440,179882712,22,272
chr1,179955171,179955496,7,325
chr1,180154477,180155766,62,1289
chr1,180182970,180183570,8,600
chr1,180194834,180196025,10,1191
chr1,180213561,180213620,5,59
chr1,180229018,180231840,141,2822
chr1,180232919,180236222,122,3303
chr1,180259481,180259619,5,138
chr1,180260887,180261196,8,309
chr1,180271409,180271562,5,153
chr1,180502197,180502800,31,603
chr1,180596088,180596446,5,358
chr1,180632280,180632587,11,307
chr1,180911938,180913373,69,1435
chr1,180926672,180926732,6,60
chr1,180928447,180928572,6,125
chr1,180946027,180946243,6,216
chr1,180953352,180954588,45,1236
chr1,181014119,181014250,6,131
chr1,181021926,181022949,22,1023
chr1,181088627,181090229,58,1602
chr1,181104818,181106730,77,1912
chr1,181131796,181132462,6,666
chr1,181135151,181135262,5,111
chr1,181189811,181190124,23,313
chr1,181307457,181307798,6,341
chr1,181318132,181318894,20,762
chr1,181325729,181326020,9,291
chr1,181413422,181414512,17,1090
chr1,181482807,181483869,23,1062
chr1,181485493,181485933,14,440
chr1,181732817,181732898,8,81
chr1,182029501,182030175,16,674
chr1,182056774,182057295,8,521
chr1,182307824,182308184,6,360
chr1,182384434,182384547,7,113
chr1,182389921,182392645,99,2724
chr1,182516118,182516273,6,155
chr1,182588810,182590237,6,1427
chr1,182614384,182615282,40,898
chr1,182730500,182730666,7,166
chr1,182789518,182790027,30,509
chr1,182838687,182840392,62,1705
chr1,182893041,182893100,6,59
chr1,182952087,182953399,24,1312
chr1,183022670,183024254,122,1584
chr1,183185857,183186410,26,553
chr1,183207221,183208021,6,800
chr1,183245910,183245996,5,86
chr1,183416917,183419146,61,2229
chr1,183471527,183472958,79,1431
chr1,183497672,183497730,5,58
chr1,183581868,183582004,5,136
chr1,183634999,183636291,28,1292
chr1,183708828,183709046,6,218
chr1,183805205,183805276,10,71
chr1,183937688,183938886,7,1198
chr1,184036359,184037435,74,1076
chr1,184051812,184052147,15,335
chr1,184152724,184153719,14,995
chr1,184162549,184162791,5,242
chr1,184386286,184387931,69,1645
chr1,184675939,184676009,7,70
chr1,184754270,184755294,69,1024
chr1,184973741,184974441,44,700
chr1,185045109,185046039,52,930
chr1,185053962,185054783,14,821
chr1,185085746,185085800,5,54
chr1,185156429,185157476,31,1047
chr1,185316214,185318178,55,1964
chr1,185329958,185330151,5,193
chr1,185404180,185404257,6,77
chr1,185420292,185420562,5,270
chr1,185638685,185639104,7,419
chr1,185649093,185649289,5,196
chr1,185664642,185664849,5,207
chr1,185693876,185694214,6,338
chr1,186375175,186376172,34,997
chr1,186466695,186466744,6,49
chr1,186625226,186625557,14,331
chr1,186680147,186680853,6,706
chr1,186710346,186710535,5,189
chr1,186919573,186920064,7,491
chr1,186962710,186962812,5,102
chr1,186980138,186980234,6,96
chr1,187074038,187074140,8,102
chr1,187703641,187703678,7,37
chr1,187940745,187940810,5,65
chr1,188474247,188474386,5,139
chr1,188483030,188483126,6,96
chr1,188655989,188656107,5,118
chr1,188813073,188813176,11,103
chr1,189023007,189023120,6,113
chr1,189441002,189441056,5,54
chr1,189521013,189521116,6,103
chr1,189697021,189697396,6,375
chr1,189801801,189801995,7,194
chr1,189830668,189830717,5,49
chr1,189926499,189926844,5,345
chr1,190120693,190120797,5,104
chr1,190148318,190148409,7,91
chr1,190166913,190167016,5,103
chr1,190478171,190478996,14,825
chr1,190770745,190770805,6,60
chr1,190989747,190990960,12,1213
chr1,191134955,191135121,6,166
chr1,191151450,191152386,9,936
chr1,191349720,191349769,5,49
chr1,191425554,191425886,5,332
chr1,191596051,191596221,6,170
chr1,192209708,192209757,5,49
chr1,192292892,192293361,12,469
chr1,192808576,192809048,39,472
chr1,192912128,192912222,5,94
chr1,192992133,192993007,5,874
chr1,193058838,193060140,38,1302
chr1,193104564,193105534,16,970
chr1,193121527,193122225,34,698
chr1,193236825,193237029,5,204
chr1,193280167,193280637,6,470
chr1,194001861,194001900,5,39
chr1,194118264,194118357,6,93
chr1,194130169,194130376,6,207
chr1,194283637,194283843,5,206
chr1,194358261,194358585,13,324
chr1,194859124,194859228,9,104
chr1,195004082,195004221,6,139
chr1,195702588,195702838,6,250
chr1,195723082,195723242,6,160
chr1,196382297,196382402,6,105
chr1,196494500,196494624,7,124
chr1,196608826,196608861,6,35
chr1,196878094,196878258,17,164
chr1,196933667,196933771,7,104
chr1,196963330,196963755,11,425
chr1,197146110,197146860,32,750
chr1,197200755,197201547,44,792
chr1,197450356,197450767,6,411
chr1,197774684,197775601,50,917
chr1,197902568,197903164,19,596
chr1,197910532,197914060,66,3528
chr1,197915629,197916738,39,1109
chr1,197917811,197920276,41,2465
chr1,197923222,197923583,8,361
chr1,197927623,197927695,5,72
chr1,197929099,197929220,7,121
chr1,197990081,197990424,10,343
chr1,198133294,198133342,5,48
chr1,198156771,198157731,83,960
chr1,198665112,198665182,6,70
chr1,198679044,198680309,6,1265
chr1,198719399,198719703,5,304
chr1,198996197,198996233,6,36
chr1,199954517,199954664,5,147
chr1,200029560,200029882,9,322
chr1,200034068,200034597,12,529
chr1,200035685,200036062,16,377
chr1,200038490,200042874,116,4384
chr1,200213046,200213502,5,456
chr1,200240807,200240843,5,36
chr1,200242702,200242851,5,149
chr1,200255032,200255222,6,190
chr1,200257350,200257467,7,117
chr1,200302409,200302669,6,260
chr1,200365022,200365327,5,305
chr1,200409418,200410125,17,707
chr1,200411634,200411955,12,321
chr1,200487471,200488901,8,1430
chr1,200509643,200509675,5,32
chr1,200619988,200620822,23,834
chr1,200669667,200670232,43,565
chr1,200711881,200712034,5,153
chr1,200738770,200739799,81,1029
chr1,200750717,200750995,8,278
chr1,200870090,200870368,5,278
chr1,200872443,200874289,55,1846
chr1,200887391,200887483,5,92
chr1,200890780,200891966,14,1186
chr1,200894558,200895835,5,1277
chr1,200911706,200912114,15,408
chr1,200915895,200916443,6,548
chr1,200935191,200935559,7,368
chr1,200972433,200973243,16,810
chr1,200987024,200987544,6,520
chr1,201005009,201005047,5,38
chr1,201014060,201014217,12,157
chr1,201021312,201021635,5,323
chr1,201023082,201023763,40,681
chr1,201072069,201072623,5,554
chr1,201096319,201097245,6,926
chr1,201114174,201115867,55,1693
chr1,201127014,201127161,8,147
chr1,201153953,201154352,25,399
chr1,201170784,201171249,29,465
chr1,201226819,201227308,6,489
chr1,201254762,201255133,9,371
chr1,201275190,201275795,12,605
chr1,201283072,201284843,23,1771
chr1,201317701,201318746,5,1045
chr1,201347933,201348458,5,525
chr1,201358942,201359467,9,525
chr1,201399203,201399868,42,665
chr1,201408254,201409366,8,1112
chr1,201411449,201411552,9,103
chr1,201443946,201444292,8,346
chr1,201448311,201448437,6,126
chr1,201451352,201451820,6,468
chr1,201463759,201463922,6,163
chr1,201468170,201469324,50,1154
chr1,201480626,201482377,17,1751
chr1,201506818,201507243,23,425
chr1,201519830,201520052,6,222
chr1,201531322,201531571,13,249
chr1,201538590,201540486,57,1896
chr1,201563143,201563276,5,133
chr1,201614386,201614457,6,71
chr1,201622986,201623515,14,529
chr1,201648242,201650616,97,2374
chr1,201739167,201740879,47,1712
chr1,201829176,201829433,17,257
chr1,201888812,201889920,39,1108
chr1,201913355,201913463,5,108
chr1,201916726,201917808,6,1082
chr1,201923847,201924240,6,393
chr1,201940811,201940841,6,30
chr1,201946161,201946800,13,639
chr1,201954909,201955303,8,394
chr1,201956683,201956784,5,101
chr1,201959885,201961159,14,1274
chr1,201982417,201983297,47,880
chr1,202008262,202010672,17,2410
chr1,202012937,202014014,14,1077
chr1,202050161,202051114,13,953
chr1,202135504,202135707,5,203
chr1,202143846,202145359,62,1513
chr1,202161188,202161972,12,784
chr1,202167367,202168302,9,935
chr1,202193000,202194435,41,1435
chr1,202198981,202199659,11,678
chr1,202214151,202214498,32,347
chr1,202271400,202271732,5,332
chr1,202301943,202302043,7,100
chr1,202341874,202342157,10,283
chr1,202348558,202348845,18,287
chr1,202358542,202359698,7,1156
chr1,202377494,202377599,5,105
chr1,202562827,202562945,7,118
chr1,202600423,202600472,5,49
chr1,202642513,202644952,31,2439
chr1,202709952,202710566,17,614
chr1,202767401,202767514,6,113
chr1,202807116,202808246,62,1130
chr1,202810621,202811664,44,1043
chr1,202839335,202842135,16,2800
chr1,202854493,202854647,5,154
chr1,202861257,202862157,25,900
chr1,202888586,202889046,37,460
chr1,202926306,202928231,46,1925
chr1,202957935,202958509,29,574
chr1,202966962,202967808,34,846
chr1,202999619,202999764,5,145
chr1,203006670,203007798,47,1128
chr1,203011499,203011704,7,205
chr1,203015781,203016021,6,240
chr1,203026084,203026990,29,906
chr1,203044388,203045554,11,1166
chr1,203060256,203060321,6,65
chr1,203075728,203076588,26,860
chr1,203127741,203129154,33,1413
chr1,203164878,203165192,6,314
chr1,203168998,203169176,6,178
chr1,203170309,203170462,8,153
chr1,203193856,203193906,7,50
chr1,203217750,203217897,6,147
chr1,203266783,203267888,12,1105
chr1,203273242,203273689,7,447
chr1,203305251,203306198,49,947
chr1,203327132,203327797,25,665
chr1,203396405,203396463,7,58
chr1,203429738,203429806,5,68
chr1,203487259,203487426,7,167
chr1,203567226,203567474,5,248
chr1,203600964,203601360,6,396
chr1,203629411,203630242,18,831
chr1,203631852,203632504,11,652
chr1,203650231,203650700,10,469
chr1,203734404,203734611,5,207
chr1,203780369,203781834,14,1465
chr1,203795039,203796221,34,1182
chr1,203833119,203833279,5,160
chr1,203861473,203861588,8,115
chr1,203900205,203900294,6,89
chr1,203901550,203901713,5,163
chr1,204072090,204075342,97,3252
chr1,204078381,204079222,7,841
chr1,204126063,204126104,6,41
chr1,204129118,204131443,25,2325
chr1,204151379,204153836,49,2457
chr1,204190675,204190762,8,87
chr1,204196526,204196696,8,170
chr1,204207226,204207303,5,77
chr1,204213866,204214158,15,292
chr1,204216881,204218200,6,1319
chr1,204259245,204259518,5,273
chr1,204351072,204352706,11,1634
chr1,204359715,204360094,13,379
chr1,204363165,204363586,10,421
chr1,204376638,204379319,51,2681
chr1,204410414,204412183,58,1769
chr1,204429965,204430751,9,786
chr1,204465430,204466263,5,833
chr1,204494434,204494815,29,381
chr1,204506375,204506530,8,155
chr1,204507697,204507839,5,142
chr1,204516268,204516581,18,313
chr1,204552415,204552968,5,553
chr1,204579554,204579969,5,415
chr1,204618299,204618752,11,453
chr1,204630641,204631012,5,371
chr1,204684497,204685891,68,1394
chr1,204690381,204690419,5,38
chr1,204721496,204722053,7,557
chr1,204807095,204807356,11,261
chr1,204828282,204828801,48,519
chr1,204831751,204832169,6,418
chr1,204858812,204859070,6,258
chr1,204978985,204979591,13,606
chr1,205043268,205045271,19,2003
chr1,205061756,205061941,5,185
chr1,205122196,205122315,5,119
chr1,205210844,205211760,47,916
chr1,205221057,205221197,7,140
chr1,205222686,205222782,5,96
chr1,205228142,205229820,21,1678
chr1,205241688,205241727,6,39
chr1,205259593,205259829,8,236
chr1,205308615,205308679,6,64
chr1,205321598,205321900,14,302
chr1,205343424,205344525,93,1101
chr1,205349785,205349880,5,95
chr1,205360322,205360373,5,51
chr1,205368507,205368778,5,271
chr1,205411293,205411371,6,78
chr1,205430663,205430720,5,57
chr1,205444991,205445092,6,101
chr1,205455735,205457427,92,1692
chr1,205481888,205482830,7,942
chr1,205504419,205506029,28,1610
chr1,205527335,205527839,5,504
chr1,205529087,205529202,14,115
chr1,205568689,205569865,30,1176
chr1,205581111,205582322,5,1211
chr1,205625468,205625561,7,93
chr1,205631181,205632226,68,1045
chr1,205634144,205635755,8,1611
chr1,205661871,205663406,14,1535
chr1,205679828,205680479,58,651
chr1,205749332,205749855,37,523
chr1,205774428,205775289,24,861
chr1,205812930,205814215,64,1285
chr1,205839767,205840280,9,513
chr1,205928031,205928281,5,250
chr1,205963528,205963966,5,438
chr1,206053096,206053224,7,128
chr1,206117356,206118915,40,1559
chr1,206151820,206152033,5,213
chr1,206203083,206203921,17,838
chr1,206454402,206454454,8,52
chr1,206468300,206469268,5,968
chr1,206470904,206471148,9,244
chr1,206476201,206477772,18,1571
chr1,206481659,206481872,6,213
chr1,206506626,206507980,67,1354
chr1,206555320,206557553,43,2233
chr1,206612821,206613881,14,1060
chr1,206635111,206636255,58,1144
chr1,206671220,206671485,6,265
chr1,206685123,206686467,58,1344
chr1,206721989,206722276,6,287
chr1,206752053,206752364,5,311
chr1,206777589,206778131,5,542
chr1,206913797,206913951,5,154
chr1,207023150,207023281,5,131
chr1,207050653,207050949,19,296
chr1,207052079,207053996,25,1917
chr1,207180323,207180429,5,106
chr1,207321662,207321886,24,224
chr1,207371702,207371745,5,43
chr1,207416821,207416948,5,127
chr1,207423208,207424135,14,927
chr1,207454201,207454812,40,611
chr1,207496136,207496532,17,396
chr1,207645053,207645329,22,276
chr1,207669321,207669667,23,346
chr1,207677178,207677501,6,323
chr1,207751767,207752308,19,541
chr1,207826813,207827002,5,189
chr1,207868753,207869259,39,506
chr1,207877152,207877208,5,56
chr1,207910587,207910845,5,258
chr1,207958983,207959874,54,891
chr1,207963194,207963679,27,485
chr1,208084327,208084432,5,105
chr1,208090080,208090497,5,417
chr1,208217717,208217983,11,266
chr1,208219811,208219945,5,134
chr1,208243041,208245531,106,2490
chr1,208487794,208488754,13,960
chr1,208739649,208739927,15,278
chr1,208826651,208826713,6,62
chr1,209106036,209106755,6,719
chr1,209207905,209208244,11,339
chr1,209231578,209233141,62,1563
chr1,209426804,209427581,6,777
chr1,209623576,209623795,7,219
chr1,209625720,209625992,18,272
chr1,209675205,209675390,9,185
chr1,209747645,209747907,7,262
chr1,209768675,209770069,8,1394
chr1,209805671,209806320,19,649
chr1,209827408,209829181,26,1773
chr1,209889112,209889352,28,240
chr1,209937870,209938642,61,772
chr1,210232555,210234187,50,1632
chr1,210250809,210252938,62,2129
chr1,210266182,210267260,5,1078
chr1,210292404,210292866,35,462
chr1,210328781,210329394,64,613
chr1,210629967,210630191,5,224
chr1,210684083,210684128,5,45
chr1,210744152,210745023,7,871
chr1,211133388,211134449,41,1061
chr1,211207398,211207620,5,222
chr1,211237350,211238723,6,1373
chr1,211246659,211247177,6,518
chr1,211258455,211260899,81,2444
chr1,211286528,211286606,5,78
chr1,211313598,211313689,5,91
chr1,211326822,211327218,36,396
chr1,211336926,211336999,7,73
chr1,211382723,211383069,32,346
chr1,211416345,211416923,44,578
chr1,211514228,211516271,48,2043
chr1,211577802,211579682,87,1880
chr1,211614053,211614522,7,469
chr1,211643802,211644082,5,280
chr1,211654960,211655305,6,345
chr1,211675300,211676213,27,913
chr1,211687161,211687697,8,536
chr1,211698564,211699513,16,949
chr1,211735683,211735839,5,156
chr1,211741087,211741254,5,167
chr1,211830124,211830713,49,589
chr1,211848029,211848090,6,61
chr1,211969688,211969811,6,123
chr1,212035138,212035757,16,619
chr1,212093402,212093596,6,194
chr1,212242396,212242775,6,379
chr1,212284787,212286590,48,1803
chr1,212319723,212320657,9,934
chr1,212414321,212414845,44,524
chr1,212431782,212433366,38,1584
chr1,212464159,212464458,6,299
chr1,212481260,212481692,5,432
chr1,212509529,212509777,6,248
chr1,212513795,212515527,13,1732
chr1,212558831,212558993,20,162
chr1,212576852,212576998,8,146
chr1,212595444,212595697,8,253
chr1,212606810,212609856,113,3046
chr1,212626069,212626364,5,295
chr1,212698992,212700919,83,1927
chr1,212857665,212858995,56,1330
chr1,212916444,212917191,19,747
chr1,212950502,212951590,43,1088
chr1,212981104,212982460,13,1356
chr1,213015366,213016303,50,937
chr1,213051270,213051398,19,128
chr1,213059673,213060094,9,421
chr1,213064245,213064460,5,215
chr1,213142656,213142884,6,228
chr1,213151752,213151802,5,50
chr1,213389614,213389751,5,137
chr1,213677979,213678097,5,118
chr1,213861854,213862080,6,226
chr1,213979959,213980238,16,279
chr1,213982681,213983118,41,437
chr1,213985511,213986397,18,886
chr1,213987611,213989378,62,1767
chr1,214107363,214107727,11,364
chr1,214280560,214281734,96,1174
chr1,214330971,214331049,6,78
chr1,214364487,214364602,6,115
chr1,214383595,214384558,27,963
chr1,214422441,214422639,5,198
chr1,214470548,214470676,6,128
chr1,214533693,214533753,6,60
chr1,214550981,214552948,97,1967
chr1,214602606,214603544,32,938
chr1,214823873,214824037,5,164
chr1,215081912,215083879,71,1967
chr1,215567532,215567723,20,191
chr1,215579622,215579868,5,246
chr1,216370284,216370572,7,288
chr1,216600781,216601337,42,556
chr1,216736275,216736696,12,421
chr1,216804263,216804375,5,112
chr1,216925361,216925492,5,131
chr1,217045679,217045768,5,89
chr1,217088685,217090726,41,2041
chr1,217133925,217134081,5,156
chr1,217136226,217138342,30,2116
chr1,217139699,217140756,29,1057
chr1,217370916,217371031,5,115
chr1,217630904,217631394,7,490
chr1,217894644,217894769,5,125
chr1,217898450,217898739,9,289
chr1,217924999,217925052,11,53
chr1,217982777,217982914,6,137
chr1,218156675,218156860,12,185
chr1,218164020,218165580,72,1560
chr1,218323597,218324397,11,800
chr1,218345324,218347601,39,2277
chr1,218743351,218743423,5,72
chr1,218752614,218752990,6,376
chr1,219173953,219174107,6,154
chr1,219273921,219274200,7,279
chr1,219375397,219375804,5,407
chr1,219480375,219480435,5,60
chr1,219579695,219579843,5,148
chr1,219927745,219928443,60,698
chr1,220045436,220046102,7,666
chr1,220094117,220094578,46,461
chr1,220271758,220272852,31,1094
chr1,220289032,220289130,7,98
chr1,220527915,220529005,87,1090
chr1,220653165,220653222,5,57
chr1,220690191,220690851,44,660
chr1,220733192,220733270,5,78
chr1,220736093,220736162,7,69
chr1,220748511,220748722,13,211
chr1,220786244,220787435,41,1191
chr1,220810451,220810535,6,84
chr1,220876618,220877400,35,782
chr1,220878565,220880462,126,1897
chr1,220884216,220885507,12,1291
chr1,220886988,220887592,23,604
chr1,220894477,220894992,22,515
chr1,221740810,221743519,85,2709
chr1,222431671,222431703,5,32
chr1,222465334,222465706,19,372
chr1,222544131,222544203,9,72
chr1,222589800,222590468,14,668
chr1,222604878,222604968,5,90
chr1,222618088,222619245,33,1157
chr1,222643595,222644630,29,1035
chr1,222712191,222713470,26,1279
chr1,222815004,222815404,23,400
chr1,222893445,222894172,5,727
chr1,223079893,223081652,17,1759
chr1,223083092,223084056,6,964
chr1,223129151,223129542,9,391
chr1,223133896,223134389,9,493
chr1,223143086,223143585,22,499
chr1,223203063,223203284,7,221
chr1,223223447,223223582,10,135
chr1,223267359,223267570,5,211
chr1,223363501,223365358,87,1857
chr1,223393058,223394772,52,1714
chr1,223619118,223619393,7,275
chr1,223711983,223714000,87,2017
chr1,223748987,223749301,9,314
chr1,223756838,223759450,17,2612
chr1,223845059,223847273,112,2214
chr1,223991951,223994332,18,2381
chr1,224114078,224114769,26,691
chr1,224145990,224146165,5,175
chr1,224175710,224176260,23,550
chr1,224182884,224183958,51,1074
chr1,224264869,224265040,6,171
chr1,224329867,224330425,18,558
chr1,224340926,224341004,6,78
chr1,224356822,224357498,42,676
chr1,224433862,224435074,77,1212
chr1,224474765,224475312,10,547
chr1,224615967,224618147,71,2180
chr1,224929779,224930031,27,252
chr1,225411356,225412480,5,1124
chr1,225426672,225428293,61,1621
chr1,225467317,225467917,9,600
chr1,225480614,225480986,6,372
chr1,225591393,225591508,6,115
chr1,225652369,225655051,108,2682
chr1,225677483,225677612,9,129
chr1,225703490,225705741,12,2251
chr1,225743564,225744193,7,629
chr1,225748019,225748319,6,300
chr1,225810208,225811110,10,902
chr1,225815548,225817875,15,2327
chr1,225838411,225838935,6,524
chr1,225850043,225851000,5,957
chr1,225881942,225883531,65,1589
chr1,225911775,225912175,7,400
chr1,225923624,225924421,28,797
chr1,225939244,225940766,7,1522
chr1,225962040,225963124,12,1084
chr1,225969776,225969906,5,130
chr1,225974576,225977719,13,3143
chr1,225999111,225999936,28,825
chr1,226039246,226039534,5,288
chr1,226061930,226063166,59,1236
chr1,226080218,226080451,5,233
chr1,226082116,226084581,65,2465
chr1,226087553,226087959,7,406
chr1,226102169,226102275,6,106
chr1,226108897,226111072,82,2175
chr1,226121526,226123151,100,1625
chr1,226127778,226128357,14,579
chr1,226132886,226133152,6,266
chr1,226137144,226137820,14,676
chr1,226185819,226186817,23,998
chr1,226209760,226210429,5,669
chr1,226223307,226224289,55,982
chr1,226308467,226309784,73,1317
chr1,226328560,226328762,10,202
chr1,226349402,226350686,16,1284
chr1,226366974,226367294,5,320
chr1,226405452,226405601,5,149
chr1,226407646,226408274,37,628
chr1,226425700,226426703,17,1003
chr1,226498134,226498482,6,348
chr1,226548704,226550094,85,1390
chr1,226633021,226633236,5,215
chr1,226639917,226640814,8,897
chr1,226646094,226647279,11,1185
chr1,226702118,226702253,5,135
chr1,226703295,226703491,9,196
chr1,226712140,226713460,17,1320
chr1,226736055,226739299,93,3244
chr1,226795624,226796738,7,1114
chr1,226826177,226828591,25,2414
chr1,226870297,226871224,82,927
chr1,226936681,226936713,5,32
chr1,226939530,226940551,47,1021
chr1,226963413,226965795,20,2382
chr1,227317633,227319212,63,1579
chr1,227383768,227383800,5,32
chr1,227447085,227448071,21,986
chr1,227542156,227543542,45,1386
chr1,227558457,227558806,16,349
chr1,227560507,227562420,32,1913
chr1,227563540,227563893,12,353
chr1,227606062,227606525,6,463
chr1,227640812,227641167,6,355
chr1,227669573,227669641,7,68
chr1,227727867,227728776,31,909
chr1,227730321,227731146,5,825
chr1,227734023,227735700,61,1677
chr1,227775470,227775554,8,84
chr1,227786944,227789554,65,2610
chr1,227857267,227857387,5,120
chr1,227883751,227883941,5,190
chr1,227885770,227888195,41,2425
chr1,227891491,227891535,6,44
chr1,227899778,227900156,6,378
chr1,227921637,227921698,7,61
chr1,227925014,227925433,15,419
chr1,227930337,227930598,6,261
chr1,227938846,227940881,9,2035
chr1,227946390,227949281,124,2891
chr1,227976063,227976097,5,34
chr1,228005377,228007790,53,2413
chr1,228035588,228039032,56,3444
chr1,228059388,228059470,9,82
chr1,228060952,228061111,6,159
chr1,228073325,228073940,8,615
chr1,228082077,228083690,112,1613
chr1,228097585,228097725,11,140
chr1,228101982,228103628,79,1646
chr1,228109096,228109840,21,744
chr1,228130872,228131038,9,166
chr1,228139727,228141599,83,1872
chr1,228156611,228159092,47,2481
chr1,228163200,228163613,8,413
chr1,228165464,228167468,50,2004
chr1,228173817,228175849,19,2032
chr1,228186334,228187164,9,830
chr1,228189439,228189755,5,316
chr1,228205622,228208892,29,3270
chr1,228211132,228215814,64,4682
chr1,228217079,228217189,8,110
chr1,228256868,228257055,5,187
chr1,228274958,228278918,40,3960
chr1,228280039,228280923,8,884
chr1,228285248,228286901,12,1653
chr1,228316381,228318655,29,2274
chr1,228335086,228335882,5,796
chr1,228338184,228338352,5,168
chr1,228341131,228342197,18,1066
chr1,228351200,228352027,15,827
chr1,228359840,228360618,13,778
chr1,228365404,228366843,5,1439
chr1,228368752,228368983,5,231
chr1,228371172,228372864,29,1692
chr1,228378213,228379808,25,1595
chr1,228390867,228392434,12,1567
chr1,228395155,228395233,7,78
chr1,228406064,228409265,58,3201
chr1,228416174,228416830,32,656
chr1,228445009,228446634,52,1625
chr1,228457316,228459576,67,2260
chr1,228463811,228465595,49,1784
chr1,228469346,228471450,36,2104
chr1,228485973,228489004,90,3031
chr1,228501134,228501381,9,247
chr1,228555316,228557123,46,1807
chr1,228646641,228648685,60,2044
chr1,228735074,228736703,78,1629
chr1,228755005,228755091,9,86
chr1,228773714,228773746,7,32
chr1,228990445,228990543,5,98
chr1,229146985,229148440,25,1455
chr1,229233260,229233748,8,488
chr1,229270981,229271883,51,902
chr1,229330428,229330799,7,371
chr1,229342202,229343934,89,1732
chr1,229406046,229408433,16,2387
chr1,229430971,229434846,70,3875
chr1,229483191,229483328,5,137
chr1,229508009,229508518,16,509
chr1,229558000,229559652,105,1652
chr1,229568312,229570471,20,2159
chr1,229625772,229626665,42,893
chr1,229632790,229632883,5,93
chr1,230066858,230069157,98,2299
chr1,230114573,230115219,5,646
chr1,230234844,230235822,7,978
chr1,230279421,230280147,6,726
chr1,230318960,230319126,5,166
chr1,230323368,230323669,9,301
chr1,230332854,230334190,19,1336
chr1,230381729,230382594,5,865
chr1,230392504,230392608,5,104
chr1,230393749,230393854,10,105
chr1,230416344,230416919,11,575
chr1,230424572,230426915,124,2343
chr1,230517095,230517649,5,554
chr1,230642600,230642693,10,93
chr1,230712929,230714130,15,1201
chr1,230747436,230748382,5,946
chr1,230772053,230772201,7,148
chr1,230822315,230823082,9,767
chr1,230839041,230839382,7,341
chr1,230857309,230857388,6,79
chr1,230867933,230869242,72,1309
chr1,230881960,230882647,9,687
chr1,230902306,230903552,9,1246
chr1,230978082,230979491,65,1409
chr1,231014198,231014362,7,164
chr1,231039317,231041217,114,1900
chr1,231127490,231127727,5,237
chr1,231129104,231129732,11,628
chr1,231161017,231163985,159,2968
chr1,231209035,231209095,5,60
chr1,231211412,231211998,14,586
chr1,231240843,231241532,22,689
chr1,231337209,231338662,66,1453
chr1,231405273,231406093,5,820
chr1,231420508,231422478,119,1970
chr1,231431071,231431170,9,99
chr1,231528009,231528967,14,958
chr1,231530579,231530863,10,284
chr1,231627141,231627243,10,102
chr1,231642169,231642211,9,42
chr1,231690426,231692295,10,1869
chr1,231693853,231695068,14,1215
chr1,231857813,231858261,5,448
chr1,231937597,231938163,6,566
chr1,232084037,232084138,8,101
chr1,232225731,232225980,7,249
chr1,232330633,232330788,5,155
chr1,232334851,232334968,5,117
chr1,232432248,232432362,5,114
chr1,232445629,232445766,7,137
chr1,232531781,232531965,5,184
chr1,232629305,232630810,99,1505
chr1,232805409,232805768,24,359
chr1,232864408,232864571,6,163
chr1,232950522,232950911,29,389
chr1,232999305,232999546,6,241
chr1,233327320,233329553,70,2233
chr1,233395620,233395672,5,52
chr1,233613911,233615431,65,1520
chr1,233747657,233748599,6,942
chr1,233904559,233906081,86,1522
chr1,234125388,234125899,8,511
chr1,234206395,234207110,9,715
chr1,234214282,234214664,13,382
chr1,234231153,234231827,14,674
chr1,234235838,234235949,5,111
chr1,234309475,234309665,6,190
chr1,234356938,234357147,17,209
chr1,234373407,234374291,14,884
chr1,234478371,234479624,86,1253
chr1,234490658,234490690,5,32
chr1,234509406,234509597,5,191
chr1,234598965,234600625,33,1660
chr1,234606697,234611277,131,4580
chr1,234636600,234637023,7,423
chr1,234656596,234656988,7,392
chr1,234709318,234709635,6,317
chr1,234721937,234723045,9,1108
chr1,234771082,234773647,14,2565
chr1,234778689,234779092,7,403
chr1,234863022,234863224,9,202
chr1,234898843,234899987,6,1144
chr1,234919117,234919174,6,57
chr1,234927210,234927627,7,417
chr1,234956083,234957879,6,1796
chr1,234969857,234970932,16,1075
chr1,234990042,234990093,5,51
chr1,235005369,235005556,5,187
chr1,235009016,235009554,7,538
chr1,235048094,235048500,8,406
chr1,235073528,235073793,6,265
chr1,235075697,235075889,7,192
chr1,235092795,235093232,8,437
chr1,235116278,235116625,6,347
chr1,235128443,235128643,10,200
chr1,235160961,235161320,21,359
chr1,235170662,235170805,5,143
chr1,235270099,235270231,5,132
chr1,235276948,235277455,5,507
chr1,235327126,235329144,104,2018
chr1,235348836,235349915,5,1079
chr1,235352893,235353892,6,999
chr1,235367551,235367649,7,98
chr1,235370810,235371765,8,955
chr1,235373703,235373741,6,38
chr1,235398435,235398804,5,369
chr1,235442169,235442263,7,94
chr1,235502343,235502422,5,79
chr1,235503829,235505300,48,1471
chr1,235573312,235573604,6,292
chr1,235591853,235592931,6,1078
chr1,235642158,235643217,10,1059
chr1,235648412,235650709,109,2297
chr1,235866139,235867106,50,967
chr1,235951545,235952569,7,1024
chr1,235993597,235993787,21,190
chr1,236035689,236035814,6,125
chr1,236048786,236049436,7,650
chr1,236063999,236065834,95,1835
chr1,236109230,236110088,14,858
chr1,236141406,236144594,82,3188
chr1,236147734,236148043,5,309
chr1,236168371,236170460,19,2089
chr1,236281476,236282257,52,781
chr1,236290726,236291064,6,338
chr1,236377553,236377772,5,219
chr1,236395081,236395813,60,732
chr1,236463978,236464621,12,643
chr1,236523509,236524466,42,957
chr1,236529312,236529450,6,138
chr1,236604255,236605637,39,1382
chr1,236608004,236608118,5,114
chr1,236686187,236687010,72,823
chr1,236710584,236710680,5,96
chr1,236795096,236795891,58,795
chr1,236970758,236970864,7,106
chr1,237041922,237044090,67,2168
chr1,237071905,237072209,7,304
chr1,237118696,237118915,5,219
chr1,237536571,237536631,5,60
chr1,237566595,237566723,6,128
chr1,237613823,237614698,6,875
chr1,237660602,237660962,5,360
chr1,237904880,237905022,5,142
chr1,238238995,238239157,5,162
chr1,238286426,238286576,6,150
chr1,238355085,238355314,8,229
chr1,238393393,238394081,5,688
chr1,238593451,238593738,7,287
chr1,238684922,238684992,7,70
chr1,239386553,239387904,69,1351
chr1,239397085,239397528,5,443
chr1,239519848,239519958,5,110
chr1,239997517,239998658,71,1141
chr1,240006952,240007518,6,566
chr1,240030460,240030767,6,307
chr1,240091882,240093587,88,1705
chr1,240121085,240121468,12,383
chr1,240137747,240138150,7,403
chr1,240184751,240185880,6,1129
chr1,240209411,240209549,9,138
chr1,240406782,240407230,11,448
chr1,240492644,240493061,19,417
chr1,240510293,240510367,6,74
chr1,240549905,240550125,5,220
chr1,240612079,240612101,8,22
chr1,240668159,240668456,6,297
chr1,240674793,240675466,6,673
chr1,240729810,240730123,9,313
chr1,240732094,240732488,6,394
chr1,240784111,240784467,6,356
chr1,240823511,240823608,6,97
chr1,240888806,240889117,11,311
chr1,240932814,240932976,6,162
chr1,241108131,241108227,8,96
chr1,241128134,241128501,10,367
chr1,241134793,241136109,12,1316
chr1,241238753,241239195,8,442
chr1,241356371,241357851,103,1480
chr1,241424039,241424841,39,802
chr1,241516540,241516813,7,273
chr1,241519174,241519839,46,665
chr1,241551848,241552602,7,754
chr1,241640156,241641103,29,947
chr1,241705466,241705744,6,278
chr1,241748705,241749023,5,318
chr1,241832238,241832362,5,124
chr1,241847755,241848244,20,489
chr1,241853821,241854230,6,409
chr1,241885131,241885445,5,314
chr1,241915657,241915956,5,299
chr1,241944991,241945272,5,281
chr1,241979082,241979255,13,173
chr1,242012784,242013214,8,430
chr1,242020958,242021345,5,387
chr1,242024832,242025193,7,361
chr1,242057127,242057312,10,185
chr1,242437956,242438723,10,767
chr1,242470091,242470296,16,205
chr1,242523814,242525271,85,1457
chr1,242558972,242559360,6,388
chr1,242689444,242690780,6,1336
chr1,242890256,242890766,31,510
chr1,242956533,242956695,6,162
chr1,243055120,243055567,8,447
chr1,243101087,243101190,6,103
chr1,243226730,243226896,5,166
chr1,243254440,243256272,66,1832
chr1,243258601,243259228,8,627
chr1,243267311,243267580,6,269
chr1,243296589,243296628,5,39
chr1,243327842,243327995,5,153
chr1,243332660,243332834,6,174
chr1,243348147,243348196,6,49
chr1,243438035,243438170,6,135
chr1,243473941,243475416,16,1475
chr1,243483232,243483740,9,508
chr1,243487741,243488641,17,900
chr1,243491755,243492344,8,589
chr1,243496315,243496359,6,44
chr1,243849058,243851153,96,2095
chr1,243887549,243887591,6,42
chr1,243916505,243917790,16,1285
chr1,243931186,243931783,12,597
chr1,244047915,244049882,104,1967
chr1,244070347,244070430,5,83
chr1,244073673,244075152,8,1479
chr1,244077429,244077526,5,97
chr1,244178340,244178402,5,62
chr1,244184305,244184687,5,382
chr1,244214906,244215566,5,660
chr1,244231905,244232063,5,158
chr1,244256281,244256448,6,167
chr1,244299664,244299967,5,303
chr1,244359833,244360001,5,168
chr1,244364197,244364784,5,587
chr1,244367581,244367710,6,129
chr1,244451229,244452423,61,1194
chr1,244461219,244461542,18,323
chr1,244652898,244653683,43,785
chr1,244729371,244730895,65,1524
chr1,244740625,244740946,10,321
chr1,244786099,244788110,9,2011
chr1,244828804,244829383,13,579
chr1,244833021,244833850,5,829
chr1,244835136,244835933,57,797
chr1,244863136,244864685,81,1549
chr1,244877610,244877752,5,142
chr1,244903405,244905173,32,1768
chr1,244918668,244918884,13,216
chr1,244924089,244924228,5,139
chr1,244931387,244931779,5,392
chr1,244945883,244946215,6,332
chr1,244951807,244951873,5,66
chr1,244969731,244971290,77,1559
chr1,245081456,245081561,5,105
chr1,245109506,245109779,5,273
chr1,245129700,245129877,5,177
chr1,245153171,245156908,169,3737
chr1,245202684,245202797,6,113
chr1,245212496,245212787,8,291
chr1,245217669,245219231,7,1562
chr1,245229509,245230089,7,580
chr1,245257945,245258874,7,929
chr1,245303246,245303291,5,45
chr1,245362269,245362394,5,125
chr1,245366929,245367068,5,139
chr1,245418183,245418568,8,385
chr1,245441537,245442318,8,781
chr1,245464903,245465556,12,653
chr1,245488526,245489083,5,557
chr1,245527388,245527791,7,403
chr1,245552715,245552875,5,160
chr1,245565491,245565606,6,115
chr1,245577897,245577997,5,100
chr1,245590204,245590333,14,129
chr1,245592003,245592152,6,149
chr1,245605454,245606429,11,975
chr1,245609394,245610100,13,706
chr1,245685238,245689013,84,3775
chr1,245745544,245745799,5,255
chr1,246002155,246002277,7,122
chr1,246088323,246088466,5,143
chr1,246101776,246102600,5,824
chr1,246147075,246148064,17,989
chr1,246185339,246185554,7,215
chr1,246506559,246507274,20,715
chr1,246516265,246516326,6,61
chr1,246565636,246566938,51,1302
chr1,246607374,246607937,10,563
chr1,246615276,246615376,8,100
chr1,246689820,246690139,5,319
chr1,246699313,246699392,6,79
chr1,246703536,246703821,8,285
chr1,246724047,246724646,33,599
chr1,246775849,246776194,7,345
chr1,246788616,246789295,33,679
chr1,246791828,246792159,7,331
chr1,246795042,246795203,6,161
chr1,246796246,246796441,7,195
chr1,246805615,246805810,5,195
chr1,246834535,246835057,6,522
chr1,246931291,246932250,75,959
chr1,246944478,246944623,6,145
chr1,246945723,246945907,5,184
chr1,246971875,246972613,5,738
chr1,246992024,246992080,6,56
chr1,247007651,247008036,18,385
chr1,247078391,247078971,32,580
chr1,247090523,247091204,8,681
chr1,247100567,247100898,6,331
chr1,247104072,247106372,29,2300
chr1,247110878,247112506,63,1628
chr1,247115343,247115762,10,419
chr1,247127706,247127840,5,134
chr1,247210505,247210706,9,201
chr1,247278522,247278804,7,282
chr1,247285349,247286554,9,1205
chr1,247288848,247289155,6,307
chr1,247300865,247301097,15,232
chr1,247329214,247329292,7,78
chr1,247331052,247333151,89,2099
chr1,247347910,247348261,19,351
chr1,247371844,247373890,43,2046
chr1,247426706,247426822,5,116
chr1,247518206,247518311,15,105
chr1,247530849,247531836,30,987
chr1,247639437,247640303,15,866
chr1,247663568,247663658,5,90
chr1,247837366,247837601,5,235
chr1,247850419,247850714,6,295
chr1,247856744,247857701,64,957
chr1,247895685,247896142,8,457
chr1,247936926,247937170,10,244
chr1,248691635,248692049,12,414
chr1,248825669,248826339,15,670
chr1,248838256,248839985,60,1729
chr1,248847686,248847939,18,253
chr1,248858295,248859209,34,914
chr1,248872774,248874296,52,1522
chr1,248906234,248906305,17,71
chr1,248917335,248918358,8,1023
chr2,10748,11969,18,1221
chr2,45448,46998,97,1550
chr2,91013,91076,6,63
chr2,160260,160351,5,91
chr2,193563,194057,5,494
chr2,263509,265237,33,1728
chr2,287553,290336,121,2783
chr2,317452,317648,9,196
chr2,382080,383328,12,1248
chr2,388333,388418,6,85
chr2,397600,397730,5,130
chr2,423913,424496,5,583
chr2,426058,426276,10,218
chr2,439085,440144,6,1059
chr2,443323,443438,5,115
chr2,444736,444865,6,129
chr2,467034,468423,48,1389
chr2,496038,496281,11,243
chr2,522244,522518,13,274
chr2,525436,525790,10,354
chr2,557474,557820,10,346
chr2,573820,574023,5,203
chr2,583325,583548,10,223
chr2,601243,601453,5,210
chr2,602623,602826,6,203
chr2,620777,621940,32,1163
chr2,628366,628958,5,592
chr2,636122,636992,49,870
chr2,676702,677378,35,676
chr2,708511,709367,12,856
chr2,719836,721275,7,1439
chr2,731094,731839,6,745
chr2,742158,742427,7,269
chr2,763522,763626,6,104
chr2,771729,772613,11,884
chr2,777136,777293,11,157
chr2,794744,796858,20,2114
chr2,816987,817164,6,177
chr2,818492,819367,14,875
chr2,835220,835966,6,746
chr2,871141,871433,11,292
chr2,880126,880321,14,195
chr2,920910,922271,13,1361
chr2,927597,927674,6,77
chr2,950142,951454,57,1312
chr2,1081702,1082796,9,1094
chr2,1104174,1104983,6,809
chr2,1133861,1133941,6,80
chr2,1233486,1234237,9,751
chr2,1262573,1262792,12,219
chr2,1267568,1267741,9,173
chr2,1287577,1287614,5,37
chr2,1318791,1318920,5,129
chr2,1339908,1340244,9,336
chr2,1425295,1425529,6,234
chr2,1437247,1438185,7,938
chr2,1476912,1477967,34,1055
chr2,1493597,1494472,11,875
chr2,1495739,1496708,5,969
chr2,1502886,1502987,5,101
chr2,1511851,1512126,5,275
chr2,1549061,1549476,10,415
chr2,1550996,1551097,6,101
chr2,1557727,1559922,23,2195
chr2,1584262,1585572,22,1310
chr2,1586753,1587292,10,539
chr2,1590679,1592002,11,1323
chr2,1598440,1599108,8,668
chr2,1600260,1600640,8,380
chr2,1605242,1606227,11,985
chr2,1625342,1625384,6,42
chr2,1643391,1643516,13,125
chr2,1647183,1649699,26,2516
chr2,1653747,1653972,5,225
chr2,1676655,1676747,6,92
chr2,1685191,1686091,6,900
chr2,1691513,1692421,7,908
chr2,1705088,1705168,6,80
chr2,1713353,1715556,16,2203
chr2,1720839,1720989,7,150
chr2,1728975,1729306,5,331
chr2,1737006,1737238,10,232
chr2,1738971,1740140,10,1169
chr2,1742572,1745198,111,2626
chr2,1746200,1747538,15,1338
chr2,1751027,1751705,7,678
chr2,1759340,1759656,10,316
chr2,1792551,1793578,6,1027
chr2,1796797,1798399,20,1602
chr2,1811594,1811827,9,233
chr2,1813006,1814490,27,1484
chr2,1816339,1818669,30,2330
chr2,1824666,1824768,6,102
chr2,1832637,1833700,6,1063
chr2,1835608,1835916,6,308
chr2,1839306,1839450,11,144
chr2,1841354,1841629,5,275
chr2,1842797,1842978,9,181
chr2,1868913,1869437,6,524
chr2,1871362,1871610,5,248
chr2,1874094,1875160,5,1066
chr2,1880182,1880430,6,248
chr2,1889275,1889513,7,238
chr2,1900902,1901323,8,421
chr2,1912008,1912070,7,62
chr2,1922359,1922638,7,279
chr2,1929202,1929250,6,48
chr2,1942322,1943101,8,779
chr2,1976273,1976416,5,143
chr2,1995264,1996166,13,902
chr2,2121229,2121264,5,35
chr2,2169579,2169749,5,170
chr2,2185456,2186340,50,884
chr2,2270888,2271016,6,128
chr2,2291814,2291990,7,176
chr2,2324451,2324668,6,217
chr2,2331213,2331441,7,228
chr2,2411089,2411268,7,179
chr2,2467939,2468548,8,609
chr2,2507588,2507688,5,100
chr2,2543376,2544120,8,744
chr2,2565720,2565875,6,155
chr2,2568628,2569681,6,1053
chr2,2571682,2572054,5,372
chr2,2580650,2581310,5,660
chr2,2629379,2629764,11,385
chr2,2663526,2663883,7,357
chr2,2665867,2666049,6,182
chr2,2668711,2669507,7,796
chr2,2695768,2696913,7,1145
chr2,2704065,2705407,9,1342
chr2,2712198,2713104,6,906
chr2,2717581,2717849,6,268
chr2,2743731,2743877,5,146
chr2,2748306,2749509,5,1203
chr2,2751116,2751261,11,145
chr2,2762883,2764135,12,1252
chr2,2769697,2770242,5,545
chr2,2787426,2787831,9,405
chr2,2808015,2808512,5,497
chr2,2834090,2834383,6,293
chr2,2850332,2850729,7,397
chr2,2861801,2861941,6,140
chr2,2875577,2875720,5,143
chr2,2894080,2894367,11,287
chr2,2919700,2920386,6,686
chr2,2921555,2921914,5,359
chr2,3030645,3030733,6,88
chr2,3052999,3053186,8,187
chr2,3059477,3060746,22,1269
chr2,3128900,3128948,5,48
chr2,3145443,3145596,7,153
chr2,3147245,3147805,16,560
chr2,3223964,3224900,8,936
chr2,3238850,3238979,5,129
chr2,3282223,3282588,8,365
chr2,3287420,3287639,6,219
chr2,3303451,3303827,9,376
chr2,3313939,3314236,13,297
chr2,3322743,3323256,7,513
chr2,3327028,3327276,9,248
chr2,3348737,3348972,8,235
chr2,3377746,3380009,35,2263
chr2,3387670,3390162,39,2492
chr2,3448756,3450545,13,1789
chr2,3453086,3453609,7,523
chr2,3459764,3461348,12,1584
chr2,3482269,3483249,24,980
chr2,3485358,3485447,5,89
chr2,3489154,3489568,6,414
chr2,3494425,3494653,6,228
chr2,3517493,3519616,73,2123
chr2,3536366,3536899,7,533
chr2,3558098,3560662,38,2564
chr2,3564942,3565087,8,145
chr2,3574821,3575764,55,943
chr2,3585614,3586677,11,1063
chr2,3597100,3598028,11,928
chr2,3601201,3601636,7,435
chr2,3602765,3603252,6,487
chr2,3604476,3605846,8,1370
chr2,3611098,3611429,16,331
chr2,3632453,3632519,6,66
chr2,3639302,3640294,5,992
chr2,3641398,3643601,11,2203
chr2,3645379,3646185,9,806
chr2,3650330,3652742,44,2412
chr2,3667748,3667857,5,109
chr2,3701573,3704191,61,2618
chr2,3725337,3725820,8,483
chr2,3750614,3751190,8,576
chr2,3769224,3769770,5,546
chr2,3829096,3829223,6,127
chr2,3844338,3844455,6,117
chr2,3886267,3886521,9,254
chr2,3905060,3905837,7,777
chr2,3913384,3913874,5,490
chr2,3985398,3985446,5,48
chr2,4107720,4109085,8,1365
chr2,4184282,4185060,6,778
chr2,4929122,4929280,6,158
chr2,4964488,4964876,12,388
chr2,5253364,5254569,6,1205
chr2,5325491,5325707,5,216
chr2,5407054,5407092,6,38
chr2,5493401,5493561,10,160
chr2,5507828,5508248,12,420
chr2,5526839,5528687,10,1848
chr2,5573865,5574119,5,254
chr2,5672653,5673854,44,1201
chr2,5690889,5693977,174,3088
chr2,5696320,5697453,99,1133
chr2,5707032,5707242,6,210
chr2,5842515,5842781,7,266
chr2,5868869,5869509,10,640
chr2,5931825,5932706,5,881
chr2,5945352,5945829,5,477
chr2,5968004,5968115,6,111
chr2,5981425,5983024,11,1599
chr2,5985382,5985767,5,385
chr2,6184834,6185371,7,537
chr2,6420591,6420907,9,316
chr2,6495592,6496188,12,596
chr2,6574286,6575324,5,1038
chr2,6669012,6669350,6,338
chr2,6685967,6686727,6,760
chr2,6772008,6773272,18,1264
chr2,6864903,6866174,40,1271
chr2,6917058,6918498,45,1440
chr2,6959584,6960744,8,1160
chr2,6986248,6987085,8,837
chr2,7032109,7032624,9,515
chr2,7089676,7090129,9,453
chr2,7147314,7147587,5,273
chr2,7378498,7378700,5,202
chr2,7431005,7431445,19,440
chr2,7554341,7554400,5,59
chr2,7791321,7791408,7,87
chr2,7907237,7907492,7,255
chr2,8027926,8028312,7,386
chr2,8067260,8067680,7,420
chr2,8163061,8163528,8,467
chr2,8224482,8224700,6,218
chr2,8453871,8454072,5,201
chr2,8456035,8458013,17,1978
chr2,8487199,8488142,7,943
chr2,8538626,8538683,5,57
chr2,8543508,8544216,5,708
chr2,8545222,8546510,10,1288
chr2,8575507,8575953,13,446
chr2,8583547,8584639,19,1092
chr2,8614539,8615479,8,940
chr2,8627354,8627944,11,590
chr2,8631355,8631767,8,412
chr2,8641629,8642531,10,902
chr2,8645091,8645916,14,825
chr2,8664787,8665314,14,527
chr2,8675251,8675410,5,159
chr2,8676589,8679386,72,2797
chr2,8681220,8682527,17,1307
chr2,8684952,8685989,67,1037
chr2,8693222,8693493,10,271
chr2,8705666,8706018,7,352
chr2,8720398,8720566,7,168
chr2,8837061,8837912,47,851
chr2,8896163,8896309,5,146
chr2,9003031,9004489,112,1458
chr2,9104855,9105235,7,380
chr2,9112255,9112365,6,110
chr2,9142486,9143840,12,1354
chr2,9149283,9149971,14,688
chr2,9183892,9184639,16,747
chr2,9187167,9187199,5,32
chr2,9206172,9207844,113,1672
chr2,9212672,9212911,10,239
chr2,9214400,9214531,5,131
chr2,9264992,9265340,7,348
chr2,9379533,9379790,6,257
chr2,9397438,9397851,9,413
chr2,9407530,9408500,7,970
chr2,9422354,9424152,49,1798
chr2,9471138,9471810,9,672
chr2,9474286,9475040,58,754
chr2,9502057,9502967,8,910
chr2,9555479,9557020,43,1541
chr2,9606987,9607045,6,58
chr2,9630001,9631028,20,1027
chr2,9694664,9695965,8,1301
chr2,9729992,9731131,8,1139
chr2,9739472,9739810,13,338
chr2,9757759,9758844,7,1085
chr2,9774496,9775287,7,791
chr2,9779365,9780997,7,1632
chr2,9800840,9802181,18,1341
chr2,9814094,9814281,5,187
chr2,9843260,9844013,23,753
chr2,9949634,9952526,146,2892
chr2,9978922,9979074,5,152
chr2,10005219,10006579,22,1360
chr2,10008360,10008711,5,351
chr2,10022328,10022414,6,86
chr2,10028864,10030541,19,1677
chr2,10034090,10034368,5,278
chr2,10042217,10045527,112,3310
chr2,10051294,10052453,13,1159
chr2,10057753,10058430,8,677
chr2,10060007,10060520,8,513
chr2,10076625,10076762,5,137
chr2,10079231,10080866,107,1635
chr2,10084510,10084916,8,406
chr2,10091365,10091767,13,402
chr2,10117278,10117342,5,64
chr2,10119794,10120772,30,978
chr2,10122273,10123218,41,945
chr2,10146717,10147246,5,529
chr2,10161950,10163685,17,1735
chr2,10187032,10187294,7,262
chr2,10193413,10194236,7,823
chr2,10196632,10196745,6,113
chr2,10212936,10214351,10,1415
chr2,10231503,10231814,6,311
chr2,10235520,10236072,20,552
chr2,10241089,10244800,33,3711
chr2,10255019,10255392,13,373
chr2,10272830,10273288,5,458
chr2,10274594,10274670,6,76
chr2,10275782,10277870,12,2088
chr2,10283007,10283178,6,171
chr2,10302101,10305023,99,2922
chr2,10324583,10325771,5,1188
chr2,10330998,10331621,21,623
chr2,10363600,10364679,8,1079
chr2,10397607,10397732,5,125
chr2,10400923,10401606,11,683
chr2,10406669,10406725,5,56
chr2,10409381,10409882,8,501
chr2,10418773,10420129,26,1356
chr2,10422889,10423020,7,131
chr2,10427021,10427717,7,696
chr2,10432075,10432822,14,747
chr2,10438100,10439411,5,1311
chr2,10442099,10442168,5,69
chr2,10447718,10450204,69,2486
chr2,10458632,10458892,8,260
chr2,10489136,10489303,6,167
chr2,10495599,10497266,11,1667
chr2,10501041,10501262,6,221
chr2,10526356,10527379,11,1023
chr2,10548791,10549908,12,1117
chr2,10552811,10553782,9,971
chr2,10560304,10560475,6,171
chr2,10564247,10564497,6,250
chr2,10663874,10664113,8,239
chr2,10689658,10690657,43,999
chr2,10721370,10722202,67,832
chr2,10723763,10723906,5,143
chr2,10777274,10779654,23,2380
chr2,10811736,10814426,65,2690
chr2,10831026,10831487,15,461
chr2,10835341,10835472,6,131
chr2,10911353,10912636,75,1283
chr2,10913845,10914531,7,686
chr2,10947094,10947188,6,94
chr2,10960921,10961361,28,440
chr2,10977273,10977353,5,80
chr2,11007534,11007858,5,324
chr2,11023848,11024138,11,290
chr2,11124520,11124669,6,149
chr2,11129378,11130302,35,924
chr2,11132132,11133852,21,1720
chr2,11154406,11155798,55,1392
chr2,11158586,11158734,6,148
chr2,11159867,11160233,8,366
chr2,11165200,11165347,10,147
chr2,11269435,11269658,5,223
chr2,11321146,11321335,6,189
chr2,11343766,11345407,75,1641
chr2,11381480,11381512,5,32
chr2,11403826,11405209,10,1383
chr2,11465725,11466520,39,795
chr2,11481435,11483776,83,2341
chr2,11484938,11485000,7,62
chr2,11517490,11517983,7,493
chr2,11567551,11567759,5,208
chr2,11584053,11584968,6,915
chr2,11590268,11590385,6,117
chr2,11592726,11593222,28,496
chr2,11595265,11595409,5,144
chr2,11618413,11618951,21,538
chr2,11634016,11634348,10,332
chr2,11640173,11640377,16,204
chr2,11669099,11670140,52,1041
chr2,11676785,11677814,14,1029
chr2,11682726,11683004,9,278
chr2,11687947,11688622,6,675
chr2,11745195,11747255,49,2060
chr2,11779397,11779532,6,135
chr2,11784858,11785112,24,254
chr2,11824860,11825061,6,201
chr2,11829409,11830435,7,1026
chr2,11849333,11850416,13,1083
chr2,11863169,11863363,5,194
chr2,11864983,11865624,5,641
chr2,11996112,11996195,5,83
chr2,12105236,12106004,9,768
chr2,12492987,12493075,5,88
chr2,12716622,12718953,70,2331
chr2,12740416,12740860,10,444
chr2,12778527,12778668,5,141
chr2,12926792,12926922,16,130
chr2,13037237,13037354,5,117
chr2,13284684,13284896,6,212
chr2,13776993,13777122,6,129
chr2,13968530,13968636,6,106
chr2,14507507,14507556,5,49
chr2,14520425,14520600,6,175
chr2,14632516,14635656,103,3140
chr2,15157591,15158035,5,444
chr2,15174949,15175059,5,110
chr2,15237757,15237867,6,110
chr2,15541743,15541792,5,49
chr2,15561095,15561460,12,365
chr2,15590772,15591994,21,1222
chr2,15664870,15665100,10,230
chr2,15771828,15771976,5,148
chr2,15788560,15788705,5,145
chr2,15790378,15790591,6,213
chr2,15799908,15801094,7,1186
chr2,15810795,15811039,5,244
chr2,15940173,15943517,125,3344
chr2,15945246,15945617,8,371
chr2,16013209,16014588,25,1379
chr2,16103196,16103365,12,169
chr2,16166532,16166824,7,292
chr2,16168786,16169156,12,370
chr2,16226865,16226989,7,124
chr2,16330051,16330421,7,370
chr2,16489850,16489962,7,112
chr2,16508151,16509273,38,1122
chr2,16665396,16666639,11,1243
chr2,16855174,16855435,12,261
chr2,17240525,17240983,8,458
chr2,17304590,17304651,5,61
chr2,17518338,17518637,14,299
chr2,17538907,17540423,49,1516
chr2,17693533,17693924,7,391
chr2,17753055,17754672,87,1617
chr2,17787654,17787878,6,224
chr2,17816960,17817096,5,136
chr2,17878157,17879915,99,1758
chr2,17931510,17932141,12,631
chr2,18096364,18096431,6,67
chr2,18387210,18387651,6,441
chr2,18559725,18560630,51,905
chr2,18584734,18585007,20,273
chr2,18882872,18882932,6,60
chr2,19347676,19352101,71,4425
chr2,19353587,19353864,8,277
chr2,19355811,19358988,49,3177
chr2,19361207,19361713,25,506
chr2,19362907,19363051,12,144
chr2,19675351,19675624,8,273
chr2,19848285,19848395,5,110
chr2,19868317,19869191,33,874
chr2,19887409,19887682,5,273
chr2,19901670,19901745,13,75
chr2,19989447,19990129,14,682
chr2,20012307,20013368,48,1061
chr2,20050699,20052464,34,1765
chr2,20106636,20108156,30,1520
chr2,20140095,20140253,5,158
chr2,20172210,20172420,7,210
chr2,20212478,20212712,6,234
chr2,20223195,20226001,134,2806
chr2,20242421,20242482,7,61
chr2,20348679,20348821,9,142
chr2,20350136,20351498,78,1362
chr2,20444020,20448754,113,4734
chr2,20510182,20510412,7,230
chr2,20524514,20525061,5,547
chr2,20579348,20579508,5,160
chr2,20624784,20624858,5,74
chr2,20642566,20642674,6,108
chr2,20650616,20651261,25,645
chr2,20665221,20667957,140,2736
chr2,20669267,20672474,110,3207
chr2,20711309,20711430,5,121
chr2,20822285,20824155,34,1870
chr2,21043470,21043864,16,394
chr2,21101618,21102709,17,1091
chr2,21126469,21126527,5,58
chr2,21891114,21891426,6,312
chr2,22186356,22186454,15,98
chr2,23323392,23323588,6,196
chr2,23332099,23332755,6,656
chr2,23334528,23334727,5,199
chr2,23351483,23352345,23,862
chr2,23383698,23387247,115,3549
chr2,23402149,23402405,5,256
chr2,23453342,23453988,5,646
chr2,23501191,23502404,14,1213
chr2,23508898,23510023,7,1125
chr2,23517176,23518140,6,964
chr2,23532841,23534139,10,1298
chr2,23543382,23544345,5,963
chr2,23562180,23562273,10,93
chr2,23573733,23574434,6,701
chr2,23588752,23588947,7,195
chr2,23594219,23594404,7,185
chr2,23615301,23615571,8,270
chr2,23616817,23617180,13,363
chr2,23620623,23620963,11,340
chr2,23636107,23636540,11,433
chr2,23642431,23643075,10,644
chr2,23667121,23667751,6,630
chr2,23684916,23685705,18,789
chr2,23857946,23858213,5,267
chr2,23926387,23927897,64,1510
chr2,23939355,23940816,76,1461
chr2,23949229,23949464,5,235
chr2,23952288,23952537,8,249
chr2,23957702,23957758,5,56
chr2,24009733,24011206,51,1473
chr2,24049406,24050419,56,1013
chr2,24076057,24077681,52,1624
chr2,24083625,24084843,23,1218
chr2,24101883,24101977,7,94
chr2,24123007,24123596,27,589
chr2,24174933,24175826,48,893
chr2,24209993,24211216,6,1223
chr2,24216207,24216626,5,419
chr2,24255909,24256040,5,131
chr2,24359760,24362117,40,2357
chr2,24402208,24403352,21,1144
chr2,24489788,24492545,113,2757
chr2,24601835,24601954,5,119
chr2,24677268,24677899,6,631
chr2,24793261,24794256,25,995
chr2,24813170,24813704,9,534
chr2,24822924,24823784,5,860
chr2,24825312,24826269,5,957
chr2,24834780,24836071,17,1291
chr2,24852246,24852796,8,550
chr2,24874152,24874711,8,559
chr2,24878957,24879409,6,452
chr2,24886693,24887549,9,856
chr2,24917751,24920803,143,3052
chr2,24926465,24927139,22,674
chr2,24965130,24965341,5,211
chr2,24971327,24972395,39,1068
chr2,25012531,25013839,8,1308
chr2,25041756,25042697,90,941
chr2,25068924,25069026,5,102
chr2,25129773,25132132,16,2359
chr2,25160535,25161792,30,1257
chr2,25167516,25168873,64,1357
chr2,25202433,25202527,5,94
chr2,25204333,25206326,34,1993
chr2,25210045,25210668,14,623
chr2,25216004,25216500,36,496
chr2,25234129,25234611,7,482
chr2,25247915,25248343,11,428
chr2,25251083,25252660,31,1577
chr2,25276640,25277827,33,1187
chr2,25305899,25305971,5,72
chr2,25309745,25310792,6,1047
chr2,25313993,25315029,6,1036
chr2,25328580,25328620,5,40
chr2,25340503,25342499,129,1996
chr2,25361624,25362011,9,387
chr2,25363196,25363519,5,323
chr2,25376814,25376992,23,178
chr2,25380697,25380775,5,78
chr2,25475614,25476161,6,547
chr2,25533151,25533250,5,99
chr2,25535338,25536828,15,1490
chr2,25576885,25576993,5,108
chr2,25673016,25673852,67,836
chr2,25822269,25822361,12,92
chr2,25855760,25855986,6,226
chr2,25860108,25860571,9,463
chr2,25877480,25878729,65,1249
chr2,25896909,25897250,6,341
chr2,25921627,25922213,5,586
chr2,25951272,25951402,5,130
chr2,25980198,25983181,50,2983
chr2,26032801,26034653,60,1852
chr2,26117334,26118404,5,1070
chr2,26160681,26160787,5,106
chr2,26170127,26174248,153,4121
chr2,26178932,26179149,16,217
chr2,26184430,26185305,60,875
chr2,26186716,26187534,15,818
chr2,26192670,26193125,5,455
chr2,26244213,26245068,40,855
chr2,26267319,26268017,8,698
chr2,26298504,26298987,17,483
chr2,26300342,26300723,9,381
chr2,26302438,26304116,9,1678
chr2,26338751,26339730,5,979
chr2,26346199,26346726,36,527
chr2,26401748,26402271,50,523
chr2,26472637,26473657,14,1020
chr2,26479543,26480248,10,705
chr2,26503150,26504248,31,1098
chr2,26530358,26530844,9,486
chr2,26540399,26541103,8,704
chr2,26558465,26558625,10,160
chr2,26562374,26563144,24,770
chr2,26619270,26620005,10,735
chr2,26649237,26649860,8,623
chr2,26692531,26693452,30,921
chr2,26704264,26704568,6,304
chr2,26709993,26711046,5,1053
chr2,26724242,26724410,6,168
chr2,26762914,26764582,30,1668
chr2,26783369,26784369,8,1000
chr2,26785425,26786894,56,1469
chr2,26814491,26815769,30,1278
chr2,26843942,26844126,6,184
chr2,26846362,26849957,181,3595
chr2,26929035,26929325,5,290
chr2,26942634,26942795,11,161
chr2,26970674,26971568,34,894
chr2,27032790,27033252,27,462
chr2,27049178,27051823,72,2645
chr2,27055171,27055240,6,69
chr2,27071272,27072604,35,1332
chr2,27078476,27080176,19,1700
chr2,27082445,27083262,6,817
chr2,27085241,27087456,88,2215
chr2,27111790,27111879,13,89
chr2,27118831,27119089,28,258
chr2,27123604,27123897,8,293
chr2,27133739,27135816,30,2077
chr2,27137204,27137591,11,387
chr2,27211414,27212385,36,971
chr2,27217358,27217848,36,490
chr2,27233451,27233562,5,111
chr2,27242011,27242090,8,79
chr2,27246988,27247249,6,261
chr2,27250295,27250356,6,61
chr2,27255415,27255494,5,79
chr2,27262006,27263294,101,1288
chr2,27264413,27265317,36,904
chr2,27275417,27275466,7,49
chr2,27301642,27302266,5,624
chr2,27303407,27304040,11,633
chr2,27305538,27309244,75,3706
chr2,27323268,27323336,6,68
chr2,27354612,27354717,6,105
chr2,27356770,27357079,16,309
chr2,27360625,27360735,5,110
chr2,27369908,27371501,58,1593
chr2,27375250,27375716,11,466
chr2,27380562,27381430,27,868
chr2,27393516,27393855,14,339
chr2,27402732,27403067,5,335
chr2,27409061,27409542,25,481
chr2,27415644,27415774,5,130
chr2,27428202,27429291,69,1089
chr2,27442167,27442783,44,616
chr2,27443800,27444030,5,230
chr2,27488256,27488914,8,658
chr2,27494103,27495440,63,1337
chr2,27523178,27523302,6,124
chr2,27582888,27583834,22,946
chr2,27629105,27629315,10,210
chr2,27645929,27646127,5,198
chr2,27663407,27664560,28,1153
chr2,27715366,27715799,35,433
chr2,27717000,27717188,5,188
chr2,27719386,27720604,10,1218
chr2,27735403,27735855,28,452
chr2,27770704,27771949,21,1245
chr2,27890654,27890817,32,163
chr2,28127876,28127967,6,91
chr2,28241214,28242222,7,1008
chr2,28344155,28344414,6,259
chr2,28348445,28348740,5,295
chr2,28390134,28395729,167,5595
chr2,28406795,28408880,8,2085
chr2,28410495,28410575,6,80
chr2,28449763,28451106,7,1343
chr2,28472719,28472780,6,61
chr2,28545354,28545482,6,128
chr2,28566705,28567065,25,360
chr2,28683765,28684411,7,646
chr2,28750711,28754027,67,3316
chr2,28810142,28811267,30,1125
chr2,28839562,28839594,5,32
chr2,28858335,28859172,10,837
chr2,28868861,28869946,11,1085
chr2,28880615,28880647,5,32
chr2,28893531,28895413,70,1882
chr2,28957028,28957288,8,260
chr2,28990423,28991876,12,1453
chr2,28998159,28998205,5,46
chr2,29024676,29024763,5,87
chr2,29035445,29035576,5,131
chr2,29064941,29066062,7,1121
chr2,29115187,29115953,82,766
chr2,29215441,29215789,5,348
chr2,29220706,29220776,6,70
chr2,29240988,29241425,5,437
chr2,29527809,29529152,15,1343
chr2,29919679,29921707,59,2028
chr2,30025641,30026002,5,361
chr2,30028028,30028937,5,909
chr2,30095477,30097114,15,1637
chr2,30111458,30111940,9,482
chr2,30146882,30147929,40,1047
chr2,30230789,30232838,95,2049
chr2,30346632,30346764,7,132
chr2,30443858,30444029,5,171
chr2,30447184,30447600,32,416
chr2,30519747,30520090,10,343
chr2,30662668,30662966,5,298
chr2,30739750,30740388,6,638
chr2,30760175,30760246,5,71
chr2,31066378,31066419,5,41
chr2,31137460,31138894,80,1434
chr2,31195312,31195429,5,117
chr2,31234062,31234855,38,793
chr2,31254130,31255090,6,960
chr2,31285146,31285252,7,106
chr2,31364504,31364582,5,78
chr2,31580569,31582028,25,1459
chr2,31838404,31838979,7,575
chr2,32009607,32011029,86,1422
chr2,32025387,32025618,8,231
chr2,32038836,32039850,17,1014
chr2,32043010,32043419,8,409
chr2,32050251,32050981,7,730
chr2,32063138,32064083,53,945
chr2,32068750,32069097,5,347
chr2,32097818,32097854,5,36
chr2,32125837,32125887,5,50
chr2,32151588,32151766,6,178
chr2,32165713,32165875,11,162
chr2,32264996,32265766,8,770
chr2,32277897,32279558,21,1661
chr2,32291284,32291400,5,116
chr2,32300190,32300261,5,71
chr2,32308202,32308376,6,174
chr2,32334906,32335306,21,400
chr2,32336365,32336451,6,86
chr2,32343403,32343945,9,542
chr2,32356483,32357762,59,1279
chr2,32375935,32376042,5,107
chr2,32555362,32555467,7,105
chr2,32626945,32629527,31,2582
chr2,32669607,32669742,5,135
chr2,32682829,32682939,5,110
chr2,32916214,32916587,5,373
chr2,32946647,32947524,70,877
chr2,33140857,33141149,6,292
chr2,33278127,33278419,5,292
chr2,33475906,33476218,7,312
chr2,33599032,33600442,49,1410
chr2,33727983,33728269,9,286
chr2,33815178,33815363,5,185
chr2,33867151,33867261,5,110
chr2,33948353,33948646,5,293
chr2,33976791,33976978,6,187
chr2,34790381,34790545,5,164
chr2,34992070,34992101,7,31
chr2,36342705,36342765,5,60
chr2,36355301,36357773,106,2472
chr2,36595595,36598593,47,2998
chr2,36726743,36727103,5,360
chr2,36771267,36771480,6,213
chr2,36799797,36800041,6,244
chr2,36808162,36808328,7,166
chr2,36965646,36966708,60,1062
chr2,36971053,36971416,8,363
chr2,37038824,37039056,8,232
chr2,37083955,37084606,41,651
chr2,37156257,37157105,20,848
chr2,37196681,37197203,28,522
chr2,37231259,37231897,42,638
chr2,37236705,37237039,6,334
chr2,37324337,37325016,91,679
chr2,37328890,37329429,6,539
chr2,37344561,37345222,35,661
chr2,37574335,37575135,5,800
chr2,37670600,37672869,85,2269
chr2,37924989,37925896,62,907
chr2,37963918,37963962,6,44
chr2,38038189,38038775,23,586
chr2,38073719,38077336,128,3617
chr2,38367462,38368003,6,541
chr2,38369889,38370305,20,416
chr2,38376571,38378326,46,1755
chr2,38397320,38397369,5,49
chr2,38464176,38464325,6,149
chr2,38523930,38524157,5,227
chr2,38536161,38537586,31,1425
chr2,38600038,38600647,6,609
chr2,38602019,38603212,77,1193
chr2,38612787,38613054,6,267
chr2,38637465,38637497,5,32
chr2,38658043,38658266,8,223
chr2,38669215,38669606,13,391
chr2,38695121,38695859,5,738
chr2,38751093,38751711,17,618
chr2,38759846,38760468,6,622
chr2,38785865,38786039,5,174
chr2,38800043,38800278,5,235
chr2,38807349,38807450,5,101
chr2,38814783,38814815,5,32
chr2,38875521,38876346,33,825
chr2,38932373,38932524,6,151
chr2,38958842,38961138,47,2296
chr2,39119048,39121085,110,2037
chr2,39126047,39126117,6,70
chr2,39144900,39145133,16,233
chr2,39205483,39206146,17,663
chr2,39244014,39244048,7,34
chr2,39245095,39245274,7,179
chr2,39354367,39355146,6,779
chr2,39436543,39438135,36,1592
chr2,39449638,39450202,9,564
chr2,39454466,39454558,5,92
chr2,39665472,39666949,90,1477
chr2,39720224,39720656,6,432
chr2,40107115,40107204,5,89
chr2,40451423,40452376,57,953
chr2,40539154,40539296,5,142
chr2,41666553,41666601,6,48
chr2,41840922,41841453,14,531
chr2,41986795,41986893,5,98
chr2,42047368,42049142,51,1774
chr2,42054652,42055392,7,740
chr2,42100967,42102805,28,1838
chr2,42141870,42141961,5,91
chr2,42169626,42169855,12,229
chr2,42265242,42265400,6,158
chr2,42278498,42278828,6,330
chr2,42285207,42285875,5,668
chr2,42338203,42338238,5,35
chr2,42360769,42361630,31,861
chr2,42404585,42404830,7,245
chr2,42425164,42425313,5,149
chr2,42466637,42467261,7,624
chr2,42475453,42476967,7,1514
chr2,42492746,42495170,130,2424
chr2,42511874,42511941,6,67
chr2,42516982,42517771,7,789
chr2,42520785,42521848,6,1063
chr2,42536783,42538189,6,1406
chr2,42547201,42547487,9,286
chr2,42568498,42569354,20,856
chr2,42599314,42599546,5,232
chr2,42615813,42616152,5,339
chr2,42623851,42624008,5,157
chr2,42633813,42634001,6,188
chr2,42762977,42763382,12,405
chr2,42783809,42784027,5,218
chr2,42792526,42793235,18,709
chr2,42806726,42812037,73,5311
chr2,42827654,42829018,14,1364
chr2,42854184,42854958,17,774
chr2,42862923,42863976,5,1053
chr2,42880327,42880511,6,184
chr2,42905794,42905906,5,112
chr2,42925522,42927140,7,1618
chr2,42934741,42935174,8,433
chr2,42975487,42975915,9,428
chr2,42982308,42982377,5,69
chr2,43039615,43039736,5,121
chr2,43042330,43042784,5,454
chr2,43067748,43068371,34,623
chr2,43085599,43085790,6,191
chr2,43100594,43101711,40,1117
chr2,43162090,43162635,6,545
chr2,43170882,43171015,10,133
chr2,43183106,43183338,5,232
chr2,43218135,43218820,12,685
chr2,43219991,43220683,15,692
chr2,43223826,43227958,215,4132
chr2,43595794,43596041,20,247
chr2,43636700,43637873,53,1173
chr2,43676415,43676511,12,96
chr2,43754391,43755729,6,1338
chr2,43770004,43770201,7,197
chr2,43831786,43832127,21,341
chr2,43838488,43838754,6,266
chr2,43916762,43917201,8,439
chr2,43950926,43951145,7,219
chr2,43995580,43995926,25,346
chr2,43997912,43998819,8,907
chr2,44087185,44087273,7,88
chr2,44167845,44169931,67,2086
chr2,44199150,44199274,5,124
chr2,44270423,44270585,8,162
chr2,44361276,44362265,28,989
chr2,44779087,44779278,5,191
chr2,44801086,44802858,60,1772
chr2,44928002,44931694,98,3692
chr2,44933114,44936084,87,2970
chr2,44937483,44941079,79,3596
chr2,44942325,44944709,81,2384
chr2,44949341,44950104,34,763
chr2,44952256,44953643,63,1387
chr2,44955708,44955738,5,30
chr2,45000339,45002198,29,1859
chr2,45003699,45007308,52,3609
chr2,45008513,45011168,98,2655
chr2,45013309,45014269,25,960
chr2,45168638,45171009,92,2371
chr2,45610643,45611702,41,1059
chr2,45643366,45643934,12,568
chr2,45650046,45652750,116,2704
chr2,45917949,45918086,14,137
chr2,45961798,45961986,5,188
chr2,46061925,46062776,11,851
chr2,46181933,46182820,6,887
chr2,46294330,46294816,7,486
chr2,46296410,46299959,132,3549
chr2,46302997,46303045,5,48
chr2,46335680,46335800,6,120
chr2,46351923,46352858,9,935
chr2,46496545,46496643,6,98
chr2,46541805,46543997,95,2192
chr2,46616526,46617321,30,795
chr2,46697982,46699871,64,1889
chr2,46800860,46801555,10,695
chr2,46915331,46917012,42,1681
chr2,46939774,46941717,60,1943
chr2,46958428,46958799,8,371
chr2,47033982,47035113,6,1131
chr2,47043923,47045146,8,1223
chr2,47154655,47155348,14,693
chr2,47174344,47176741,59,2397
chr2,47272254,47273207,9,953
chr2,47326593,47326879,5,286
chr2,47344352,47345211,7,859
chr2,47366109,47366419,6,310
chr2,47368997,47370364,97,1367
chr2,47403098,47403860,36,762
chr2,47469444,47470107,18,663
chr2,47520886,47521370,19,484
chr2,47569627,47572367,167,2740
chr2,47672669,47673059,5,390
chr2,47767959,47768294,15,335
chr2,47781582,47785388,71,3806
chr2,47821466,47821604,6,138
chr2,47905346,47906627,86,1281
chr2,47922424,47922484,5,60
chr2,47927562,47927666,5,104
chr2,48111391,48113705,25,2314
chr2,48314393,48315648,50,1255
chr2,48420823,48421885,12,1062
chr2,48440271,48440869,16,598
chr2,48530245,48530740,40,495
chr2,48565083,48565213,6,130
chr2,48617759,48617929,10,170
chr2,48755544,48755999,18,455
chr2,48777338,48777436,5,98
chr2,48916075,48916146,8,71
chr2,49922095,49922175,5,80
chr2,50084494,50084619,7,125
chr2,50345556,50347621,52,2065
chr2,50434121,50434220,9,99
chr2,50479973,50480068,5,95
chr2,51027453,51028199,30,746
chr2,51348492,51348597,7,105
chr2,51581510,51582019,7,509
chr2,51780527,51780609,7,82
chr2,51932136,51932230,6,94
chr2,52243296,52243357,7,61
chr2,52313042,52313303,11,261
chr2,52447965,52448079,6,114
chr2,52570819,52572734,17,1915
chr2,52581135,52582328,5,1193
chr2,52608875,52608907,5,32
chr2,52629532,52629910,6,378
chr2,53259773,53259870,9,97
chr2,53357500,53357893,6,393
chr2,53477195,53477235,6,40
chr2,53516570,53517694,5,1124
chr2,53586734,53587095,5,361
chr2,53757197,53758364,7,1167
chr2,53782947,53783157,5,210
chr2,53786958,53787354,31,396
chr2,53859355,53860097,52,742
chr2,53970119,53971352,47,1233
chr2,54084480,54085334,6,854
chr2,54115361,54115657,21,296
chr2,54255788,54256140,8,352
chr2,54289948,54290432,16,484
chr2,54330358,54331362,24,1004
chr2,54455878,54457914,150,2036
chr2,54557655,54560326,57,2671
chr2,54629175,54629301,11,126
chr2,54673616,54674322,12,706
chr2,54722983,54725477,88,2494
chr2,54843361,54844058,7,697
chr2,54965191,54965503,5,312
chr2,55048962,55050945,58,1983
chr2,55222852,55223952,29,1100
chr2,55225914,55226018,6,104
chr2,55232578,55233202,29,624
chr2,55269127,55269266,10,139
chr2,55282168,55282241,8,73
chr2,55385574,55385723,7,149
chr2,55419848,55420066,21,218
chr2,55517428,55517749,12,321
chr2,55519084,55520639,20,1555
chr2,55617720,55617960,8,240
chr2,55693323,55695015,34,1692
chr2,55701015,55701792,11,777
chr2,55720455,55720870,6,415
chr2,55923241,55923907,24,666
chr2,56182864,56186002,105,3138
chr2,56192546,56193400,23,854
chr2,57203044,57203234,5,190
chr2,57477217,57477450,5,233
chr2,57781065,57781582,5,517
chr2,58046665,58047208,37,543
chr2,58241049,58241496,18,447
chr2,58251568,58251639,6,71
chr2,58257271,58257313,5,42
chr2,58393273,58393389,5,116
chr2,58427752,58429084,23,1332
chr2,58461735,58462418,8,683
chr2,58966888,58967105,5,217
chr2,59066891,59067266,17,375
chr2,60024055,60024185,5,130
chr2,60439766,60439877,7,111
chr2,60453329,60453495,7,166
chr2,60460728,60461793,18,1065
chr2,60549050,60555636,148,6586
chr2,60569636,60570726,8,1090
chr2,60581534,60581957,22,423
chr2,60585370,60585418,6,48
chr2,60735652,60735834,11,182
chr2,60741070,60742015,5,945
chr2,60756067,60757028,30,961
chr2,60774187,60774458,5,271
chr2,60804521,60804642,7,121
chr2,60881175,60881880,33,705
chr2,60948685,60948988,5,303
chr2,60972326,60972386,6,60
chr2,60994826,60995004,5,178
chr2,61018001,61018087,5,86
chr2,61034157,61034366,6,209
chr2,61035839,61036165,5,326
chr2,61050811,61050910,6,99
chr2,61053168,61054134,6,966
chr2,61065774,61066524,50,750
chr2,61079824,61080128,6,304
chr2,61098264,61098371,5,107
chr2,61143922,61144053,5,131
chr2,61145168,61145509,5,341
chr2,61166980,61167185,6,205
chr2,61176914,61178225,85,1311
chr2,61368038,61368356,6,318
chr2,61399267,61400167,7,900
chr2,61445459,61445574,5,115
chr2,61462163,61462681,6,518
chr2,61465833,61466119,10,286
chr2,61470154,61471990,118,1836
chr2,61474123,61475128,13,1005
chr2,61537041,61538860,27,1819
chr2,61571068,61572257,12,1189
chr2,61589865,61590056,12,191
chr2,61694428,61694843,18,415
chr2,61696158,61697395,12,1237
chr2,61734716,61735220,7,504
chr2,61763429,61764656,56,1227
chr2,61792908,61793789,8,881
chr2,61851422,61851495,7,73
chr2,61854042,61855368,15,1326
chr2,61866217,61866318,5,101
chr2,61888485,61890697,47,2212
chr2,61905784,61906211,6,427
chr2,61907983,61908716,6,733
chr2,61940889,61941113,5,224
chr2,62042556,62042576,6,20
chr2,62195127,62197802,116,2675
chr2,62230040,62230085,5,45
chr2,62273326,62273371,5,45
chr2,62293315,62294295,7,980
chr2,62456997,62457416,11,419
chr2,62474995,62475401,11,406
chr2,62505409,62506211,19,802
chr2,62705531,62706322,24,791
chr2,63047581,63055826,212,8245
chr2,63056866,63056918,8,52
chr2,63058877,63059856,45,979
chr2,63588083,63588685,30,602
chr2,63657427,63657500,5,73
chr2,63706664,63706709,5,45
chr2,63806547,63806796,9,249
chr2,63840612,63842578,49,1966
chr2,64018517,64019778,49,1261
chr2,64070107,64070172,6,65
chr2,64143556,64145380,59,1824
chr2,64453119,64455136,72,2017
chr2,64523409,64524851,54,1442
chr2,64555957,64556277,10,320
chr2,64607096,64609684,67,2588
chr2,64612494,64612529,5,35
chr2,64636476,64636557,7,81
chr2,64645268,64645336,7,68
chr2,64653385,64654638,33,1253
chr2,64671050,64671617,7,567
chr2,64701753,64701912,6,159
chr2,64750180,64751775,30,1595
chr2,64767990,64768207,23,217
chr2,64831380,64831601,5,221
chr2,64859286,64860235,18,949
chr2,64864508,64865818,42,1310
chr2,64872555,64873732,13,1177
chr2,64914189,64914523,7,334
chr2,64917868,64918058,5,190
chr2,64943985,64945101,5,1116
chr2,64988558,64990607,111,2049
chr2,65055864,65056821,39,957
chr2,65129694,65130545,35,851
chr2,65185933,65186222,13,289
chr2,65227468,65228175,44,707
chr2,65292595,65292701,7,106
chr2,65311569,65311990,9,421
chr2,65313628,65314134,26,506
chr2,65383051,65383205,7,154
chr2,65393424,65393495,5,71
chr2,65394739,65395196,9,457
chr2,65430444,65433693,110,3249
chr2,65435637,65436768,47,1131
chr2,65445207,65446037,7,830
chr2,65492494,65492826,5,332
chr2,65790433,65791500,15,1067
chr2,66418428,66418561,5,133
chr2,66425565,66427033,66,1468
chr2,66433995,66434516,17,521
chr2,66439285,66440969,30,1684
chr2,66444527,66446825,84,2298
chr2,66575813,66577634,45,1821
chr2,66581492,66583492,25,2000
chr2,66783454,66783630,5,176
chr2,66885080,66885139,5,59
chr2,67131917,67132253,6,336
chr2,67195793,67195863,6,70
chr2,67397293,67398428,6,1135
chr2,67494522,67494599,6,77
chr2,67846437,67846588,7,151
chr2,67906272,67906543,11,271
chr2,68062397,68063957,21,1560
chr2,68157251,68157899,13,648
chr2,68159539,68160444,6,905
chr2,68190302,68190421,5,119
chr2,68251172,68253115,99,1943
chr2,68319274,68320037,41,763
chr2,68362273,68362397,5,124
chr2,68447601,68448523,9,922
chr2,68467161,68467774,38,613
chr2,68635510,68636224,6,714
chr2,68643390,68643760,38,370
chr2,68653274,68653698,6,424
chr2,68774964,68775086,7,122
chr2,68896813,68897138,5,325
chr2,69012544,69013706,34,1162
chr2,69242549,69243020,6,471
chr2,69305945,69307183,50,1238
chr2,69386832,69387561,44,729
chr2,69437017,69437592,40,575
chr2,69632755,69633143,11,388
chr2,69643004,69644627,65,1623
chr2,69724012,69724094,7,82
chr2,69740613,69742793,35,2180
chr2,69757117,69757680,5,563
chr2,69829026,69830521,62,1495
chr2,69893878,69895207,29,1329
chr2,69913879,69915765,73,1886
chr2,69948736,69949908,19,1172
chr2,69972546,69972651,6,105
chr2,69978714,69978767,5,53
chr2,69998653,69998865,5,212
chr2,70021419,70021788,6,369
chr2,70054240,70054402,5,162
chr2,70058947,70059048,7,101
chr2,70075722,70075805,5,83
chr2,70081419,70082575,9,1156
chr2,70085860,70089637,57,3777
chr2,70096943,70097231,9,288
chr2,70124048,70125073,26,1025
chr2,70136490,70136874,5,384
chr2,70141616,70142861,53,1245
chr2,70148460,70148518,5,58
chr2,70181709,70181873,6,164
chr2,70190643,70190944,18,301
chr2,70223730,70224078,5,348
chr2,70248747,70248996,7,249
chr2,70257900,70258662,9,762
chr2,70291549,70292033,8,484
chr2,70293350,70294846,57,1496
chr2,70301549,70302329,29,780
chr2,70303874,70304367,5,493
chr2,70466363,70466423,5,60
chr2,70552247,70554955,55,2708
chr2,70706225,70706402,18,177
chr2,70767188,70767830,54,642
chr2,70790336,70790851,36,515
chr2,70835403,70835573,6,170
chr2,70871363,70872065,31,702
chr2,70886733,70889664,94,2931
chr2,70896301,70898195,35,1894
chr2,70899632,70902004,104,2372
chr2,70904499,70907744,69,3245
chr2,70938533,70939558,11,1025
chr2,70948331,70948694,11,363
chr2,70965223,70965947,16,724
chr2,70976906,70978839,45,1933
chr2,70980289,70980772,8,483
chr2,70994250,70996419,58,2169
chr2,71044817,71045643,8,826
chr2,71050173,71050257,5,84
chr2,71067780,71068957,26,1177
chr2,71128690,71128846,5,156
chr2,71129907,71130821,25,914
chr2,71193778,71195066,5,1288
chr2,71226870,71227348,16,478
chr2,71276199,71277841,62,1642
chr2,71331268,71332465,52,1197
chr2,71334845,71334945,6,100
chr2,71453443,71453882,22,439
chr2,71465157,71467016,46,1859
chr2,71513213,71513852,7,639
chr2,71560058,71560748,20,690
chr2,71569892,71570357,5,465
chr2,71618926,71619117,7,191
chr2,71682521,71682676,8,155
chr2,71691061,71692702,9,1641
chr2,71700229,71700844,10,615
chr2,71705314,71705381,5,67
chr2,71747041,71747261,7,220
chr2,71852164,71852640,15,476
chr2,71927496,71927568,5,72
chr2,71943775,71944665,8,890
chr2,72084409,72085334,8,925
chr2,72087672,72087773,8,101
chr2,72127406,72128467,6,1061
chr2,72130721,72131237,7,516
chr2,72132457,72132557,10,100
chr2,72137735,72139177,9,1442
chr2,72143064,72145331,60,2267
chr2,72146443,72150702,130,4259
chr2,72249355,72249415,5,60
chr2,72766878,72768479,15,1601
chr2,72814915,72815180,5,265
chr2,72825509,72825767,22,258
chr2,72827016,72827116,6,100
chr2,72838579,72838741,5,162
chr2,72862643,72862870,19,227
chr2,72887108,72887746,48,638
chr2,72914948,72921114,237,6166
chr2,72924251,72925645,34,1394
chr2,73007620,73008948,9,1328
chr2,73055539,73056062,7,523
chr2,73070534,73071887,75,1353
chr2,73111462,73113517,74,2055
chr2,73136961,73137285,12,324
chr2,73175339,73178408,74,3069
chr2,73202329,73204973,94,2644
chr2,73212784,73214688,24,1904
chr2,73232962,73234409,57,1447
chr2,73258978,73259450,6,472
chr2,73268938,73269392,47,454
chr2,73283728,73285085,38,1357
chr2,73291349,73293827,96,2478
chr2,73322467,73322601,6,134
chr2,73324252,73324611,10,359
chr2,73385705,73386516,33,811
chr2,73737216,73737807,33,591
chr2,73771797,73771913,5,116
chr2,73778627,73780146,24,1519
chr2,73828986,73829155,8,169
chr2,73906375,73906604,5,229
chr2,73925959,73927100,10,1141
chr2,73971050,73971819,9,769
chr2,73983597,73986470,82,2873
chr2,73999858,74003575,43,3717
chr2,74010268,74010347,5,79
chr2,74025477,74025563,6,86
chr2,74120233,74120552,33,319
chr2,74124067,74124278,5,211
chr2,74129951,74130786,10,835
chr2,74147383,74147853,18,470
chr2,74178454,74179430,44,976
chr2,74198496,74199537,26,1041
chr2,74374529,74374607,8,78
chr2,74391633,74391863,10,230
chr2,74402719,74403062,13,343
chr2,74414496,74416523,46,2027
chr2,74418264,74418521,15,257
chr2,74421647,74423308,19,1661
chr2,74436280,74436550,9,270
chr2,74439822,74442871,58,3049
chr2,74454927,74455515,22,588
chr2,74457553,74458033,33,480
chr2,74460481,74460507,5,26
chr2,74464691,74465601,42,910
chr2,74472140,74472807,22,667
chr2,74482533,74483078,17,545
chr2,74497815,74499910,95,2095
chr2,74502424,74503980,77,1556
chr2,74507390,74508188,23,798
chr2,74511020,74511076,5,56
chr2,74513343,74516859,123,3516
chr2,74529493,74531005,61,1512
chr2,74548522,74549266,32,744
chr2,74553663,74556372,72,2709
chr2,74607559,74607725,8,166
chr2,74621206,74621749,10,543
chr2,74647818,74648350,43,532
chr2,74654040,74654794,31,754
chr2,74715423,74715615,11,192
chr2,74795898,74795965,6,67
chr2,74833970,74835650,68,1680
chr2,74840457,74840589,5,132
chr2,74878704,74878773,6,69
chr2,74881755,74881844,6,89
chr2,74919977,74920490,23,513
chr2,74958306,74959277,32,971
chr2,75198925,75200903,39,1978
chr2,75219068,75219290,6,222
chr2,75339621,75339935,5,314
chr2,75493219,75493493,8,274
chr2,75560640,75561205,33,565
chr2,75646922,75647293,32,371
chr2,75710677,75711133,10,456
chr2,75872454,75872756,8,302
chr2,76885563,76885626,7,63
chr2,77113505,77113769,6,264
chr2,77411368,77411765,9,397
chr2,77438507,77438701,6,194
chr2,77590640,77590689,5,49
chr2,77733966,77735116,11,1150
chr2,78322493,78322598,5,105
chr2,78386964,78387020,5,56
chr2,78546911,78547049,5,138
chr2,78778961,78779304,34,343
chr2,78992501,78993919,42,1418
chr2,79239818,79240001,5,183
chr2,79512648,79513563,33,915
chr2,79584815,79585868,5,1053
chr2,79840718,79840862,8,144
chr2,80079532,80079640,6,108
chr2,80302793,80305362,56,2569
chr2,80322553,80322994,12,441
chr2,80406258,80406290,5,32
chr2,81197781,81198213,5,432
chr2,81399161,81399439,6,278
chr2,81628897,81629053,7,156
chr2,81985144,81985270,8,126
chr2,82985935,82986050,6,115
chr2,83177053,83177396,8,343
chr2,83248209,83249018,6,809
chr2,83518191,83518524,27,333
chr2,83877422,83877674,10,252
chr2,83953395,83953458,5,63
chr2,84444547,84444878,5,331
chr2,84458921,84459790,43,869
chr2,84823989,84824113,10,124
chr2,84879830,84881265,51,1435
chr2,84904432,84907878,21,3446
chr2,84925805,84926161,17,356
chr2,84949135,84949321,5,186
chr2,84970382,84972104,117,1722
chr2,84998663,84999430,5,767
chr2,85023712,85024263,7,551
chr2,85129265,85129372,5,107
chr2,85132834,85135171,83,2337
chr2,85159023,85159295,6,272
chr2,85303959,85305370,15,1411
chr2,85306500,85306750,9,250
chr2,85309185,85309413,7,228
chr2,85326494,85327700,17,1206
chr2,85340382,85340663,5,281
chr2,85352368,85356089,31,3721
chr2,85392246,85392359,6,113
chr2,85399209,85400190,6,981
chr2,85413504,85414032,27,528
chr2,85418385,85418775,24,390
chr2,85429488,85429784,6,296
chr2,85432350,85432561,6,211
chr2,85434949,85435738,6,789
chr2,85437159,85438388,36,1229
chr2,85464849,85465155,5,306
chr2,85470333,85470642,7,309
chr2,85508073,85508590,10,517
chr2,85525766,85526429,5,663
chr2,85532623,85533772,8,1149
chr2,85538521,85539847,75,1326
chr2,85561297,85563749,36,2452
chr2,85584290,85584489,24,199
chr2,85592456,85593008,5,552
chr2,85595255,85595490,14,235
chr2,85602247,85603753,56,1506
chr2,85611449,85612753,34,1304
chr2,85615123,85616979,74,1856
chr2,85644924,85645580,11,656
chr2,85674080,85675041,7,961
chr2,85712367,85712579,8,212
chr2,85728264,85729383,7,1119
chr2,85751896,85752103,6,207
chr2,85753191,85755447,127,2256
chr2,85759031,85759090,5,59
chr2,85765127,85765760,8,633
chr2,85771465,85773233,14,1768
chr2,85785240,85785552,7,312
chr2,85790752,85790819,5,67
chr2,85792335,85793226,7,891
chr2,85811257,85811466,13,209
chr2,85850528,85850786,7,258
chr2,85887788,85890222,66,2434
chr2,85936704,85936907,6,203
chr2,85984298,85984547,9,249
chr2,85986744,85986822,6,78
chr2,86000431,86000763,5,332
chr2,86029801,86030021,6,220
chr2,86033320,86034025,14,705
chr2,86074865,86074984,6,119
chr2,86077286,86077382,5,96
chr2,86130023,86130214,6,191
chr2,86155553,86156302,7,749
chr2,86166187,86166285,5,98
chr2,86195136,86195639,34,503
chr2,86197696,86199686,26,1990
chr2,86336647,86338594,90,1947
chr2,86441047,86442802,94,1755
chr2,86556769,86556897,8,128
chr2,86562722,86563376,18,654
chr2,86622681,86625177,77,2496
chr2,86687829,86688121,8,292
chr2,86719901,86720859,41,958
chr2,86786888,86787520,10,632
chr2,86788530,86791012,101,2482
chr2,86807246,86811205,35,3959
chr2,86861134,86862272,23,1138
chr2,86942938,86942978,5,40
chr2,87075875,87076826,20,951
chr2,87341814,87341841,5,27
chr2,87349229,87349321,6,92
chr2,87400555,87403771,37,3216
chr2,87404841,87405129,6,288
chr2,87583981,87584609,18,628
chr2,88002197,88002302,6,105
chr2,88003373,88003590,11,217
chr2,88016807,88017762,18,955
chr2,88055290,88055957,30,667
chr2,88170010,88171085,55,1075
chr2,88284099,88284506,19,407
chr2,88291550,88291645,5,95
chr2,88349220,88352271,34,3051
chr2,88367698,88368040,6,342
chr2,88388014,88388355,5,341
chr2,88396737,88396981,5,244
chr2,88429536,88429606,5,70
chr2,88451836,88452856,73,1020
chr2,88503382,88504390,20,1008
chr2,88529183,88529442,5,259
chr2,88625367,88628829,58,3462
chr2,88691497,88692345,26,848
chr2,88764998,88766052,28,1054
chr2,88810623,88810895,7,272
chr2,89611126,89612348,20,1222
chr2,89767878,89768053,9,175
chr2,89828863,89829748,7,885
chr2,89830993,89831818,6,825
chr2,89836118,89838067,7,1949
chr2,89839900,89840495,7,595
chr2,89965271,89965303,5,32
chr2,90238153,90238180,5,27
chr2,90300761,90300875,5,114
chr2,90323919,90326113,133,2194
chr2,90360236,90360604,35,368
chr2,90381638,90381958,6,320
chr2,90387690,90387824,6,134
chr2,91442360,91443183,38,823
chr2,91477553,91479163,150,1610
chr2,91492105,91492409,5,304
chr2,91495770,91496285,8,515
chr2,91502465,91502653,5,188
chr2,91588172,91590250,39,2078
chr2,91686268,91686992,11,724
chr2,91744616,91745039,10,423
chr2,91748761,91749204,43,443
chr2,91764721,91764931,5,210
chr2,91809352,91809590,15,238
chr2,91839987,91840656,32,669
chr2,91857905,91858547,6,642
chr2,91912470,91913005,7,535
chr2,91974182,91975102,25,920
chr2,94208871,94209234,10,363
chr2,94246770,94247775,10,1005
chr2,94272858,94273711,68,853
chr2,94735643,94735754,13,111
chr2,94737952,94738123,6,171
chr2,94856961,94857588,27,627
chr2,94873505,94876011,25,2506
chr2,94993178,94993263,6,85
chr2,95016209,95016274,5,65
chr2,95017461,95019170,11,1709
chr2,95024724,95027844,76,3120
chr2,95075765,95077006,16,1241
chr2,95090125,95090539,7,414
chr2,95114068,95114350,6,282
chr2,95121091,95121972,26,881
chr2,95140697,95140867,5,170
chr2,95159172,95159903,25,731
chr2,95165713,95166430,21,717
chr2,95193071,95193187,5,116
chr2,95195324,95196431,5,1107
chr2,95206380,95207935,50,1555
chr2,95219196,95219300,5,104
chr2,95276153,95276844,5,691
chr2,95287443,95288576,12,1133
chr2,95297309,95297446,7,137
chr2,95312885,95313771,7,886
chr2,95319970,95322286,17,2316
chr2,95323689,95324052,8,363
chr2,95344802,95347448,124,2646
chr2,95384939,95385574,5,635
chr2,95402620,95403012,20,392
chr2,95525235,95525290,7,55
chr2,95526470,95527619,39,1149
chr2,95592997,95593201,5,204
chr2,95992583,95992675,8,92
chr2,96010480,96010511,6,31
chr2,96089252,96089425,5,173
chr2,96108695,96109295,11,600
chr2,96113704,96113818,5,114
chr2,96114837,96115347,16,510
chr2,96116427,96117725,52,1298
chr2,96132585,96133402,13,817
chr2,96138667,96139028,6,361
chr2,96144417,96146722,49,2305
chr2,96182449,96183140,9,691
chr2,96208070,96209146,32,1076
chr2,96217661,96218092,9,431
chr2,96264882,96266462,65,1580
chr2,96286389,96286612,5,223
chr2,96305522,96306194,21,672
chr2,96320814,96322104,18,1290
chr2,96325230,96325589,17,359
chr2,96335748,96336112,38,364
chr2,96339966,96340493,6,527
chr2,96469795,96469899,7,104
chr2,96485938,96486511,10,573
chr2,96504597,96505661,7,1064
chr2,96508289,96509078,23,789
chr2,96526315,96528614,29,2299
chr2,96536610,96537791,91,1181
chr2,96550303,96550349,6,46
chr2,96582140,96582254,5,114
chr2,96633500,96633789,6,289
chr2,96637661,96639380,26,1719
chr2,96668903,96670436,13,1533
chr2,96687861,96688751,6,890
chr2,96724892,96725734,8,842
chr2,96752535,96752999,7,464
chr2,96760654,96762971,44,2317
chr2,96764356,96765229,11,873
chr2,96789994,96790099,6,105
chr2,96814171,96814419,6,248
chr2,96815514,96818668,101,3154
chr2,96835612,96835793,6,181
chr2,96839389,96840201,9,812
chr2,96841311,96843079,9,1768
chr2,96856201,96856570,9,369
chr2,96857830,96859022,33,1192
chr2,96860732,96861879,19,1147
chr2,96866364,96870409,148,4045
chr2,96900357,96900425,5,68
chr2,96927582,96927997,5,415
chr2,96934630,96935210,9,580
chr2,96936495,96937507,8,1012
chr2,96965022,96965673,5,651
chr2,96977119,96977309,5,190
chr2,96986060,96987173,17,1113
chr2,97094828,97095085,15,257
chr2,97113155,97114065,14,910
chr2,97163636,97163736,5,100
chr2,97590205,97590688,16,483
chr2,97646077,97646569,15,492
chr2,97658414,97660479,15,2065
chr2,97663601,97664783,57,1182
chr2,97706249,97706575,7,326
chr2,97709434,97709797,5,363
chr2,97713348,97713886,8,538
chr2,97718282,97718338,5,56
chr2,97724288,97724371,10,83
chr2,97735424,97735539,7,115
chr2,97739638,97739882,6,244
chr2,97741475,97741548,6,73
chr2,97748900,97749095,7,195
chr2,97761838,97762408,9,570
chr2,97792916,97794195,6,1279
chr2,97995423,97996480,22,1057
chr2,98081772,98081903,6,131
chr2,98086995,98087300,20,305
chr2,98215365,98215586,9,221
chr2,98279784,98281304,10,1520
chr2,98346437,98348187,82,1750
chr2,98383764,98383979,5,215
chr2,98388187,98388801,6,614
chr2,98444341,98445379,53,1038
chr2,98451503,98452618,5,1115
chr2,98490175,98490534,5,359
chr2,98519861,98519991,5,130
chr2,98539532,98539635,7,103
chr2,98566084,98566178,7,94
chr2,98572700,98572886,5,186
chr2,98585582,98585681,7,99
chr2,98608219,98609242,34,1023
chr2,98652431,98652492,5,61
chr2,98730502,98731694,90,1192
chr2,98821921,98823356,80,1435
chr2,98902335,98902762,5,427
chr2,98932164,98932564,6,400
chr2,98935733,98937350,144,1617
chr2,98977932,98978029,6,97
chr2,99100745,99101160,6,415
chr2,99141250,99141844,16,594
chr2,99154867,99155170,34,303
chr2,99180969,99181301,21,332
chr2,99235761,99235856,5,95
chr2,99237797,99237880,5,83
chr2,99336201,99338167,65,1966
chr2,99489266,99490733,91,1467
chr2,99498786,99498826,5,40
chr2,99552135,99552283,7,148
chr2,99593748,99594305,28,557
chr2,99826349,99827041,5,692
chr2,100024156,100024431,6,275
chr2,100103842,100105796,65,1954
chr2,100320653,100322585,108,1932
chr2,100393580,100393693,7,113
chr2,100403580,100405068,7,1488
chr2,100416958,100418110,85,1152
chr2,100529442,100529899,8,457
chr2,100562511,100564745,43,2234
chr2,100605418,100605529,5,111
chr2,100610443,100610566,7,123
chr2,100611606,100612813,6,1207
chr2,100638189,100638357,5,168
chr2,100734192,100734776,5,584
chr2,100818597,100821389,113,2792
chr2,100953298,100954164,9,866
chr2,100967319,100968316,9,997
chr2,100975494,100975831,6,337
chr2,100981801,100982444,5,643
chr2,101001854,101003422,15,1568
chr2,101028255,101028316,5,61
chr2,101109758,101111332,6,1574
chr2,101150025,101152688,79,2663
chr2,101198010,101198255,7,245
chr2,101214389,101215262,5,873
chr2,101252330,101253099,48,769
chr2,101308339,101309144,23,805
chr2,101343873,101344066,6,193
chr2,101386918,101387778,44,860
chr2,101427397,101428130,9,733
chr2,101451545,101451730,6,185
chr2,101473929,101474807,57,878
chr2,101571104,101571206,5,102
chr2,101621307,101621678,5,371
chr2,101632408,101633121,5,713
chr2,101643741,101643982,5,241
chr2,101665739,101665927,9,188
chr2,101669178,101669939,7,761
chr2,101685911,101685947,5,36
chr2,101696780,101699980,102,3200
chr2,101702160,101702425,9,265
chr2,101730889,101730949,6,60
chr2,101836309,101836413,5,104
chr2,102021408,102021581,5,173
chr2,102023926,102024638,8,712
chr2,102141345,102143288,34,1943
chr2,102187798,102187999,6,201
chr2,102250321,102251362,12,1041
chr2,102354455,102354523,5,68
chr2,102355608,102356468,16,860
chr2,102564740,102564860,6,120
chr2,102619131,102619567,37,436
chr2,102736583,102736746,9,163
chr2,102848516,102849097,9,581
chr2,103432469,103432685,12,216
chr2,104021617,104021793,8,176
chr2,104163085,104163399,7,314
chr2,104273839,104273971,5,132
chr2,104530952,104531204,5,252
chr2,104583116,104583536,5,420
chr2,104658289,104659580,7,1291
chr2,104758456,104758624,6,168
chr2,104766714,104766960,5,246
chr2,104842467,104845780,125,3313
chr2,104851647,104857981,146,6334
chr2,104862194,104864290,45,2096
chr2,104867344,104868177,24,833
chr2,104872188,104873960,55,1772
chr2,105037484,105038135,9,651
chr2,105143553,105144539,57,986
chr2,105178031,105178321,6,290
chr2,105236800,105237166,10,366
chr2,105252913,105253225,8,312
chr2,105261676,105261934,5,258
chr2,105308968,105309066,5,98
chr2,105329229,105330282,59,1053
chr2,105337081,105338516,35,1435
chr2,105397267,105399722,57,2455
chr2,105470843,105471095,5,252
chr2,105524616,105524677,5,61
chr2,105744421,105745745,104,1324
chr2,105821621,105821927,6,306
chr2,105833187,105833323,5,136
chr2,105842121,105842178,5,57
chr2,105851131,105851356,10,225
chr2,105868618,105868853,6,235
chr2,105881791,105881962,14,171
chr2,105893631,105893775,6,144
chr2,106053759,106054764,5,1005
chr2,106065086,106067015,28,1929
chr2,106193519,106194592,56,1073
chr2,106258609,106259050,8,441
chr2,106284962,106285115,5,153
chr2,106310820,106310962,11,142
chr2,106344499,106344580,5,81
chr2,106486972,106488209,37,1237
chr2,106525967,106526134,5,167
chr2,106542990,106543455,6,465
chr2,106580490,106580847,6,357
chr2,106582646,106582861,5,215
chr2,106584382,106584507,13,125
chr2,106586154,106587536,6,1382
chr2,106628969,106629174,5,205
chr2,106842632,106843719,18,1087
chr2,106886275,106887422,92,1147
chr2,106978605,106978914,7,309
chr2,107393221,107393473,8,252
chr2,107433463,107433677,5,214
chr2,107468438,107468674,8,236
chr2,107493781,107494486,7,705
chr2,107544602,107545120,20,518
chr2,107590072,107590117,5,45
chr2,107805623,107805883,5,260
chr2,107829792,107829832,5,40
chr2,107986471,107986979,39,508
chr2,108098516,108098561,5,45
chr2,108272013,108272641,8,628
chr2,108373652,108373960,9,308
chr2,108383992,108384391,8,399
chr2,108387957,108388100,6,143
chr2,108448671,108449163,22,492
chr2,108474014,108474152,5,138
chr2,108533015,108534766,45,1751
chr2,108577304,108577430,5,126
chr2,108712558,108712966,13,408
chr2,108715932,108716026,5,94
chr2,108718641,108719961,21,1320
chr2,108720973,108721074,7,101
chr2,108752494,108752543,5,49
chr2,108786456,108786894,39,438
chr2,108792988,108793682,6,694
chr2,108906263,108906760,9,497
chr2,108907911,108908018,9,107
chr2,108977134,108977361,8,227
chr2,109031464,109031695,26,231
chr2,109088321,109088575,5,254
chr2,109128268,109130103,69,1835
chr2,109144816,109145481,12,665
chr2,109223712,109225365,8,1653
chr2,109272795,109272887,8,92
chr2,109368997,109370332,8,1335
chr2,109436921,109437698,12,777
chr2,109502161,109502741,7,580
chr2,109592389,109592694,6,305
chr2,109613392,109615481,136,2089
chr2,109643993,109646015,9,2022
chr2,109647529,109647601,5,72
chr2,109760444,109761330,18,886
chr2,110101613,110102190,5,577
chr2,110115454,110116229,24,775
chr2,110205086,110205195,5,109
chr2,110610990,110611478,12,488
chr2,110677812,110678051,13,239
chr2,110732288,110732956,59,668
chr2,110806143,110806356,7,213
chr2,110807569,110807929,8,360
chr2,110861572,110861883,7,311
chr2,111117333,111123355,237,6022
chr2,111198036,111199028,7,992
chr2,111223243,111223306,6,63
chr2,111366223,111366850,19,627
chr2,111716215,111716328,6,113
chr2,111883742,111884193,28,451
chr2,111898010,111899871,62,1861
chr2,111925893,111925992,7,99
chr2,111957088,111957212,5,124
chr2,112004633,112004738,5,105
chr2,112055216,112056464,45,1248
chr2,112137820,112138543,25,723
chr2,112140418,112141022,20,604
chr2,112158098,112158999,8,901
chr2,112160051,112160083,5,32
chr2,112170166,112170451,5,285
chr2,112181761,112181985,15,224
chr2,112254630,112255376,37,746
chr2,112275314,112276628,18,1314
chr2,112432730,112433696,18,966
chr2,112434830,112435816,17,986
chr2,112481208,112482752,87,1544
chr2,112491116,112491270,5,154
chr2,112531736,112532286,5,550
chr2,112541367,112542414,16,1047
chr2,112562478,112563147,9,669
chr2,112584400,112584588,10,188
chr2,112588989,112589416,6,427
chr2,112645442,112647140,89,1698
chr2,112682564,112683060,8,496
chr2,112764149,112764966,38,817
chr2,112805875,112806264,6,389
chr2,113051131,113051262,5,131
chr2,113157182,113157682,44,500
chr2,113175719,113176299,6,580
chr2,113182563,113183044,7,481
chr2,113193223,113193350,5,127
chr2,113198340,113199321,46,981
chr2,113202588,113202726,5,138
chr2,113211477,113212851,16,1374
chr2,113234813,113236478,46,1665
chr2,113275994,113278890,84,2896
chr2,113324507,113325550,7,1043
chr2,113466988,113467092,5,104
chr2,113499092,113499771,19,679
chr2,113502390,113503867,35,1477
chr2,113507925,113508134,6,209
chr2,113541303,113542473,46,1170
chr2,113583725,113584604,25,879
chr2,113602232,113602376,15,144
chr2,113603585,113604425,17,840
chr2,113627217,113627265,9,48
chr2,113657895,113657967,9,72
chr2,113669488,113669548,5,60
chr2,113703892,113703965,6,73
chr2,113756147,113756705,22,558
chr2,113876513,113877435,5,922
chr2,113889972,113891164,39,1192
chr2,113978763,113979928,35,1165
chr2,114397937,114397997,6,60
chr2,114522002,114522072,6,70
chr2,114661954,114662351,25,397
chr2,114800705,114801155,5,450
chr2,114914987,114915047,5,60
chr2,114965822,114965920,6,98
chr2,115058588,115058696,5,108
chr2,115102571,115102676,5,105
chr2,115160805,115162952,137,2147
chr2,115834943,115835002,5,59
chr2,116133752,116133799,6,47
chr2,116268765,116268966,5,201
chr2,117055892,117056025,12,133
chr2,117071778,117071888,6,110
chr2,117799152,117799275,6,123
chr2,117803813,117803888,5,75
chr2,117835970,117836579,22,609
chr2,117858801,117861775,70,2974
chr2,118013314,118014213,44,899
chr2,118056062,118057488,7,1426
chr2,118088127,118088559,26,432
chr2,118185428,118186811,47,1383
chr2,118223343,118224772,59,1429
chr2,118310051,118311219,56,1168
chr2,118446848,118447035,6,187
chr2,118561821,118561889,5,68
chr2,118774542,118775081,34,539
chr2,118808611,118809366,7,755
chr2,118832726,118836353,99,3627
chr2,118841574,118850326,207,8752
chr2,118852263,118853832,55,1569
chr2,118854880,118859713,116,4833
chr2,119011606,119011758,15,152
chr2,119143147,119143321,6,174
chr2,119155677,119158810,110,3133
chr2,119182197,119182628,6,431
chr2,119222792,119224615,46,1823
chr2,119226719,119227491,5,772
chr2,119247815,119248005,10,190
chr2,119263255,119263364,6,109
chr2,119342883,119342930,5,47
chr2,119366524,119367793,52,1269
chr2,119431655,119432110,45,455
chr2,119436091,119437113,5,1022
chr2,119473206,119474135,5,929
chr2,119523042,119524624,50,1582
chr2,119544315,119544923,38,608
chr2,119678491,119679903,43,1412
chr2,119694653,119694744,6,91
chr2,119701570,119701926,5,356
chr2,119760163,119760489,36,326
chr2,120013096,120013731,39,635
chr2,120017957,120018426,9,469
chr2,120061133,120061315,6,182
chr2,120068013,120068984,8,971
chr2,120163704,120164107,6,403
chr2,120218459,120218617,5,158
chr2,120223001,120223639,33,638
chr2,120252391,120254317,44,1926
chr2,120312662,120313935,15,1273
chr2,120319227,120319291,5,64
chr2,120343151,120349906,267,6755
chr2,120358925,120359287,6,362
chr2,120374338,120374716,8,378
chr2,120398546,120399505,10,959
chr2,120430682,120432309,8,1627
chr2,120434619,120434688,7,69
chr2,120441506,120443186,48,1680
chr2,120466028,120466315,15,287
chr2,120511270,120512036,21,766
chr2,120522267,120522582,22,315
chr2,120552247,120553056,6,809
chr2,120566950,120567103,5,153
chr2,120573333,120573685,5,352
chr2,120580850,120581075,11,225
chr2,120586561,120587727,37,1166
chr2,120597077,120597183,5,106
chr2,120613889,120615504,18,1615
chr2,120654066,120655066,10,1000
chr2,120656500,120656708,8,208
chr2,120669743,120670756,15,1013
chr2,120675168,120675692,11,524
chr2,120685896,120686656,11,760
chr2,120695455,120695629,9,174
chr2,120722426,120722682,6,256
chr2,120733152,120737628,106,4476
chr2,120740043,120742183,49,2140
chr2,120753758,120753822,7,64
chr2,120775073,120776213,13,1140
chr2,120779770,120779865,5,95
chr2,120784736,120785278,5,542
chr2,120819565,120821039,7,1474
chr2,120823093,120823733,12,640
chr2,120826864,120827107,7,243
chr2,120828263,120828599,8,336
chr2,120867059,120868263,28,1204
chr2,120887360,120887987,14,627
chr2,120924892,120925110,7,218
chr2,120933147,120935244,9,2097
chr2,120981679,120982770,7,1091
chr2,120986306,120986606,14,300
chr2,120988411,120989219,9,808
chr2,120990705,120991773,13,1068
chr2,121021295,121021447,5,152
chr2,121062585,121062882,6,297
chr2,121071155,121071390,11,235
chr2,121074002,121074726,11,724
chr2,121083864,121085380,14,1516
chr2,121131752,121131853,5,101
chr2,121148348,121148474,6,126
chr2,121190990,121192153,8,1163
chr2,121212480,121213097,10,617
chr2,121237829,121237913,5,84
chr2,121256633,121257010,6,377
chr2,121262389,121262599,6,210
chr2,121273920,121274008,5,88
chr2,121284767,121285329,39,562
chr2,121330415,121330792,9,377
chr2,121529604,121530637,24,1033
chr2,121593542,121594485,9,943
chr2,121629113,121629344,7,231
chr2,121648823,121650681,39,1858
chr2,121686379,121686540,8,161
chr2,121723978,121724170,6,192
chr2,121736319,121738786,59,2467
chr2,121755617,121756833,26,1216
chr2,121765217,121765323,6,106
chr2,121806895,121807142,8,247
chr2,121840245,121840767,8,522
chr2,121902801,121903290,6,489
chr2,121975055,121975312,6,257
chr2,122052176,122052211,5,35
chr2,122436947,122437136,5,189
chr2,122661221,122661469,8,248
chr2,123406773,123407144,7,371
chr2,123646611,123646669,5,58
chr2,123682243,123682381,5,138
chr2,123911634,123912058,7,424
chr2,124024550,124026483,25,1933
chr2,124281779,124281934,5,155
chr2,124423687,124423750,5,63
chr2,124640476,124640892,7,416
chr2,124987679,124987757,7,78
chr2,125037384,125037453,7,69
chr2,125478332,125479359,5,1027
chr2,125775997,125776033,5,36
chr2,125787829,125787897,5,68
chr2,126002995,126003198,5,203
chr2,126655270,126657561,27,2291
chr2,126671313,126673233,5,1920
chr2,126776550,126778013,48,1463
chr2,126885720,126887588,28,1868
chr2,126972105,126972375,15,270
chr2,127024929,127025826,25,897
chr2,127039602,127039974,5,372
chr2,127042853,127043218,7,365
chr2,127047388,127048499,8,1111
chr2,127049935,127050000,6,65
chr2,127052272,127052494,10,222
chr2,127054206,127055911,14,1705
chr2,127060341,127060619,10,278
chr2,127061626,127061864,5,238
chr2,127064859,127065993,9,1134
chr2,127067979,127068644,24,665
chr2,127071303,127073127,5,1824
chr2,127081963,127082177,7,214
chr2,127105792,127108802,120,3010
chr2,127167905,127167973,5,68
chr2,127175641,127176525,10,884
chr2,127205927,127205990,7,63
chr2,127218562,127220226,86,1664
chr2,127387461,127388137,44,676
chr2,127400981,127401765,15,784
chr2,127408095,127408982,37,887
chr2,127415900,127416376,17,476
chr2,127422879,127423653,14,774
chr2,127431716,127431929,6,213
chr2,127526014,127527061,50,1047
chr2,127535329,127535844,6,515
chr2,127579908,127582077,16,2169
chr2,127616455,127616665,5,210
chr2,127624141,127624808,7,667
chr2,127631560,127631693,6,133
chr2,127636567,127636645,5,78
chr2,127646749,127647883,14,1134
chr2,127650314,127651142,9,828
chr2,127654269,127655315,11,1046
chr2,127664219,127664378,18,159
chr2,127674875,127675902,42,1027
chr2,127681413,127681730,14,317
chr2,127695065,127695730,5,665
chr2,127701494,127702303,55,809
chr2,127713704,127713808,5,104
chr2,127809880,127811575,14,1695
chr2,127851140,127851883,7,743
chr2,127858136,127859917,42,1781
chr2,127884674,127886537,44,1863
chr2,127927116,127928201,6,1085
chr2,127968254,127968406,5,152
chr2,128027027,128028603,107,1576
chr2,128060193,128060310,5,117
chr2,128070625,128070820,6,195
chr2,128090087,128091353,13,1266
chr2,128208144,128208874,7,730
chr2,128215272,128215359,5,87
chr2,128232121,128233718,47,1597
chr2,128238055,128239864,7,1809
chr2,128260899,128261830,6,931
chr2,128268218,128268253,5,35
chr2,128275434,128277073,6,1639
chr2,128281511,128282746,7,1235
chr2,128287611,128289384,7,1773
chr2,128292020,128292447,5,427
chr2,128305507,128305698,5,191
chr2,128317694,128319094,74,1400
chr2,128321907,128323135,56,1228
chr2,128345657,128346181,12,524
chr2,128365754,128366153,8,399
chr2,128391061,128391179,6,118
chr2,128446585,128447155,9,570
chr2,128486376,128486486,9,110
chr2,128493186,128494419,15,1233
chr2,128519158,128519197,6,39
chr2,128569317,128569643,5,326
chr2,128602829,128602873,5,44
chr2,128670878,128671199,5,321
chr2,128672407,128672486,7,79
chr2,128734072,128735335,15,1263
chr2,128736482,128737653,30,1171
chr2,128753439,128755828,16,2389
chr2,128789476,128791196,10,1720
chr2,128902852,128902957,6,105
chr2,129144224,129144601,20,377
chr2,129586923,129588053,19,1130
chr2,129752782,129753470,6,688
chr2,129760249,129760604,14,355
chr2,129877910,129878536,11,626
chr2,129911770,129913702,14,1932
chr2,129922834,129923367,9,533
chr2,129933707,129934439,24,732
chr2,129948365,129949116,7,751
chr2,129955455,129955702,6,247
chr2,129979730,129980963,21,1233
chr2,129993266,129993366,6,100
chr2,130005962,130006154,20,192
chr2,130036561,130037830,10,1269
chr2,130144434,130145629,28,1195
chr2,130152867,130153107,5,240
chr2,130179952,130180056,6,104
chr2,130181208,130182496,41,1288
chr2,130183723,130183868,5,145
chr2,130198348,130198406,5,58
chr2,130213295,130213770,22,475
chr2,130228195,130229347,54,1152
chr2,130230643,130231043,6,400
chr2,130251751,130253179,34,1428
chr2,130287750,130288866,35,1116
chr2,130316148,130316246,7,98
chr2,130327897,130328004,10,107
chr2,130336481,130337137,6,656
chr2,130342029,130343595,67,1566
chr2,130348853,130350128,7,1275
chr2,130355252,130356721,107,1469
chr2,130371216,130373279,63,2063
chr2,130391024,130392039,30,1015
chr2,130427711,130428978,14,1267
chr2,130693018,130693788,7,770
chr2,130726998,130727749,13,751
chr2,130731820,130732566,9,746
chr2,130755791,130757959,70,2168
chr2,130762335,130762425,5,90
chr2,130775477,130776256,19,779
chr2,130797173,130799064,56,1891
chr2,130836406,130837930,82,1524
chr2,130846825,130846901,5,76
chr2,130851460,130851816,12,356
chr2,130897261,130897918,8,657
chr2,130901665,130901772,5,107
chr2,130916001,130917946,15,1945
chr2,130963181,130964470,81,1289
chr2,130969319,130969455,5,136
chr2,130992445,130992537,5,92
chr2,131015927,131015983,5,56
chr2,131019343,131019726,8,383
chr2,131034504,131035658,75,1154
chr2,131039903,131041393,38,1490
chr2,131043828,131044607,8,779
chr2,131092909,131094559,94,1650
chr2,131104915,131106177,34,1262
chr2,131154918,131155225,6,307
chr2,131178936,131179015,6,79
chr2,131299569,131299944,10,375
chr2,131331136,131331251,15,115
chr2,131352537,131352851,10,314
chr2,131412632,131412770,5,138
chr2,131425281,131425469,25,188
chr2,131443215,131443775,6,560
chr2,131445019,131446154,45,1135
chr2,131460869,131461151,16,282
chr2,131492089,131494342,43,2253
chr2,131527426,131529432,29,2006
chr2,131575837,131576069,5,232
chr2,131646506,131647170,24,664
chr2,131673901,131674154,13,253
chr2,131754847,131757394,28,2547
chr2,131801775,131802782,36,1007
chr2,131827331,131830509,46,3178
chr2,131966424,131966688,17,264
chr2,132010288,132010344,7,56
chr2,132037636,132038031,16,395
chr2,132252532,132253157,19,625
chr2,132256373,132258409,45,2036
chr2,132265133,132265647,10,514
chr2,132268314,132269202,6,888
chr2,132273962,132274171,7,209
chr2,132277065,132278867,13,1802
chr2,132304711,132305724,14,1013
chr2,132352531,132353590,21,1059
chr2,132382920,132383526,6,606
chr2,132415971,132416609,28,638
chr2,132489335,132489585,7,250
chr2,132539105,132539305,5,200
chr2,132566753,132567565,5,812
chr2,132585744,132585946,6,202
chr2,132646224,132646312,5,88
chr2,132668400,132671423,116,3023
chr2,133112330,133112390,5,60
chr2,133266628,133267129,22,501
chr2,133271020,133271227,6,207
chr2,133324082,133324511,5,429
chr2,134027878,134028088,9,210
chr2,134119675,134122338,49,2663
chr2,134383840,134384431,5,591
chr2,134611712,134611809,5,97
chr2,134694880,134695366,7,486
chr2,134707030,134707250,7,220
chr2,134717553,134719222,89,1669
chr2,134918263,134919162,23,899
chr2,135003742,135004869,11,1127
chr2,135052232,135053039,28,807
chr2,135106110,135106155,5,45
chr2,135119201,135119270,5,69
chr2,135127000,135127436,10,436
chr2,135433746,135433778,5,32
chr2,135520204,135521456,6,1252
chr2,135530120,135532285,47,2165
chr2,135741645,135742349,54,704
chr2,135836745,135837546,5,801
chr2,135854260,135854358,5,98
chr2,135872308,135872417,9,109
chr2,135875136,135876492,35,1356
chr2,135985140,135985708,26,568
chr2,136003218,136003317,5,99
chr2,136025712,136025768,10,56
chr2,136079128,136079179,5,51
chr2,136116615,136119317,33,2702
chr2,136309883,136310209,5,326
chr2,136320867,136320946,6,79
chr2,136423606,136423782,11,176
chr2,136527731,136528516,5,785
chr2,136585456,136585526,5,70
chr2,136764596,136766125,56,1529
chr2,137076538,137076593,7,55
chr2,137412456,137412502,5,46
chr2,137508579,137508665,5,86
chr2,137715766,137715937,7,171
chr2,137880127,137880263,8,136
chr2,138088103,138089354,7,1251
chr2,138501633,138502644,52,1011
chr2,138635120,138635319,5,199
chr2,138659185,138659707,14,522
chr2,138679115,138679691,14,576
chr2,138779958,138780786,65,828
chr2,138877890,138878348,6,458
chr2,138922022,138922114,5,92
chr2,139410407,139411076,10,669
chr2,139413144,139413620,8,476
chr2,139789584,139789806,6,222
chr2,139990062,139991060,11,998
chr2,140073907,140074874,5,967
chr2,140166711,140166973,5,262
chr2,140610686,140610838,6,152
chr2,140640456,140640488,5,32
chr2,140645640,140645699,5,59
chr2,141145650,141146273,5,623
chr2,141264603,141265065,5,462
chr2,141314647,141314707,5,60
chr2,141365345,141365765,6,420
chr2,142015848,142015908,6,60
chr2,142130048,142130781,27,733
chr2,142526572,142526753,6,181
chr2,142531684,142532174,6,490
chr2,142546068,142547049,7,981
chr2,142728018,142728048,5,30
chr2,142743440,142743545,6,105
chr2,143566918,143566968,5,50
chr2,143936606,143937546,65,940
chr2,144331468,144333057,74,1589
chr2,144513544,144513735,9,191
chr2,144515936,144517481,85,1545
chr2,144524357,144524426,11,69
chr2,144589797,144590562,6,765
chr2,145174162,145174229,5,67
chr2,145490531,145490563,5,32
chr2,145881065,145881164,7,99
chr2,145981429,145981664,8,235
chr2,146404015,146404053,5,38
chr2,146413225,146413450,5,225
chr2,147686478,147686621,7,143
chr2,147826830,147827205,19,375
chr2,147844205,147844478,22,273
chr2,148020690,148021779,10,1089
chr2,148064226,148064276,5,50
chr2,148179180,148179271,7,91
chr2,148507615,148507676,6,61
chr2,148542887,148543395,6,508
chr2,148644373,148645858,59,1485
chr2,148874998,148876382,38,1384
chr2,149038646,149039363,18,717
chr2,149320387,149320902,27,515
chr2,149329627,149331343,81,1716
chr2,150171300,150171350,8,50
chr2,150485532,150486093,13,561
chr2,150540579,150541534,10,955
chr2,150542725,150542895,10,170
chr2,151099806,151099895,5,89
chr2,151261649,151261686,5,37
chr2,151288352,151290430,31,2078
chr2,151296029,151296247,12,218
chr2,151409809,151410428,47,619
chr2,151415271,151415450,5,179
chr2,151704814,151704853,6,39
chr2,151827991,151828306,24,315
chr2,151831672,151832049,5,377
chr2,152097632,152098890,58,1258
chr2,152175543,152176413,46,870
chr2,152237227,152237738,7,511
chr2,152335010,152336360,107,1350
chr2,152389606,152390213,5,607
chr2,152422685,152422823,5,138
chr2,152717303,152718931,50,1628
chr2,152804308,152805228,15,920
chr2,152838421,152838553,6,132
chr2,153257032,153257126,5,94
chr2,153476893,153479259,95,2366
chr2,153818090,153818449,5,359
chr2,153871477,153872930,68,1453
chr2,154290948,154290996,5,48
chr2,154602022,154602188,6,166
chr2,154697583,154699556,31,1973
chr2,155231100,155231306,10,206
chr2,155916092,155916201,5,109
chr2,156108902,156109189,5,287
chr2,156254835,156254869,5,34
chr2,156266726,156266861,6,135
chr2,156322838,156323355,11,517
chr2,156326826,156329934,53,3108
chr2,156332020,156333084,32,1064
chr2,156334140,156335549,20,1409
chr2,156341775,156342745,58,970
chr2,156394273,156394526,5,253
chr2,156400383,156400851,18,468
chr2,156415251,156415684,10,433
chr2,156435748,156436584,41,836
chr2,156484360,156484696,7,336
chr2,156617384,156618472,15,1088
chr2,156678985,156679037,5,52
chr2,157117484,157117553,5,69
chr2,157575122,157575221,6,99
chr2,157597288,157597871,26,583
chr2,157628664,157629068,31,404
chr2,157751368,157751479,5,111
chr2,157767191,157767334,6,143
chr2,157784581,157785391,7,810
chr2,157875782,157876792,65,1010
chr2,158456833,158458289,32,1456
chr2,158786472,158786580,6,108
chr2,158833739,158833989,6,250
chr2,158856289,158856364,8,75
chr2,158867183,158867709,6,526
chr2,158888229,158888682,5,453
chr2,158947524,158947859,9,335
chr2,158967954,158969702,104,1748
chr2,159225420,159225539,5,119
chr2,159228273,159228538,7,265
chr2,159245116,159245567,7,451
chr2,159286106,159287294,55,1188
chr2,159370562,159370954,7,392
chr2,159519727,159519765,6,38
chr2,159615536,159616175,38,639
chr2,159712254,159713121,26,867
chr2,159797719,159798346,57,627
chr2,159862216,159862286,5,70
chr2,159903701,159904796,32,1095
chr2,159921804,159921881,6,77
chr2,160061706,160063142,35,1436
chr2,160269305,160270617,6,1312
chr2,160407058,160408221,56,1163
chr2,160492810,160493905,35,1095
chr2,160986728,160987621,5,893
chr2,161160143,161160819,13,676
chr2,161237597,161239129,59,1532
chr2,161245001,161245039,7,38
chr2,161307987,161308918,33,931
chr2,161340921,161341655,17,734
chr2,161414640,161415475,32,835
chr2,161416808,161417143,14,335
chr2,161418254,161418981,15,727
chr2,161423378,161424103,23,725
chr2,161427099,161428219,48,1120
chr2,161625737,161625874,5,137
chr2,162073757,162074360,27,603
chr2,162221266,162221449,7,183
chr2,162234828,162235008,8,180
chr2,162262826,162262886,6,60
chr2,162318008,162319022,14,1014
chr2,162344259,162344329,8,70
chr2,162838357,162839252,20,895
chr2,163026294,163026666,11,372
chr2,163611457,163611603,5,146
chr2,163736287,163736956,42,669
chr2,163850839,163850899,5,60
chr2,163909580,163909634,8,54
chr2,163913635,163913672,7,37
chr2,164229278,164229966,5,688
chr2,164621053,164621801,56,748
chr2,164798876,164798936,5,60
chr2,164840673,164842230,65,1557
chr2,164954880,164955306,7,426
chr2,165793406,165794439,49,1033
chr2,165953364,165954170,45,806
chr2,165956455,165957251,11,796
chr2,166180387,166181270,9,883
chr2,166308850,166308887,5,37
chr2,166376343,166376560,7,217
chr2,166609866,166610830,16,964
chr2,167292826,167294220,46,1394
chr2,167716068,167716172,9,104
chr2,167875340,167876287,5,947
chr2,168147030,168147582,5,552
chr2,168246441,168248078,76,1637
chr2,168340772,168340890,6,118
chr2,168455662,168457050,39,1388
chr2,168682135,168682503,5,368
chr2,169361221,169364035,71,2814
chr2,169479739,169479908,19,169
chr2,169558479,169559067,6,588
chr2,169584347,169584718,20,371
chr2,169587093,169587334,6,241
chr2,169678265,169678574,5,309
chr2,169694398,169694725,24,327
chr2,169715826,169716177,6,351
chr2,169733331,169734667,61,1336
chr2,169767624,169768938,23,1314
chr2,169798780,169799382,12,602
chr2,169803410,169803831,6,421
chr2,169824467,169826023,42,1556
chr2,169827572,169828249,37,677
chr2,169936152,169936220,5,68
chr2,170004835,170005218,6,383
chr2,170538474,170539654,5,1180
chr2,170688018,170688762,7,744
chr2,170712255,170712356,9,101
chr2,170713562,170718048,139,4486
chr2,170770184,170772204,72,2020
chr2,170791614,170791792,6,178
chr2,170813674,170820348,168,6674
chr2,170821758,170824026,46,2268
chr2,170929114,170930577,46,1463
chr2,170936675,170937186,7,511
chr2,170973444,170974760,52,1316
chr2,171159806,171161138,105,1332
chr2,171210769,171211325,5,556
chr2,171251016,171251076,6,60
chr2,171433746,171434564,48,818
chr2,171522397,171523604,58,1207
chr2,171574302,171574500,5,198
chr2,171576035,171577386,11,1351
chr2,171687455,171688069,20,614
chr2,171874157,171874284,5,127
chr2,171893976,171894282,18,306
chr2,171916914,171918022,6,1108
chr2,171922445,171922736,26,291
chr2,171999800,172000069,18,269
chr2,172036241,172036458,8,217
chr2,172081433,172081615,9,182
chr2,172082693,172085271,48,2578
chr2,172086496,172088744,63,2248
chr2,172090049,172097393,96,7344
chr2,172099216,172102994,102,3778
chr2,172106355,172109492,41,3137
chr2,172171793,172173003,50,1210
chr2,172234975,172236470,20,1495
chr2,172384018,172384046,5,28
chr2,172423399,172423763,8,364
chr2,172427311,172429032,56,1721
chr2,172465627,172465696,8,69
chr2,172555318,172556666,56,1348
chr2,172635440,172636360,6,920
chr2,172645363,172645419,5,56
chr2,172735422,172736405,57,983
chr2,173075723,173076395,47,672
chr2,173243718,173243784,5,66
chr2,173282962,173283147,5,185
chr2,173307209,173307276,7,67
chr2,173354578,173355577,26,999
chr2,173402342,173402828,10,486
chr2,173416751,173416858,7,107
chr2,173449193,173449312,7,119
chr2,173861095,173861324,6,229
chr2,173963603,173966335,137,2732
chr2,174012615,174013295,31,680
chr2,174025765,174026085,22,320
chr2,174048466,174048548,13,82
chr2,174248156,174248952,28,796
chr2,174250866,174251057,9,191
chr2,174265057,174266083,8,1026
chr2,174325433,174326328,18,895
chr2,174328117,174329395,18,1278
chr2,174331132,174337827,136,6695
chr2,174340198,174342323,55,2125
chr2,174343688,174344739,30,1051
chr2,174395344,174396148,32,804
chr2,174438463,174438668,7,205
chr2,174486637,174487528,19,891
chr2,174519198,174519302,5,104
chr2,174547650,174548943,22,1293
chr2,174571856,174572128,5,272
chr2,174682251,174683032,58,781
chr2,174730183,174730870,25,687
chr2,174880769,174880914,6,145
chr2,174898528,174898634,7,106
chr2,174914568,174915088,5,520
chr2,174976057,174976330,7,273
chr2,175004703,175005426,57,723
chr2,175168572,175168746,8,174
chr2,175181582,175181904,21,322
chr2,175257032,175257377,24,345
chr2,175945087,175945166,5,79
chr2,176001347,176002870,20,1523
chr2,176066848,176067773,33,925
chr2,176071669,176073168,15,1499
chr2,176078928,176086173,216,7245
chr2,176087464,176088609,18,1145
chr2,176091817,176093496,85,1679
chr2,176097063,176097680,29,617
chr2,176098690,176100591,56,1901
chr2,176103708,176105057,28,1349
chr2,176106596,176109465,120,2869
chr2,176112074,176113246,20,1172
chr2,176114979,176117790,66,2811
chr2,176120913,176124831,131,3918
chr2,176128223,176130603,99,2380
chr2,176136652,176137181,30,529
chr2,176138862,176140904,39,2042
chr2,176147259,176147463,8,204
chr2,176149744,176153007,57,3263
chr2,176157430,176163927,156,6497
chr2,176165033,176165647,18,614
chr2,176171708,176172435,57,727
chr2,176175425,176175498,6,73
chr2,176178214,176178401,10,187
chr2,176187745,176190146,86,2401
chr2,176201147,176201276,6,129
chr2,176217704,176217896,5,192
chr2,176269405,176270295,13,890
chr2,176490243,176490790,22,547
chr2,176541287,176541628,8,341
chr2,176633312,176633846,10,534
chr2,176637546,176639328,64,1782
chr2,176977482,176978028,7,546
chr2,177007841,177008856,9,1015
chr2,177016416,177016872,5,456
chr2,177104347,177104518,6,171
chr2,177197805,177198025,5,220
chr2,177209416,177210373,6,957
chr2,177212263,177213405,52,1142
chr2,177218154,177218500,6,346
chr2,177263702,177265265,122,1563
chr2,177392552,177393151,45,599
chr2,177552476,177553274,28,798
chr2,177618361,177619138,42,777
chr2,177763080,177763129,5,49
chr2,177979735,177979771,5,36
chr2,178071977,178072936,19,959
chr2,178112863,178113084,11,221
chr2,178192984,178195390,86,2406
chr2,178401498,178401977,6,479
chr2,178413475,178413865,21,390
chr2,178450524,178451817,65,1293
chr2,178480192,178480828,52,636
chr2,178534286,178534460,6,174
chr2,178592871,178594030,6,1159
chr2,178699601,178699819,6,218
chr2,178965425,178965579,5,154
chr2,179056603,179056777,5,174
chr2,179148782,179148887,7,105
chr2,179264189,179264905,94,716
chr2,179860689,179862014,67,1325
chr2,180006594,180007098,13,504
chr2,180021847,180021981,12,134
chr2,180238621,180238969,6,348
chr2,180432502,180432701,7,199
chr2,180980141,180981433,74,1292
chr2,181456769,181457740,35,971
chr2,181656503,181657041,42,538
chr2,181680486,181685383,119,4897
chr2,181694466,181694583,8,117
chr2,181891702,181892759,52,1057
chr2,182498875,182499269,9,394
chr2,182532870,182533042,5,172
chr2,182608329,182608705,22,376
chr2,182679284,182679495,6,211
chr2,183029041,183029250,5,209
chr2,183037817,183038727,78,910
chr2,183062152,183062202,5,50
chr2,183124205,183124316,7,111
chr2,183257873,183258175,7,302
chr2,183260616,183260758,14,142
chr2,183704919,183705066,10,147
chr2,183711890,183712233,8,343
chr2,184327983,184328065,7,82
chr2,184461776,184461825,7,49
chr2,184567787,184567912,9,125
chr2,184597542,184599035,59,1493
chr2,184695385,184695626,6,241
chr2,185132657,185133682,12,1025
chr2,185489634,185489693,5,59
chr2,185738819,185739158,6,339
chr2,186486151,186486707,38,556
chr2,186543235,186543340,5,105
chr2,186590052,186590832,21,780
chr2,186693807,186694601,46,794
chr2,186849027,186849247,8,220
chr2,186931812,186931897,5,85
chr2,186962084,186962368,17,284
chr2,187003026,187003622,11,596
chr2,187776458,187776653,6,195
chr2,187867410,187868117,7,707
chr2,187869225,187869783,11,558
chr2,188184597,188184654,5,57
chr2,188263671,188263863,6,192
chr2,188287634,188287703,6,69
chr2,188291613,188292947,53,1334
chr2,188606691,188606761,11,70
chr2,188949041,188949315,6,274
chr2,189312229,189312390,5,161
chr2,189440882,189441121,6,239
chr2,189580878,189581717,51,839
chr2,189661040,189662103,12,1063
chr2,189674633,189674909,21,276
chr2,189759291,189759341,5,50
chr2,189784141,189784781,42,640
chr2,189821379,189822187,14,808
chr2,189879420,189879692,8,272
chr2,189923023,189923274,8,251
chr2,190034702,190034768,5,66
chr2,190094655,190094999,5,344
chr2,190180263,190181006,15,743
chr2,190213841,190213962,5,121
chr2,190279935,190280016,5,81
chr2,190319668,190319959,14,291
chr2,190343390,190344037,39,647
chr2,190407827,190408903,53,1076
chr2,190534414,190535054,62,640
chr2,190647826,190649712,99,1886
chr2,190710656,190710688,5,32
chr2,190880947,190882042,54,1095
chr2,190907030,190907350,12,320
chr2,191013940,191014176,23,236
chr2,191020288,191020603,26,315
chr2,191150553,191150720,8,167
chr2,191245005,191246297,65,1292
chr2,191344754,191344789,5,35
chr2,191442601,191442661,6,60
chr2,191552267,191552932,10,665
chr2,191677671,191679354,53,1683
chr2,191882013,191882237,12,224
chr2,191953779,191953980,5,201
chr2,192194368,192196382,71,2014
chr2,192408910,192408978,7,68
chr2,192414745,192414909,5,164
chr2,192778541,192778739,5,198
chr2,193276288,193277435,10,1147
chr2,193580347,193580453,6,106
chr2,193591777,193592122,5,345
chr2,193903978,193904066,6,88
chr2,193959285,193959411,6,126
chr2,194272580,194272743,6,163
chr2,194647291,194647406,5,115
chr2,195032463,195032533,5,70
chr2,195437535,195437662,6,127
chr2,195515707,195515730,5,23
chr2,195547635,195547724,7,89
chr2,195604158,195605304,6,1146
chr2,195624731,195625436,5,705
chr2,195657173,195658127,68,954
chr2,195681252,195681418,5,166
chr2,196068761,196069089,21,328
chr2,196107165,196107333,9,168
chr2,196169200,196169236,5,36
chr2,196171020,196172051,35,1031
chr2,196592701,196593601,82,900
chr2,196639620,196639760,11,140
chr2,196798455,196800114,32,1659
chr2,196926329,196927388,34,1059
chr2,196928393,196928931,10,538
chr2,197164171,197165342,21,1171
chr2,197198929,197199057,7,128
chr2,197309995,197311129,82,1134
chr2,197453374,197454065,36,691
chr2,197499203,197500680,36,1477
chr2,197507401,197507468,6,67
chr2,197515857,197516573,29,716
chr2,197705188,197706205,36,1017
chr2,197717282,197717646,7,364
chr2,197786026,197786995,36,969
chr2,197804367,197805885,63,1518
chr2,198868729,198869390,6,661
chr2,199052619,199052667,5,48
chr2,199455815,199456589,34,774
chr2,199457763,199459857,102,2094
chr2,199461954,199465140,109,3186
chr2,199466178,199467798,25,1620
chr2,199468980,199471689,74,2709
chr2,199603899,199604118,13,219
chr2,199850936,199851239,15,303
chr2,199911163,199911353,26,190
chr2,199954212,199956078,35,1866
chr2,200087003,200087070,5,67
chr2,200174770,200174969,26,199
chr2,200306105,200307652,107,1547
chr2,200469534,200471090,11,1556
chr2,200479019,200479170,5,151
chr2,200509713,200510244,60,531
chr2,200526041,200526481,22,440
chr2,200585852,200586200,23,348
chr2,200811826,200812418,50,592
chr2,200829917,200830166,7,249
chr2,200863531,200864412,19,881
chr2,200889174,200889440,10,266
chr2,200963671,200964086,15,415
chr2,201049442,201049510,5,68
chr2,201068050,201068143,7,93
chr2,201071489,201072001,20,512
chr2,201096910,201097931,7,1021
chr2,201116144,201116876,48,732
chr2,201117943,201118932,23,989
chr2,201239421,201239764,7,343
chr2,201451299,201452195,40,896
chr2,201618917,201619017,7,100
chr2,201642673,201643476,24,803
chr2,201729737,201729797,5,60
chr2,201780665,201780857,19,192
chr2,201858979,201859075,5,96
chr2,201873790,201874687,5,897
chr2,201949467,201950282,9,815
chr2,201985528,201986128,6,600
chr2,201996119,201996309,6,190
chr2,202032022,202035367,134,3345
chr2,202036699,202036778,6,79
chr2,202069417,202071121,10,1704
chr2,202136251,202136701,21,450
chr2,202171429,202171490,10,61
chr2,202238276,202239362,14,1086
chr2,202261089,202261381,7,292
chr2,202264825,202266384,14,1559
chr2,202361782,202361844,6,62
chr2,202375709,202377678,61,1969
chr2,202391791,202392156,9,365
chr2,202403117,202403292,5,175
chr2,202410704,202410740,5,36
chr2,202417026,202417395,7,369
chr2,202448276,202448549,9,273
chr2,202467904,202467971,5,67
chr2,202491118,202491516,7,398
chr2,202497145,202497378,5,233
chr2,202503441,202503488,5,47
chr2,202517144,202517413,5,269
chr2,202551455,202551762,5,307
chr2,202572907,202573389,5,482
chr2,202619535,202619830,7,295
chr2,202634680,202635915,29,1235
chr2,202644520,202645696,6,1176
chr2,202732158,202732288,6,130
chr2,202871307,202872271,50,964
chr2,202911975,202913318,19,1343
chr2,203014660,203015553,28,893
chr2,203190750,203190815,7,65
chr2,203238165,203239401,51,1236
chr2,203253425,203254847,8,1422
chr2,203256301,203256520,5,219
chr2,203277098,203277204,5,106
chr2,203328086,203328915,54,829
chr2,203419254,203419300,5,46
chr2,203534265,203535748,49,1483
chr2,203560360,203560561,6,201
chr2,203616415,203616592,8,177
chr2,203641988,203642115,11,127
chr2,203643459,203643527,5,68
chr2,203777869,203777917,5,48
chr2,203784502,203785988,17,1486
chr2,203910978,203911552,5,574
chr2,203986938,203986983,5,45
chr2,204110432,204111257,7,825
chr2,204357429,204357656,6,227
chr2,204545100,204546180,75,1080
chr2,204678255,204678532,5,277
chr2,205146575,205146875,9,300
chr2,205615736,205615825,5,89
chr2,205681910,205683063,51,1153
chr2,205685255,205686591,42,1336
chr2,205751925,205752959,7,1034
chr2,205763399,205764438,7,1039
chr2,205775354,205776644,7,1290
chr2,205806662,205806951,7,289
chr2,205874130,205874298,9,168
chr2,205885710,205885967,13,257
chr2,205924838,205926221,20,1383
chr2,205949463,205949584,7,121
chr2,206050416,206051392,7,976
chr2,206074335,206074481,6,146
chr2,206084511,206086416,56,1905
chr2,206099083,206099211,5,128
chr2,206158540,206160229,52,1689
chr2,206179199,206179469,6,270
chr2,206203252,206204720,20,1468
chr2,206250431,206251117,24,686
chr2,206252362,206254484,10,2122
chr2,206267203,206267271,6,68
chr2,206274494,206275296,39,802
chr2,206405559,206406091,8,532
chr2,206442878,206444222,92,1344
chr2,206449626,206449717,9,91
chr2,206642195,206642510,15,315
chr2,206705199,206705393,7,194
chr2,206765996,206766116,8,120
chr2,207164226,207166694,31,2468
chr2,207319120,207319234,5,114
chr2,207429969,207430113,5,144
chr2,207528436,207530678,93,2242
chr2,207552698,207553229,5,531
chr2,207624811,207627327,40,2516
chr2,207631079,207631463,11,384
chr2,207654647,207654874,9,227
chr2,207681534,207682108,25,574
chr2,207711297,207712358,50,1061
chr2,207768280,207770743,112,2463
chr2,207791995,207793362,5,1367
chr2,207797670,207798031,9,361
chr2,207811014,207811315,5,301
chr2,208025421,208025632,19,211
chr2,208044106,208044205,5,99
chr2,208112489,208112711,8,222
chr2,208124342,208124421,5,79
chr2,208145335,208145637,6,302
chr2,208175226,208175487,5,261
chr2,208254081,208255524,31,1443
chr2,208266194,208266610,21,416
chr2,208359792,208360641,11,849
chr2,208388172,208388241,5,69
chr2,208406582,208407240,47,658
chr2,208530336,208530491,6,155
chr2,208849140,208849194,5,54
chr2,209145300,209145400,6,100
chr2,209157583,209157668,5,85
chr2,209209325,209209518,9,193
chr2,209387348,209387680,26,332
chr2,209423737,209425316,36,1579
chr2,209454044,209454124,5,80
chr2,209552717,209553080,9,363
chr2,209659760,209660819,14,1059
chr2,209771464,209772024,14,560
chr2,209808487,209808571,8,84
chr2,209812210,209812351,7,141
chr2,209813753,209814404,6,651
chr2,209901785,209901829,5,44
chr2,210002554,210003045,23,491
chr2,210058768,210058887,5,119
chr2,210070291,210070323,5,32
chr2,210171030,210171496,48,466
chr2,210224715,210225407,58,692
chr2,210249348,210249528,5,180
chr2,210476321,210476621,18,300
chr2,210657353,210657403,6,50
chr2,210950862,210950918,5,56
chr2,211701649,211702203,7,554
chr2,211778549,211779529,6,980
chr2,212505199,212505380,5,181
chr2,212536980,212539142,64,2162
chr2,212557377,212557435,5,58
chr2,212721390,212721424,7,34
chr2,212831974,212832548,10,574
chr2,212937744,212937958,5,214
chr2,213135816,213136043,7,227
chr2,213151685,213152514,56,829
chr2,213265338,213265426,6,88
chr2,213284348,213284701,15,353
chr2,213488945,213488989,5,44
chr2,214114641,214114713,5,72
chr2,214717027,214717354,6,327
chr2,214807730,214810112,52,2382
chr2,215267089,215267449,8,360
chr2,215309386,215309417,5,31
chr2,215311421,215312580,57,1159
chr2,215375304,215375468,5,164
chr2,215392866,215393010,6,144
chr2,215435677,215437101,27,1424
chr2,215558244,215558330,5,86
chr2,215615112,215615247,12,135
chr2,215943765,215944048,5,283
chr2,216013221,216013682,41,461
chr2,216077235,216077363,5,128
chr2,216081942,216082330,17,388
chr2,216109224,216110131,27,907
chr2,216115009,216115226,8,217
chr2,216219730,216219853,5,123
chr2,216322678,216322819,5,141
chr2,216370047,216370163,7,116
chr2,216371188,216372320,36,1132
chr2,216412094,216412568,25,474
chr2,216432682,216432851,6,169
chr2,216498536,216499333,14,797
chr2,216584081,216585077,5,996
chr2,216633151,216637434,62,4283
chr2,216658103,216659190,8,1087
chr2,216663906,216664316,18,410
chr2,216672556,216673179,8,623
chr2,216682909,216683503,6,594
chr2,216692156,216693300,15,1144
chr2,216694317,216695778,57,1461
chr2,216915937,216916107,5,170
chr2,217550495,217550733,14,238
chr2,217651056,217651490,5,434
chr2,217756141,217756664,8,523
chr2,217817887,217818705,10,818
chr2,217821887,217822873,7,986
chr2,217897856,217898748,10,892
chr2,217937538,217937673,5,135
chr2,217978506,217980998,28,2492
chr2,217995527,217995970,7,443
chr2,218002621,218003197,9,576
chr2,218009815,218011436,46,1621
chr2,218032966,218035600,19,2634
chr2,218053711,218053803,6,92
chr2,218135552,218135677,5,125
chr2,218215842,218218066,52,2224
chr2,218265720,218265811,5,91
chr2,218270176,218271486,46,1310
chr2,218292571,218292625,7,54
chr2,218321731,218323779,26,2048
chr2,218348918,218349108,8,190
chr2,218356609,218357570,6,961
chr2,218367513,218368955,53,1442
chr2,218373285,218373356,5,71
chr2,218374403,218374697,6,294
chr2,218388292,218388849,7,557
chr2,218391946,218392132,6,186
chr2,218395598,218396603,33,1005
chr2,218398065,218400930,120,2865
chr2,218402250,218403277,8,1027
chr2,218405708,218406763,21,1055
chr2,218408876,218409134,7,258
chr2,218480256,218480316,6,60
chr2,218565082,218565323,7,241
chr2,218567999,218569429,69,1430
chr2,218642374,218643406,9,1032
chr2,218658465,218659964,42,1499
chr2,218670620,218672240,18,1620
chr2,218684489,218684879,7,390
chr2,218710743,218711295,40,552
chr2,218720558,218720668,8,110
chr2,218780579,218783113,44,2534
chr2,218831715,218831967,6,252
chr2,218858730,218862439,93,3709
chr2,218871094,218871665,8,571
chr2,218872976,218873888,21,912
chr2,218879900,218881130,39,1230
chr2,218883689,218884380,25,691
chr2,218892554,218893429,29,875
chr2,218896620,218898177,39,1557
chr2,218900312,218900417,6,105
chr2,218908525,218909143,8,618
chr2,218959241,218963241,114,4000
chr2,218980174,218982194,44,2020
chr2,218983809,218985776,80,1967
chr2,218990268,218990856,7,588
chr2,218991921,218992282,5,361
chr2,218993308,218994555,34,1247
chr2,219001223,219003266,80,2043
chr2,219021265,219022126,6,861
chr2,219024132,219025168,6,1036
chr2,219030001,219030176,7,175
chr2,219057433,219061677,148,4244
chr2,219101662,219101818,5,156
chr2,219155781,219155822,5,41
chr2,219159744,219161091,48,1347
chr2,219176259,219178944,82,2685
chr2,219206760,219207983,22,1223
chr2,219214389,219214459,7,70
chr2,219217568,219219626,45,2058
chr2,219222318,219222407,5,89
chr2,219223911,219224010,6,99
chr2,219228892,219230831,62,1939
chr2,219240668,219241075,6,407
chr2,219243190,219245862,40,2672
chr2,219252938,219253062,11,124
chr2,219254407,219254676,8,269
chr2,219279341,219279726,22,385
chr2,219281998,219282928,8,930
chr2,219294717,219295237,45,520
chr2,219297005,219297334,7,329
chr2,219309250,219310356,14,1106
chr2,219312789,219313126,17,337
chr2,219332524,219332657,8,133
chr2,219358579,219359640,8,1061
chr2,219387349,219388661,33,1312
chr2,219389686,219389787,5,101
chr2,219418505,219419050,50,545
chr2,219420611,219421495,8,884
chr2,219434690,219435495,58,805
chr2,219441481,219442797,65,1316
chr2,219448132,219449241,92,1109
chr2,219451354,219451806,17,452
chr2,219469364,219469518,5,154
chr2,219471830,219473804,10,1974
chr2,219481341,219482311,5,970
chr2,219483567,219484809,31,1242
chr2,219490381,219490737,16,356
chr2,219491822,219492724,10,902
chr2,219495147,219498838,60,3691
chr2,219505845,219507244,13,1399
chr2,219508758,219508980,5,222
chr2,219515007,219515773,9,766
chr2,219522383,219523352,35,969
chr2,219540340,219540556,10,216
chr2,219541642,219544732,78,3090
chr2,219549163,219549810,16,647
chr2,219551600,219553060,92,1460
chr2,219556482,219557526,11,1044
chr2,219562223,219562456,7,233
chr2,219567393,219567945,14,552
chr2,219570206,219572450,109,2244
chr2,219597455,219598171,28,716
chr2,219627528,219628408,35,880
chr2,219635625,219635771,6,146
chr2,219641903,219644740,23,2837
chr2,219698909,219699172,5,263
chr2,219720613,219720677,5,64
chr2,219751130,219751171,6,41
chr2,219851028,219852399,8,1371
chr2,220088599,220088646,5,47
chr2,220687451,220687683,6,232
chr2,221169591,221169623,5,32
chr2,221244804,221244864,6,60
chr2,221526771,221526949,6,178
chr2,221570681,221573934,111,3253
chr2,221892147,221892217,5,70
chr2,221969828,221970808,6,980
chr2,221976653,221976801,8,148
chr2,222156570,222156713,5,143
chr2,222268310,222268528,5,218
chr2,222289482,222292182,14,2700
chr2,222293740,222302681,159,8941
chr2,222304114,222308342,68,4228
chr2,222310713,222312643,56,1930
chr2,222318309,222320575,59,2266
chr2,222406823,222407162,6,339
chr2,222424247,222426111,82,1864
chr2,222655709,222656354,13,645
chr2,222671060,222671940,34,880
chr2,222690531,222690749,6,218
chr2,222861093,222861567,35,474
chr2,222866752,222866927,5,175
chr2,223052202,223055153,12,2951
chr2,223613116,223613596,6,480
chr2,223723610,223723917,5,307
chr2,223772031,223772354,6,323
chr2,223836116,223838072,62,1956
chr2,223846041,223846246,6,205
chr2,223881961,223882203,10,242
chr2,223919129,223919303,6,174
chr2,223943681,223945224,57,1543
chr2,223956895,223957647,40,752
chr2,224038709,224040017,85,1308
chr2,224053067,224053218,5,151
chr2,224149836,224150095,6,259
chr2,224401538,224401650,7,112
chr2,224442288,224442955,27,667
chr2,224534861,224535249,6,388
chr2,224584628,224585714,78,1086
chr2,224625758,224625894,5,136
chr2,224631362,224632566,7,1204
chr2,224655531,224655649,5,118
chr2,224677450,224677656,10,206
chr2,224774915,224775027,7,112
chr2,224898736,224898869,6,133
chr2,225041297,225042914,56,1617
chr2,225101946,225102273,6,327
chr2,225467048,225467282,7,234
chr2,225499413,225499473,5,60
chr2,225744187,225745212,8,1025
chr2,226031459,226031509,8,50
chr2,226138467,226138639,6,172
chr2,226236991,226237248,5,257
chr2,226791041,226791960,21,919
chr2,226795435,226796121,10,686
chr2,226797423,226801536,126,4113
chr2,226834920,226836345,67,1425
chr2,227033473,227033661,6,188
chr2,227163549,227165140,107,1591
chr2,227322223,227322279,5,56
chr2,227324891,227326016,34,1125
chr2,227472052,227473035,92,983
chr2,227718100,227718915,8,815
chr2,227726162,227726335,5,173
chr2,227779361,227779710,5,349
chr2,227977032,227977305,6,273
chr2,228179597,228181253,18,1656
chr2,228353178,228353236,5,58
chr2,228631984,228632175,8,191
chr2,229013905,229014581,11,676
chr2,229180937,229180972,5,35
chr2,229270850,229271887,57,1037
chr2,229366882,229367091,6,209
chr2,229713434,229715264,107,1830
chr2,229757702,229757898,5,196
chr2,229878374,229878666,5,292
chr2,229900786,229901026,7,240
chr2,229920070,229922997,91,2927
chr2,229932243,229932476,7,233
chr2,229938128,229939959,33,1831
chr2,230067837,230068976,65,1139
chr2,230162690,230163074,5,384
chr2,230203320,230203511,6,191
chr2,230411626,230412744,41,1118
chr2,230614638,230614687,6,49
chr2,230673721,230674011,7,290
chr2,230711856,230713940,93,2084
chr2,230724447,230725225,12,778
chr2,230828170,230828730,42,560
chr2,230847751,230848256,26,505
chr2,230849953,230850048,5,95
chr2,230864859,230866060,44,1201
chr2,230872343,230873787,8,1444
chr2,230943197,230944575,8,1378
chr2,230957558,230957601,7,43
chr2,230964559,230964662,12,103
chr2,230985252,230987578,29,2326
chr2,230989933,230991295,15,1362
chr2,230992491,230992643,5,152
chr2,231009411,231009681,5,270
chr2,231019258,231019416,5,158
chr2,231037488,231038376,81,888
chr2,231052454,231053366,38,912
chr2,231056825,231057405,40,580
chr2,231064728,231065385,7,657
chr2,231190363,231192636,36,2273
chr2,231198660,231198882,11,222
chr2,231231013,231232186,6,1173
chr2,231258244,231258532,8,288
chr2,231322049,231322186,6,137
chr2,231337500,231337719,7,219
chr2,231359019,231359247,5,228
chr2,231371361,231371712,12,351
chr2,231380460,231380727,6,267
chr2,231395477,231398905,92,3428
chr2,231401224,231401380,9,156
chr2,231403105,231404639,16,1534
chr2,231406239,231406497,5,258
chr2,231411832,231412549,44,717
chr2,231426065,231426259,7,194
chr2,231463624,231465720,65,2096
chr2,231482832,231484003,50,1171
chr2,231490025,231490186,6,161
chr2,231524274,231524469,6,195
chr2,231530126,231530517,19,391
chr2,231535797,231536071,7,274
chr2,231545160,231546440,9,1280
chr2,231551781,231552001,5,220
chr2,231555990,231557578,12,1588
chr2,231561304,231561566,8,262
chr2,231574572,231574925,8,353
chr2,231590108,231591025,11,917
chr2,231604544,231605174,43,630
chr2,231612797,231615465,78,2668
chr2,231621428,231622615,8,1187
chr2,231628703,231628885,5,182
chr2,231636158,231636666,5,508
chr2,231640466,231641803,9,1337
chr2,231642994,231643082,5,88
chr2,231657229,231657442,8,213
chr2,231662026,231662992,45,966
chr2,231666244,231667067,18,823
chr2,231671703,231671825,5,122
chr2,231680108,231681753,74,1645
chr2,231692314,231692677,9,363
chr2,231698214,231698810,10,596
chr2,231703669,231703735,5,66
chr2,231705860,231711796,259,5936
chr2,231753241,231753423,10,182
chr2,231780635,231781641,34,1006
chr2,231786197,231786567,34,370
chr2,231804340,231804408,7,68
chr2,231875975,231876234,5,259
chr2,231895601,231895685,7,84
chr2,231905684,231905837,6,153
chr2,231911994,231913086,10,1092
chr2,231924358,231926548,74,2190
chr2,231932110,231932236,5,126
chr2,231933471,231934242,7,771
chr2,231961473,231961996,48,523
chr2,232228022,232228261,6,239
chr2,232315225,232316474,6,1249
chr2,232331826,232332807,10,981
chr2,232350836,232352907,69,2071
chr2,232366096,232366439,9,343
chr2,232381721,232381893,12,172
chr2,232386551,232388581,25,2030
chr2,232401799,232402088,5,289
chr2,232409799,232410013,12,214
chr2,232414261,232414848,8,587
chr2,232418781,232421427,83,2646
chr2,232447860,232447918,5,58
chr2,232452524,232452902,8,378
chr2,232478442,232479793,8,1351
chr2,232485514,232491104,139,5590
chr2,232495354,232496239,6,885
chr2,232503098,232503667,30,569
chr2,232505893,232507254,11,1361
chr2,232519511,232520516,7,1005
chr2,232522086,232526688,129,4602
chr2,232543812,232544876,9,1064
chr2,232550322,232551373,24,1051
chr2,232605840,232607084,42,1244
chr2,232608301,232608844,8,543
chr2,232617903,232619042,7,1139
chr2,232625252,232626154,7,902
chr2,232633129,232635584,118,2455
chr2,232636995,232637157,5,162
chr2,232667332,232668152,8,820
chr2,232669439,232669757,5,318
chr2,232675100,232675467,5,367
chr2,232696894,232697821,43,927
chr2,232832881,232833046,9,165
chr2,232853402,232853568,6,166
chr2,232875748,232877210,73,1462
chr2,232883949,232884065,7,116
chr2,232892761,232893074,10,313
chr2,232894446,232894554,5,108
chr2,232920242,232920431,9,189
chr2,232925929,232926002,5,73
chr2,232927138,232929197,103,2059
chr2,232953639,232953890,7,251
chr2,232983702,232983904,9,202
chr2,233034017,233034458,5,441
chr2,233051101,233051874,6,773
chr2,233060590,233061274,5,684
chr2,233073361,233073870,6,509
chr2,233080264,233080529,7,265
chr2,233084470,233085503,14,1033
chr2,233098788,233099074,7,286
chr2,233139702,233139907,5,205
chr2,233163954,233164512,6,558
chr2,233170354,233170730,8,376
chr2,233204320,233204444,13,124
chr2,233233030,233233261,5,231
chr2,233251512,233251812,24,300
chr2,233352333,233352856,8,523
chr2,233354083,233355718,117,1635
chr2,233436491,233436713,5,222
chr2,233461339,233462592,15,1253
chr2,233467220,233468246,6,1026
chr2,233476930,233477961,17,1031
chr2,233479494,233479854,5,360
chr2,233772087,233772759,8,672
chr2,233783638,233783819,5,181
chr2,233792144,233793220,9,1076
chr2,233822485,233823680,7,1195
chr2,233828701,233828967,8,266
chr2,233847766,233848467,5,701
chr2,233853851,233854929,51,1078
chr2,233867530,233868439,19,909
chr2,233939096,233939263,14,167
chr2,233960932,233961019,6,87
chr2,234098191,234098864,8,673
chr2,234171430,234172640,16,1210
chr2,234247982,234248572,7,590
chr2,234409914,234410134,5,220
chr2,234441829,234442178,8,349
chr2,234444962,234445230,5,268
chr2,234495695,234497719,93,2024
chr2,234552429,234552461,5,32
chr2,234816804,234817107,6,303
chr2,234907467,234908778,10,1311
chr2,234950849,234954613,132,3764
chr2,234956755,234957715,6,960
chr2,234973288,234973998,5,710
chr2,234976513,234977200,8,687
chr2,234978477,234978588,7,111
chr2,235027474,235027591,5,117
chr2,235040682,235042768,18,2086
chr2,235044332,235045041,15,709
chr2,235052721,235052978,8,257
chr2,235087864,235089604,8,1740
chr2,235155669,235155882,5,213
chr2,235192041,235192090,6,49
chr2,235202064,235202390,10,326
chr2,235263154,235264028,8,874
chr2,235313930,235314759,5,829
chr2,235384691,235384823,12,132
chr2,235392220,235392373,5,153
chr2,235474211,235474273,5,62
chr2,235492987,235495760,127,2773
chr2,235590394,235591108,6,714
chr2,235605467,235606132,9,665
chr2,235620261,235620367,5,106
chr2,235665727,235666152,5,425
chr2,235669471,235671451,143,1980
chr2,235677703,235678100,13,397
chr2,235704721,235705071,6,350
chr2,235710107,235710456,5,349
chr2,235807766,235809367,10,1601
chr2,235816178,235816352,5,174
chr2,235819774,235820028,5,254
chr2,235856911,235857130,6,219
chr2,235859089,235859649,6,560
chr2,235875642,235876489,8,847
chr2,235917511,235917647,8,136
chr2,235919159,235919653,7,494
chr2,235931648,235931923,9,275
chr2,235934376,235934961,5,585
chr2,235944954,235945261,6,307
chr2,235958318,235959718,19,1400
chr2,235972426,235972583,7,157
chr2,236022833,236024799,8,1966
chr2,236027480,236028278,7,798
chr2,236040708,236040872,12,164
chr2,236049121,236049403,5,282
chr2,236053037,236053458,14,421
chr2,236054884,236055198,6,314
chr2,236087319,236087497,5,178
chr2,236101509,236102366,10,857
chr2,236105787,236106425,6,638
chr2,236128833,236128899,5,66
chr2,236142353,236143545,12,1192
chr2,236156294,236156447,5,153
chr2,236159023,236171161,325,12138
chr2,236172785,236174063,60,1278
chr2,236176607,236176894,5,287
chr2,236178310,236179551,49,1241
chr2,236193250,236193625,7,375
chr2,236207617,236208630,5,1013
chr2,236214175,236214333,6,158
chr2,236216869,236217361,9,492
chr2,236236989,236237528,24,539
chr2,236294977,236295291,5,314
chr2,236305768,236305868,6,100
chr2,236338118,236338318,6,200
chr2,236341952,236342058,9,106
chr2,236347997,236348658,11,661
chr2,236354836,236355182,11,346
chr2,236365540,236366970,8,1430
chr2,236507300,236507448,6,148
chr2,236567331,236568547,36,1216
chr2,236635143,236635631,9,488
chr2,236642493,236643215,8,722
chr2,236664332,236664606,6,274
chr2,236730649,236730796,5,147
chr2,236776882,236777179,5,297
chr2,236793186,236794988,18,1802
chr2,236841618,236841872,7,254
chr2,236971293,236972844,7,1551
chr2,237060354,237061664,8,1310
chr2,237064352,237064781,9,429
chr2,237072055,237072189,8,134
chr2,237085196,237085832,5,636
chr2,237156367,237157103,24,736
chr2,237257607,237257932,5,325
chr2,237324697,237324988,8,291
chr2,237353260,237353751,9,491
chr2,237360106,237360232,6,126
chr2,237371952,237372266,9,314
chr2,237374437,237374856,11,419
chr2,237387685,237387887,9,202
chr2,237413589,237413671,5,82
chr2,237422004,237423143,7,1139
chr2,237432801,237434379,11,1578
chr2,237470589,237471666,5,1077
chr2,237473262,237473711,8,449
chr2,237475118,237475955,55,837
chr2,237486436,237487567,38,1131
chr2,237503456,237503945,5,489
chr2,237539024,237539306,6,282
chr2,237548634,237548784,6,150
chr2,237564005,237564073,5,68
chr2,237572124,237572348,16,224
chr2,237592837,237593236,9,399
chr2,237595443,237595785,9,342
chr2,237626667,237628058,96,1391
chr2,237649692,237649999,11,307
chr2,237662842,237664007,13,1165
chr2,237669631,237669772,5,141
chr2,237675000,237675149,5,149
chr2,237691356,237694044,85,2688
chr2,237715570,237715780,10,210
chr2,237717348,237717528,5,180
chr2,237733822,237735072,7,1250
chr2,237798366,237799552,33,1186
chr2,237859438,237860749,39,1311
chr2,237864230,237864487,5,257
chr2,237866120,237866889,5,769
chr2,237868868,237870178,9,1310
chr2,237876108,237877280,15,1172
chr2,237885868,237886112,10,244
chr2,237912429,237913915,8,1486
chr2,237922585,237923848,13,1263
chr2,237948280,237948417,6,137
chr2,237955735,237956713,24,978
chr2,237958197,237958303,5,106
chr2,237966550,237967662,33,1112
chr2,238057482,238058270,18,788
chr2,238060532,238061635,56,1103
chr2,238071334,238071433,5,99
chr2,238098226,238098260,6,34
chr2,238100345,238100591,17,246
chr2,238101900,238102038,8,138
chr2,238105062,238106477,16,1415
chr2,238108496,238108813,5,317
chr2,238114503,238114930,8,427
chr2,238122286,238122565,6,279
chr2,238123570,238123738,5,168
chr2,238127557,238127738,5,181
chr2,238129686,238130581,7,895
chr2,238139084,238139807,40,723
chr2,238141329,238143160,14,1831
chr2,238153972,238155643,9,1671
chr2,238157871,238160440,80,2569
chr2,238163843,238164807,69,964
chr2,238167221,238167248,5,27
chr2,238202081,238204143,91,2062
chr2,238221005,238221492,14,487
chr2,238224760,238226443,13,1683
chr2,238230207,238232092,36,1885
chr2,238234542,238234826,10,284
chr2,238238886,238241296,136,2410
chr2,238250537,238252516,10,1979
chr2,238276775,238276926,5,151
chr2,238287953,238290337,36,2384
chr2,238319835,238321142,19,1307
chr2,238329094,238329234,7,140
chr2,238425221,238425344,6,123
chr2,238426583,238427535,71,952
chr2,238435520,238435933,13,413
chr2,238500330,238501124,12,794
chr2,238504319,238504744,14,425
chr2,238514271,238514356,6,85
chr2,238523422,238523985,9,563
chr2,238557244,238557414,5,170
chr2,238558725,238559541,6,816
chr2,238567643,238567740,5,97
chr2,238569564,238569799,7,235
chr2,238571002,238571086,6,84
chr2,238573985,238575187,10,1202
chr2,238702056,238702834,7,778
chr2,238722246,238723028,10,782
chr2,238727246,238728576,5,1330
chr2,238775897,238776155,5,258
chr2,238790892,238791588,6,696
chr2,238833774,238834955,5,1181
chr2,238846340,238849784,143,3444
chr2,238871881,238872201,6,320
chr2,238890164,238890334,6,170
chr2,238895736,238896160,8,424
chr2,238898912,238899114,5,202
chr2,238907383,238907491,5,108
chr2,238911609,238912581,5,972
chr2,238938545,238939015,5,470
chr2,238965832,238966984,12,1152
chr2,238985848,238987773,18,1925
chr2,238997419,238997900,7,481
chr2,239002996,239004769,17,1773
chr2,239026878,239027294,6,416
chr2,239034446,239035492,10,1046
chr2,239036613,239037708,13,1095
chr2,239038834,239040195,10,1361
chr2,239056568,239056764,5,196
chr2,239063035,239064129,20,1094
chr2,239067431,239068543,12,1112
chr2,239080982,239081141,5,159
chr2,239086619,239087023,6,404
chr2,239093085,239095704,22,2619
chr2,239098489,239099980,8,1491
chr2,239101108,239102025,8,917
chr2,239103332,239104321,6,989
chr2,239107889,239108109,6,220
chr2,239110904,239111634,15,730
chr2,239118557,239120133,20,1576
chr2,239124528,239125990,38,1462
chr2,239130973,239131898,7,925
chr2,239139690,239139873,19,183
chr2,239145488,239145536,6,48
chr2,239157585,239158020,6,435
chr2,239178118,239180369,18,2251
chr2,239189810,239190605,13,795
chr2,239203992,239204288,9,296
chr2,239223383,239224449,7,1066
chr2,239234628,239235420,11,792
chr2,239246324,239246587,9,263
chr2,239250916,239250990,7,74
chr2,239271007,239271626,6,619
chr2,239275174,239275387,8,213
chr2,239277289,239277620,6,331
chr2,239291068,239291283,6,215
chr2,239294920,239295415,11,495
chr2,239297952,239301065,26,3113
chr2,239302946,239303315,7,369
chr2,239307043,239307332,5,289
chr2,239308566,239309188,14,622
chr2,239311345,239311473,8,128
chr2,239318264,239318424,7,160
chr2,239319459,239319567,7,108
chr2,239321215,239321292,5,77
chr2,239344136,239344716,10,580
chr2,239352449,239352803,7,354
chr2,239378089,239379750,6,1661
chr2,239380844,239380949,10,105
chr2,239388250,239388396,6,146
chr2,239399991,239402160,132,2169
chr2,239420540,239420657,5,117
chr2,239459371,239459774,6,403
chr2,239463704,239464148,9,444
chr2,239482992,239484295,19,1303
chr2,239488448,239489133,7,685
chr2,239493756,239493987,9,231
chr2,239504257,239505109,8,852
chr2,239519109,239520016,11,907
chr2,239529850,239530072,5,222
chr2,239627868,239628832,6,964
chr2,239646409,239646593,6,184
chr2,239652533,239652750,8,217
chr2,239678152,239679221,9,1069
chr2,239690636,239690815,8,179
chr2,239693433,239693575,6,142
chr2,239697850,239697961,5,111
chr2,239720441,239720535,6,94
chr2,239721640,239722681,10,1041
chr2,239724496,239724601,5,105
chr2,239735416,239738230,28,2814
chr2,239742517,239744030,8,1513
chr2,239746639,239747533,10,894
chr2,239750823,239752398,12,1575
chr2,239753555,239753760,8,205
chr2,239767445,239767592,6,147
chr2,239802597,239802759,5,162
chr2,239804985,239805960,10,975
chr2,239826788,239829573,29,2785
chr2,239832699,239833557,13,858
chr2,239864110,239865529,16,1419
chr2,239869737,239870157,9,420
chr2,239876300,239876359,6,59
chr2,239904932,239905426,6,494
chr2,239928895,239929322,27,427
chr2,239930606,239931263,5,657
chr2,239945148,239945521,9,373
chr2,239951579,239951834,5,255
chr2,239955907,239956084,5,177
chr2,239963503,239966733,23,3230
chr2,240003826,240004042,6,216
chr2,240024927,240025255,19,328
chr2,240095485,240095883,14,398
chr2,240109274,240110560,7,1286
chr2,240133990,240136875,76,2885
chr2,240140755,240140942,5,187
chr2,240143914,240144029,8,115
chr2,240193209,240193530,6,321
chr2,240199477,240200912,14,1435
chr2,240232894,240233806,15,912
chr2,240235627,240235728,8,101
chr2,240245737,240246088,15,351
chr2,240251478,240251564,9,86
chr2,240257994,240258119,7,125
chr2,240295761,240296413,6,652
chr2,240310323,240311843,8,1520
chr2,240320145,240320671,8,526
chr2,240322431,240324383,31,1952
chr2,240340558,240341245,7,687
chr2,240345196,240347376,5,2180
chr2,240348507,240349684,7,1177
chr2,240355598,240356195,10,597
chr2,240358518,240358621,7,103
chr2,240373521,240373760,8,239
chr2,240376726,240378187,15,1461
chr2,240388570,240388660,7,90
chr2,240397256,240399220,17,1964
chr2,240423894,240424053,6,159
chr2,240434757,240436756,172,1999
chr2,240438922,240440530,17,1608
chr2,240441564,240442630,12,1066
chr2,240443802,240444321,15,519
chr2,240445782,240446084,14,302
chr2,240447332,240448467,9,1135
chr2,240449863,240449981,5,118
chr2,240451665,240456940,111,5275
chr2,240459228,240462289,16,3061
chr2,240465606,240466279,9,673
chr2,240511817,240512915,10,1098
chr2,240520430,240520492,5,62
chr2,240557160,240558044,38,884
chr2,240560240,240562245,72,2005
chr2,240566865,240569290,96,2425
chr2,240572760,240573341,12,581
chr2,240577605,240578266,6,661
chr2,240585228,240587186,65,1958
chr2,240589509,240589580,5,71
chr2,240594684,240596714,27,2030
chr2,240622461,240623167,22,706
chr2,240648588,240649063,8,475
chr2,240672484,240674462,27,1978
chr2,240683089,240683178,7,89
chr2,240691572,240691661,7,89
chr2,240700262,240701921,23,1659
chr2,240717220,240718707,12,1487
chr2,240720892,240723507,23,2615
chr2,240726976,240728526,8,1550
chr2,240736956,240737063,5,107
chr2,240741546,240741606,5,60
chr2,240747810,240747998,5,188
chr2,240756962,240757917,12,955
chr2,240769574,240769738,6,164
chr2,240782340,240784500,49,2160
chr2,240788006,240788190,8,184
chr2,240789634,240791290,18,1656
chr2,240796152,240796337,5,185
chr2,240797700,240797779,8,79
chr2,240818195,240821490,128,3295
chr2,240832549,240832685,12,136
chr2,240836423,240836847,5,424
chr2,240877631,240878028,5,397
chr2,240890073,240890268,7,195
chr2,240900293,240900414,7,121
chr2,240903495,240903629,7,134
chr2,240913129,240914080,7,951
chr2,240915999,240916732,23,733
chr2,240925748,240927743,23,1995
chr2,240949069,240949196,7,127
chr2,240957601,240958132,8,531
chr2,240964193,240969138,43,4945
chr2,240972326,240972440,9,114
chr2,240991607,240991851,12,244
chr2,240993032,240993414,5,382
chr2,240994787,240996164,13,1377
chr2,240997427,240999418,75,1991
chr2,241036671,241037369,12,698
chr2,241052372,241053278,17,906
chr2,241088019,241088551,9,532
chr2,241101774,241103493,58,1719
chr2,241143259,241143378,5,119
chr2,241148991,241150796,70,1805
chr2,241153156,241153504,5,348
chr2,241160177,241160486,5,309
chr2,241184427,241185489,8,1062
chr2,241188812,241189501,7,689
chr2,241200076,241202409,18,2333
chr2,241203681,241204547,8,866
chr2,241212243,241212728,11,485
chr2,241215806,241218330,56,2524
chr2,241235135,241235210,6,75
chr2,241240781,241240868,5,87
chr2,241243021,241243313,6,292
chr2,241258011,241258303,10,292
chr2,241272228,241273517,64,1289
chr2,241315158,241316205,24,1047
chr2,241356298,241356752,40,454
chr2,241371039,241371478,5,439
chr2,241451847,241452042,5,195
chr2,241461279,241461515,5,236
chr2,241494900,241494993,6,93
chr2,241496637,241496769,5,132
chr2,241497864,241498949,9,1085
chr2,241507495,241509346,101,1851
chr2,241540834,241542263,41,1429
chr2,241550151,241550906,6,755
chr2,241551954,241553274,8,1320
chr2,241558468,241559858,79,1390
chr2,241563172,241564821,17,1649
chr2,241576792,241577164,11,372
chr2,241609711,241610753,49,1042
chr2,241636415,241639046,102,2631
chr2,241647544,241648588,7,1044
chr2,241666216,241666286,5,70
chr2,241670435,241670526,7,91
chr2,241673339,241674481,6,1142
chr2,241676297,241678495,12,2198
chr2,241685977,241689323,112,3346
chr2,241700143,241702930,84,2787
chr2,241711476,241712173,11,697
chr2,241724796,241726039,20,1243
chr2,241733851,241735443,71,1592
chr2,241743571,241744524,5,953
chr2,241750286,241750809,5,523
chr2,241753254,241753911,11,657
chr2,241755723,241755891,8,168
chr2,241762422,241764125,10,1703
chr2,241768357,241768668,13,311
chr2,241770804,241771533,26,729
chr2,241772771,241774423,20,1652
chr2,241797688,241799206,8,1518
chr2,241800578,241800629,6,51
chr2,241802353,241805044,55,2691
chr2,241808163,241808254,5,91
chr2,241809387,241809530,6,143
chr2,241813053,241813490,20,437
chr2,241814537,241815165,13,628
chr2,241816187,241816451,8,264
chr2,241817866,241818786,11,920
chr2,241821673,241822359,14,686
chr2,241824388,241824626,5,238
chr2,241842788,241845172,78,2384
chr2,241849153,241849647,6,494
chr2,241850679,241852716,20,2037
chr2,241857139,241857799,14,660
chr2,241859275,241860064,20,789
chr2,241863188,241863807,10,619
chr2,241866640,241870339,42,3699
chr2,241873155,241873239,6,84
chr2,241877923,241878148,7,225
chr2,241890945,241892189,15,1244
chr2,241894178,241895771,14,1593
chr2,241897442,241903461,74,6019
chr2,241908635,241909933,6,1298
chr2,241914711,241915182,7,471
chr2,241932654,241932782,7,128
chr2,241936015,241936452,6,437
chr2,241943546,241943705,6,159
chr2,241946480,241946596,8,116
chr2,241949025,241949556,14,531
chr2,241953118,241953386,7,268
chr2,241974921,241975018,6,97
chr2,241983374,241984113,11,739
chr2,241987305,241988027,10,722
chr2,242004411,242005188,10,777
chr2,242012282,242012577,8,295
chr2,242019090,242019508,15,418
chr2,242020626,242020983,5,357
chr2,242022170,242025254,23,3084
chr2,242029453,242029938,5,485
chr2,242033108,242033403,5,295
chr2,242035456,242035724,8,268
chr2,242055088,242055793,8,705
chr2,242088523,242088970,28,447
chr3,192734,192790,7,56
chr3,196617,198379,102,1762
chr3,308978,309320,10,342
chr3,482787,483576,11,789
chr3,535270,536225,11,955
chr3,859253,860986,12,1733
chr3,1601081,1601191,6,110
chr3,2083529,2083843,8,314
chr3,2098293,2099767,96,1474
chr3,2352363,2353755,13,1392
chr3,2430017,2430239,6,222
chr3,2747333,2747527,5,194
chr3,3125669,3127457,105,1788
chr3,3179302,3179923,41,621
chr3,3799122,3801169,85,2047
chr3,4302759,4304234,23,1475
chr3,4466180,4467269,15,1089
chr3,4492447,4494134,38,1687
chr3,4587056,4587366,5,310
chr3,4633041,4633231,6,190
chr3,4718778,4720344,6,1566
chr3,4725559,4725684,5,125
chr3,4740673,4740871,5,198
chr3,4752377,4753789,10,1412
chr3,4794496,4795013,6,517
chr3,4868675,4869485,16,810
chr3,4977775,4980322,66,2547
chr3,4982904,4983299,7,395
chr3,4985716,4987097,26,1381
chr3,5017657,5018032,5,375
chr3,5019634,5019740,5,106
chr3,5026261,5027921,38,1660
chr3,5063715,5063978,5,263
chr3,5093280,5093565,5,285
chr3,5122219,5122610,28,391
chr3,5187297,5188710,72,1413
chr3,5202903,5203125,6,222
chr3,5237537,5237643,6,106
chr3,6068137,6068200,6,63
chr3,6340641,6340840,6,199
chr3,6735331,6735705,5,374
chr3,6861253,6862920,60,1667
chr3,6951004,6951063,5,59
chr3,7568633,7568858,11,225
chr3,7578628,7578878,7,250
chr3,8110867,8111301,6,434
chr3,8441749,8442395,5,646
chr3,8674382,8675837,6,1455
chr3,8681608,8681686,5,78
chr3,8768128,8769751,56,1623
chr3,8862266,8862529,8,263
chr3,8870486,8870695,5,209
chr3,8963181,8963565,30,384
chr3,8980912,8981741,5,829
chr3,9058632,9058812,6,180
chr3,9136219,9136642,24,423
chr3,9248147,9248415,6,268
chr3,9249496,9249708,11,212
chr3,9302746,9302814,5,68
chr3,9363136,9363577,13,441
chr3,9396522,9397916,66,1394
chr3,9499610,9502285,22,2675
chr3,9504779,9506220,17,1441
chr3,9508229,9510361,8,2132
chr3,9552460,9552484,5,24
chr3,9553615,9553983,51,368
chr3,9599966,9600040,5,74
chr3,9601201,9602052,7,851
chr3,9612216,9612284,5,68
chr3,9628786,9628850,5,64
chr3,9646482,9646702,5,220
chr3,9649083,9649846,37,763
chr3,9703792,9705082,64,1290
chr3,9731659,9732617,49,958
chr3,9747722,9747847,5,125
chr3,9749040,9750761,56,1721
chr3,9770030,9770452,9,422
chr3,9788435,9788540,6,105
chr3,9792320,9793276,68,956
chr3,9809806,9810668,16,862
chr3,9812371,9812433,5,62
chr3,9829294,9829342,5,48
chr3,9830497,9832063,10,1566
chr3,9843016,9846379,57,3363
chr3,9862273,9862790,14,517
chr3,9864055,9865924,7,1869
chr3,9882737,9883339,8,602
chr3,9885387,9885481,5,94
chr3,9890617,9891018,18,401
chr3,9915520,9916888,38,1368
chr3,9932696,9934853,64,2157
chr3,9945709,9948165,27,2456
chr3,9990185,9990427,6,242
chr3,10008983,10009131,7,148
chr3,10010910,10011619,23,709
chr3,10026240,10027899,41,1659
chr3,10029974,10030331,7,357
chr3,10045650,10046214,7,564
chr3,10059658,10059762,5,104
chr3,10070319,10070365,5,46
chr3,10114464,10116161,26,1697
chr3,10138391,10138801,11,410
chr3,10140877,10142976,38,2099
chr3,10164469,10165823,34,1354
chr3,10184927,10185025,6,98
chr3,10188437,10189283,5,846
chr3,10234395,10235383,5,988
chr3,10248418,10249279,34,861
chr3,10278353,10278457,5,104
chr3,10293019,10293095,6,76
chr3,10321285,10321607,12,322
chr3,10332648,10332918,5,270
chr3,10334290,10334794,12,504
chr3,10354281,10354820,7,539
chr3,10358711,10358869,12,158
chr3,10374594,10374755,5,161
chr3,10377167,10377351,5,184
chr3,10402159,10402207,5,48
chr3,10428443,10428865,7,422
chr3,10472005,10472211,7,206
chr3,10498582,10500285,8,1703
chr3,10504310,10506586,17,2276
chr3,10518821,10519367,5,546
chr3,10552148,10553267,8,1119
chr3,10609409,10609456,5,47
chr3,10707608,10708262,40,654
chr3,10738740,10739260,13,520
chr3,10763334,10764685,19,1351
chr3,10777241,10777277,5,36
chr3,10815956,10817688,43,1732
chr3,10927177,10927544,9,367
chr3,10992327,10993899,33,1572
chr3,11037618,11037805,6,187
chr3,11061146,11061395,5,249
chr3,11074868,11075978,5,1110
chr3,11117259,11117858,10,599
chr3,11126736,11126929,5,193
chr3,11153634,11154817,61,1183
chr3,11165639,11166437,7,798
chr3,11170519,11170589,5,70
chr3,11249819,11250413,7,594
chr3,11272308,11272962,34,654
chr3,11333737,11334044,9,307
chr3,11379862,11379975,5,113
chr3,11397755,11397832,5,77
chr3,11561827,11561992,5,165
chr3,11563959,11565161,7,1202
chr3,11568092,11568706,6,614
chr3,11629671,11629739,5,68
chr3,11642521,11643354,23,833
chr3,11646754,11646831,5,77
chr3,11711371,11711491,5,120
chr3,11719165,11720898,103,1733
chr3,11734203,11734941,9,738
chr3,11846493,11846552,6,59
chr3,11930109,11930380,5,271
chr3,12004567,12005489,18,922
chr3,12158160,12158736,8,576
chr3,12182802,12183331,5,529
chr3,12200278,12200582,5,304
chr3,12219464,12219534,7,70
chr3,12286531,12288804,111,2273
chr3,12439337,12439386,5,49
chr3,12441082,12441171,5,89
chr3,12443120,12443288,5,168
chr3,12444578,12444796,7,218
chr3,12471527,12472121,6,594
chr3,12484485,12484758,15,273
chr3,12519670,12520199,8,529
chr3,12548170,12548214,5,44
chr3,12556275,12557471,37,1196
chr3,12620006,12620259,5,253
chr3,12631455,12631491,5,36
chr3,12663187,12665107,50,1920
chr3,12683487,12683753,7,266
chr3,12690379,12691382,6,1003
chr3,12697155,12698459,9,1304
chr3,12743900,12743954,6,54
chr3,12768779,12769232,23,453
chr3,12794418,12794775,7,357
chr3,12796497,12797343,23,846
chr3,12810241,12810303,7,62
chr3,12868144,12869294,27,1150
chr3,12875936,12876107,8,171
chr3,12882126,12883243,29,1117
chr3,12892312,12892447,5,135
chr3,12895872,12896354,5,482
chr3,12907094,12909923,26,2829
chr3,12915572,12915937,5,365
chr3,12929349,12929796,5,447
chr3,12941715,12941766,5,51
chr3,12944475,12944666,10,191
chr3,12950565,12951354,7,789
chr3,12953275,12953321,6,46
chr3,12967353,12967704,32,351
chr3,12981495,12981838,7,343
chr3,12993786,12995213,41,1427
chr3,13016218,13016440,5,222
chr3,13021599,13022022,5,423
chr3,13040957,13043441,13,2484
chr3,13052319,13052409,5,90
chr3,13066409,13066431,5,22
chr3,13072910,13073769,28,859
chr3,13099504,13099718,5,214
chr3,13101337,13101512,7,175
chr3,13110043,13110274,5,231
chr3,13117442,13117971,7,529
chr3,13122287,13123398,7,1111
chr3,13159873,13160349,6,476
chr3,13171888,13172163,5,275
chr3,13173301,13174318,8,1017
chr3,13179775,13179806,5,31
chr3,13204088,13204960,22,872
chr3,13219573,13220816,9,1243
chr3,13227300,13227722,8,422
chr3,13233604,13235005,10,1401
chr3,13254764,13254890,5,126
chr3,13278047,13278138,6,91
chr3,13280643,13283701,122,3058
chr3,13305172,13305271,5,99
chr3,13318010,13318163,6,153
chr3,13319769,13319962,6,193
chr3,13366059,13366994,7,935
chr3,13413140,13413342,5,202
chr3,13418711,13420859,70,2148
chr3,13438172,13438958,7,786
chr3,13450152,13452232,19,2080
chr3,13479493,13480561,58,1068
chr3,13484440,13484687,7,247
chr3,13513401,13514036,6,635
chr3,13517555,13518696,6,1141
chr3,13548850,13550944,37,2094
chr3,13622038,13622087,5,49
chr3,13633209,13634594,8,1385
chr3,13636970,13637319,5,349
chr3,13639182,13641395,20,2213
chr3,13655047,13655926,38,879
chr3,13657864,13659296,15,1432
chr3,13662593,13662672,7,79
chr3,13688198,13689045,5,847
chr3,13718674,13718789,6,115
chr3,13768683,13768893,5,210
chr3,13793185,13793397,13,212
chr3,13837295,13838083,8,788
chr3,13854593,13854674,8,81
chr3,13878184,13881051,92,2867
chr3,13894929,13896094,10,1165
chr3,13933064,13933181,16,117
chr3,14124471,14125268,38,797
chr3,14133528,14134133,5,605
chr3,14135750,14136689,5,939
chr3,14155658,14155719,5,61
chr3,14178382,14178776,35,394
chr3,14216574,14217454,6,880
chr3,14293191,14293322,17,131
chr3,14297472,14297794,10,322
chr3,14323623,14323721,6,98
chr3,14401074,14403955,59,2881
chr3,14431398,14432342,6,944
chr3,14434783,14435015,5,232
chr3,14470714,14470779,5,65
chr3,14505696,14506389,6,693
chr3,14508616,14509265,18,649
chr3,14533799,14535124,10,1325
chr3,14548244,14548530,7,286
chr3,14555532,14556169,21,637
chr3,14571433,14572408,11,975
chr3,14573582,14574583,8,1001
chr3,14602328,14603207,59,879
chr3,14620791,14622154,6,1363
chr3,14651200,14652730,30,1530
chr3,14755953,14756269,6,316
chr3,14802195,14803302,6,1107
chr3,14810406,14811249,51,843
chr3,14819222,14819701,6,479
chr3,14820999,14821211,6,212
chr3,14908858,14909062,5,204
chr3,14923055,14923145,8,90
chr3,14947189,14948550,83,1361
chr3,15064883,15065388,29,505
chr3,15099040,15099709,35,669
chr3,15118781,15119442,26,661
chr3,15206059,15206649,30,590
chr3,15278004,15278222,7,218
chr3,15280159,15281081,6,922
chr3,15288457,15288586,7,129
chr3,15331863,15332502,30,639
chr3,15378342,15378430,6,88
chr3,15427186,15428651,29,1465
chr3,15492591,15492623,5,32
chr3,15601458,15601640,9,182
chr3,15635872,15636281,6,409
chr3,15858682,15860356,81,1674
chr3,16265002,16265316,10,314
chr3,16377761,16378013,10,252
chr3,16467458,16467586,5,128
chr3,16512286,16513733,68,1447
chr3,16605464,16605588,16,124
chr3,16883962,16885859,93,1897
chr3,16944756,16944920,5,164
chr3,17145636,17145707,5,71
chr3,17596337,17596411,6,74
chr3,17612410,17612554,5,144
chr3,17693291,17693411,5,120
chr3,17705958,17706196,7,238
chr3,17741510,17742955,22,1445
chr3,17818335,17818497,8,162
chr3,17861322,17861357,5,35
chr3,18246783,18246908,5,125
chr3,18423503,18426092,93,2589
chr3,18443419,18445523,122,2104
chr3,18963528,18963885,10,357
chr3,18968869,18968931,5,62
chr3,19146963,19148724,62,1761
chr3,19234239,19234639,6,400
chr3,19418973,19419292,5,319
chr3,19428894,19429266,6,372
chr3,19702539,19702664,19,125
chr3,19749261,19749910,10,649
chr3,19875817,19876099,9,282
chr3,19926584,19926821,8,237
chr3,19947199,19947726,10,527
chr3,20007699,20008168,8,469
chr3,20011028,20011706,9,678
chr3,20029376,20029698,13,322
chr3,20040093,20041253,52,1160
chr3,20185599,20186712,18,1113
chr3,20926821,20927106,7,285
chr3,20954013,20954066,5,53
chr3,21353570,21353702,5,132
chr3,21405939,21406606,18,667
chr3,21444355,21444453,5,98
chr3,21693981,21694973,6,992
chr3,21750756,21751108,14,352
chr3,21825763,21825856,5,93
chr3,22171598,22171703,6,105
chr3,22372394,22372834,43,440
chr3,22990700,22993228,14,2528
chr3,23202769,23203916,93,1147
chr3,23272241,23272357,5,116
chr3,23671784,23672057,14,273
chr3,23797178,23797288,5,110
chr3,23806141,23806950,57,809
chr3,23810554,23811107,34,553
chr3,23873670,23873740,5,70
chr3,23916872,23917980,31,1108
chr3,23944917,23946293,110,1376
chr3,23957579,23958923,6,1344
chr3,23988419,23988488,5,69
chr3,24097855,24097958,5,103
chr3,24333008,24333374,5,366
chr3,24494106,24495691,104,1585
chr3,24521428,24522040,40,612
chr3,24829196,24830314,48,1118
chr3,25146665,25146814,5,149
chr3,25428070,25428500,10,430
chr3,25470015,25470076,5,61
chr3,25657787,25658142,9,355
chr3,25664211,25665413,86,1202
chr3,25721673,25722165,10,492
chr3,25782987,25783947,40,960
chr3,25789999,25790111,16,112
chr3,25807888,25808856,5,968
chr3,25886644,25886777,5,133
chr3,26622624,26624096,24,1472
chr3,27369207,27369649,17,442
chr3,27463354,27465029,21,1675
chr3,27473351,27474603,5,1252
chr3,27483062,27485365,92,2303
chr3,27522426,27522568,5,142
chr3,27584139,27584309,5,170
chr3,27632782,27633262,11,480
chr3,27712896,27714970,46,2074
chr3,27720961,27723529,90,2568
chr3,27728373,27728964,15,591
chr3,27730275,27731239,10,964
chr3,27797592,27798576,9,984
chr3,28199833,28201197,21,1364
chr3,28241650,28241949,28,299
chr3,28348538,28349575,51,1037
chr3,28575196,28576424,60,1228
chr3,28885869,28886237,5,368
chr3,28909696,28909768,5,72
chr3,29082803,29082835,5,32
chr3,29177720,29177976,5,256
chr3,29280979,29281585,7,606
chr3,29376829,29376898,5,69
chr3,29462022,29462070,5,48
chr3,29685030,29685151,7,121
chr3,29701808,29701889,9,81
chr3,30011884,30011953,8,69
chr3,30050052,30050102,5,50
chr3,30606789,30607478,17,689
chr3,30894641,30894689,9,48
chr3,30923639,30923732,7,93
chr3,31531885,31533813,93,1928
chr3,31830051,31830129,6,78
chr3,31870315,31870366,5,51
chr3,31881317,31882349,5,1032
chr3,31980192,31984334,70,4142
chr3,32106348,32106930,35,582
chr3,32237996,32239136,47,1140
chr3,32316127,32316188,5,61
chr3,32369170,32369555,8,385
chr3,32391613,32392434,68,821
chr3,32400208,32401885,27,1677
chr3,32457551,32457737,7,186
chr3,32467538,32467839,7,301
chr3,32500961,32501097,9,136
chr3,32502434,32502814,31,380
chr3,32504674,32504834,6,160
chr3,32515661,32516879,9,1218
chr3,32570121,32571547,45,1426
chr3,32616234,32616359,8,125
chr3,32625660,32625697,5,37
chr3,32626792,32626876,5,84
chr3,32666504,32666801,9,297
chr3,32685097,32685736,43,639
chr3,32724435,32724573,7,138
chr3,32780738,32781801,31,1063
chr3,32783731,32784559,6,828
chr3,32786317,32786377,7,60
chr3,32812116,32812470,8,354
chr3,32816286,32820100,131,3814
chr3,32821701,32821864,25,163
chr3,32838062,32838293,6,231
chr3,32843650,32843694,5,44
chr3,32941492,32941558,5,66
chr3,32971087,32971561,5,474
chr3,32981324,32981485,5,161
chr3,33024924,33025573,8,649
chr3,33096383,33098259,56,1876
chr3,33101498,33101796,8,298
chr3,33113878,33114627,48,749
chr3,33163924,33164030,6,106
chr3,33218639,33219240,50,601
chr3,33277563,33277756,25,193
chr3,33439777,33441912,63,2135
chr3,33717749,33717897,16,148
chr3,33744599,33745023,8,424
chr3,33798362,33798570,7,208
chr3,34824252,34824659,6,407
chr3,35468758,35468836,5,78
chr3,35639241,35640071,28,830
chr3,35664593,35664669,5,76
chr3,36380211,36380986,46,775
chr3,36394619,36394828,5,209
chr3,36453176,36453435,10,259
chr3,36633937,36634432,10,495
chr3,36702594,36702699,7,105
chr3,36737233,36737533,6,300
chr3,36764524,36764640,11,116
chr3,36768853,36768952,8,99
chr3,36832551,36832681,6,130
chr3,36855466,36857821,27,2355
chr3,36905011,36905084,6,73
chr3,36907715,36908513,10,798
chr3,36943718,36945008,61,1290
chr3,36992982,36993749,12,767
chr3,37044250,37044337,5,87
chr3,37085231,37085742,8,511
chr3,37167377,37167499,7,122
chr3,37175953,37176990,59,1037
chr3,37201424,37201749,5,325
chr3,37232511,37233208,20,697
chr3,37241510,37244311,95,2801
chr3,37279714,37279992,7,278
chr3,37451601,37453362,110,1761
chr3,37844368,37844653,10,285
chr3,37861043,37862495,55,1452
chr3,37988634,37989025,9,391
chr3,37994078,37994818,11,740
chr3,37999002,37999043,5,41
chr3,38009452,38010336,5,884
chr3,38024483,38025421,23,938
chr3,38029139,38029970,51,831
chr3,38039182,38039932,30,750
chr3,38136399,38139174,68,2775
chr3,38165699,38165730,7,31
chr3,38346694,38347475,33,781
chr3,38453561,38455652,109,2091
chr3,38496240,38496738,30,498
chr3,38526957,38527043,7,86
chr3,38541971,38542686,5,715
chr3,38566392,38566994,6,602
chr3,38576977,38577302,6,325
chr3,38588910,38589759,6,849
chr3,38649187,38649983,55,796
chr3,38951306,38951572,9,266
chr3,39051979,39052196,15,217
chr3,39106730,39108026,67,1296
chr3,39144225,39144300,8,75
chr3,39146105,39146264,7,159
chr3,39152403,39154408,98,2005
chr3,39177657,39178145,12,488
chr3,39180686,39181041,32,355
chr3,39187794,39188653,14,859
chr3,39383846,39384962,47,1116
chr3,39406557,39406916,15,359
chr3,39428880,39429030,9,150
chr3,39456182,39456499,11,317
chr3,39459638,39459784,8,146
chr3,39498443,39498741,7,298
chr3,39808601,39810275,86,1674
chr3,40078196,40078330,10,134
chr3,40134022,40134131,7,109
chr3,40309329,40310932,41,1603
chr3,40327237,40327293,5,56
chr3,40386344,40388332,37,1988
chr3,40453324,40453367,5,43
chr3,40455718,40457917,39,2199
chr3,40476868,40477486,25,618
chr3,40506055,40506279,17,224
chr3,40524794,40525350,43,556
chr3,40615038,40615896,19,858
chr3,40780472,40781582,13,1110
chr3,41198739,41200032,65,1293
chr3,41433812,41433868,5,56
chr3,41947183,41947259,5,76
chr3,41961819,41962293,14,474
chr3,42013195,42014357,66,1162
chr3,42140551,42140789,6,238
chr3,42202524,42202679,6,155
chr3,42228033,42228091,5,58
chr3,42263453,42263694,17,241
chr3,42264776,42265536,28,760
chr3,42502409,42503031,24,622
chr3,42544852,42545215,8,363
chr3,42581641,42582337,57,696
chr3,42587998,42589125,7,1127
chr3,42590917,42591862,21,945
chr3,42600623,42601404,42,781
chr3,42654258,42655082,22,824
chr3,42658955,42659493,9,538
chr3,42685815,42685854,6,39
chr3,42699076,42699789,14,713
chr3,42744527,42744759,8,232
chr3,42772732,42773231,7,499
chr3,42803434,42804881,66,1447
chr3,42806805,42806903,6,98
chr3,42880685,42881379,47,694
chr3,42906006,42906455,38,449
chr3,42979227,42979755,47,528
chr3,43080638,43081100,15,462
chr3,43105307,43105723,13,416
chr3,43160231,43160398,7,167
chr3,43285916,43287137,70,1221
chr3,43364107,43364235,5,128
chr3,43484922,43485316,11,394
chr3,43621399,43622374,33,975
chr3,43690247,43691615,84,1368
chr3,43694029,43694086,6,57
chr3,43746972,43747188,7,216
chr3,43769700,43770504,15,804
chr3,43894030,43894997,33,967
chr3,43994743,43996801,61,2058
chr3,43998358,43999522,67,1164
chr3,44021823,44022385,19,562
chr3,44060210,44060897,8,687
chr3,44337932,44338573,33,641
chr3,44438408,44438453,5,45
chr3,44477392,44477751,22,359
chr3,44510268,44510647,22,379
chr3,44555113,44555339,19,226
chr3,44579015,44579571,15,556
chr3,44580578,44581207,19,629
chr3,44584777,44585046,18,269
chr3,44624857,44625518,44,661
chr3,44648773,44649171,13,398
chr3,44685395,44686204,20,809
chr3,44712653,44713095,20,442
chr3,44729490,44729610,14,120
chr3,44760683,44761964,47,1281
chr3,44861468,44862372,65,904
chr3,44903790,44903918,7,128
chr3,44935033,44935344,5,311
chr3,44942886,44944271,8,1385
chr3,44975266,44976563,51,1297
chr3,45035926,45036570,13,644
chr3,45091325,45092984,11,1659
chr3,45112116,45112266,8,150
chr3,45137737,45138705,8,968
chr3,45145491,45146592,78,1101
chr3,45167547,45167716,8,169
chr3,45178478,45178643,5,165
chr3,45225068,45226572,108,1504
chr3,45350169,45350196,5,27
chr3,45388478,45388716,5,238
chr3,45390713,45391633,9,920
chr3,45593305,45594698,96,1393
chr3,45614383,45614593,7,210
chr3,45683730,45683877,6,147
chr3,45688284,45689767,34,1483
chr3,45746481,45746745,8,264
chr3,45779826,45780465,12,639
chr3,45796070,45796706,30,636
chr3,45832091,45832722,9,631
chr3,45841842,45841908,6,66
chr3,45967157,45968009,6,852
chr3,45995307,45996016,38,709
chr3,46008811,46008994,7,183
chr3,46021040,46021201,11,161
chr3,46141797,46141904,6,107
chr3,46190640,46190708,5,68
chr3,46464672,46464741,11,69
chr3,46543311,46543443,5,132
chr3,46565907,46566535,37,628
chr3,46576455,46577343,23,888
chr3,46667739,46667985,5,246
chr3,46671888,46671924,5,36
chr3,46693255,46694077,35,822
chr3,46701288,46701662,20,374
chr3,46706703,46707791,6,1088
chr3,46717612,46717817,14,205
chr3,46750624,46750934,16,310
chr3,46812339,46812545,19,206
chr3,46833378,46834219,32,841
chr3,46845696,46847066,35,1370
chr3,46867178,46868234,5,1056
chr3,46881362,46884034,152,2672
chr3,46892367,46892748,35,381
chr3,46897870,46900083,20,2213
chr3,46901804,46902684,13,880
chr3,46975732,46977750,50,2018
chr3,46979488,46980130,22,642
chr3,46987918,46988106,5,188
chr3,47000268,47000355,6,87
chr3,47005518,47005578,5,60
chr3,47009368,47010255,33,887
chr3,47080834,47081496,8,662
chr3,47163161,47164752,91,1591
chr3,47199385,47199618,12,233
chr3,47238806,47239131,5,325
chr3,47282065,47283672,41,1607
chr3,47356474,47356608,9,134
chr3,47379478,47381659,58,2181
chr3,47382749,47383020,7,271
chr3,47400869,47400995,5,126
chr3,47406508,47408086,7,1578
chr3,47411096,47411169,6,73
chr3,47417594,47418497,31,903
chr3,47474522,47476331,36,1809
chr3,47512409,47514246,62,1837
chr3,47536471,47537792,10,1321
chr3,47542480,47543100,5,620
chr3,47577033,47579710,103,2677
chr3,47672335,47673364,10,1029
chr3,47682122,47683203,15,1081
chr3,47703122,47704093,7,971
chr3,47752507,47752611,5,104
chr3,47780440,47782795,69,2355
chr3,47787683,47790817,45,3134
chr3,47794152,47794374,6,222
chr3,47801836,47804383,75,2547
chr3,47824950,47825456,41,506
chr3,47848728,47849878,10,1150
chr3,47852722,47852913,16,191
chr3,47926252,47926344,6,92
chr3,48061364,48061461,6,97
chr3,48088091,48089781,32,1690
chr3,48138315,48139470,12,1155
chr3,48186291,48186334,5,43
chr3,48187697,48188908,54,1211
chr3,48195252,48196096,14,844
chr3,48201956,48202279,9,323
chr3,48238357,48239509,16,1152
chr3,48241592,48242363,16,771
chr3,48272088,48272238,9,150
chr3,48301158,48301709,41,551
chr3,48400634,48402862,11,2228
chr3,48404244,48404989,7,745
chr3,48407048,48407380,6,332
chr3,48410038,48410295,5,257
chr3,48414589,48415419,20,830
chr3,48428614,48430113,57,1499
chr3,48440172,48441084,18,912
chr3,48446571,48447045,24,474
chr3,48479190,48480060,12,870
chr3,48496216,48496648,11,432
chr3,48503575,48504660,39,1085
chr3,48556115,48558226,33,2111
chr3,48567667,48568803,7,1136
chr3,48570276,48571137,7,861
chr3,48580918,48581723,6,805
chr3,48583022,48585610,12,2588
chr3,48588335,48588734,12,399
chr3,48595012,48595883,11,871
chr3,48599094,48599162,6,68
chr3,48609234,48610664,30,1430
chr3,48635098,48636152,64,1054
chr3,48655988,48657014,68,1026
chr3,48660920,48665597,131,4677
chr3,48685537,48686355,40,818
chr3,48691938,48692122,5,184
chr3,48704964,48705102,5,138
chr3,48716735,48717410,31,675
chr3,48742510,48742694,5,184
chr3,48838482,48838774,5,292
chr3,48847197,48847709,22,512
chr3,48878185,48878963,6,778
chr3,48898672,48898957,14,285
chr3,48904259,48904829,7,570
chr3,48918263,48920310,73,2047
chr3,48925136,48925274,9,138
chr3,48953496,48954061,7,565
chr3,48973501,48973723,5,222
chr3,48988392,48990750,41,2358
chr3,49006875,49008142,47,1267
chr3,49014013,49014088,8,75
chr3,49018273,49022985,139,4712
chr3,49038748,49039073,6,325
chr3,49057425,49057511,6,86
chr3,49093036,49093913,40,877
chr3,49104432,49104900,23,468
chr3,49116324,49117240,14,916
chr3,49120437,49120985,21,548
chr3,49133116,49134079,15,963
chr3,49165913,49166267,25,354
chr3,49171203,49171672,16,469
chr3,49181821,49182939,19,1118
chr3,49185980,49186093,5,113
chr3,49190731,49190829,6,98
chr3,49198708,49199912,15,1204
chr3,49202878,49203023,7,145
chr3,49228396,49228611,5,215
chr3,49258457,49258975,5,518
chr3,49264374,49264540,5,166
chr3,49275380,49277553,33,2173
chr3,49287315,49287405,5,90
chr3,49312413,49312718,10,305
chr3,49339703,49341499,33,1796
chr3,49345380,49345866,5,486
chr3,49347143,49347843,5,700
chr3,49357030,49358887,47,1857
chr3,49393939,49395212,7,1273
chr3,49411619,49412467,41,848
chr3,49429073,49429508,29,435
chr3,49430803,49431036,5,233
chr3,49434335,49435394,12,1059
chr3,49464511,49464839,8,328
chr3,49469158,49470800,89,1642
chr3,49472738,49474349,13,1611
chr3,49479830,49480432,9,602
chr3,49527380,49527619,7,239
chr3,49532358,49533543,8,1185
chr3,49553894,49554926,34,1032
chr3,49585376,49585554,5,178
chr3,49651933,49653220,23,1287
chr3,49654927,49655422,6,495
chr3,49662127,49663392,35,1265
chr3,49672840,49674711,52,1871
chr3,49686202,49687891,20,1689
chr3,49689342,49689712,10,370
chr3,49708117,49708247,5,130
chr3,49718551,49719734,35,1183
chr3,49723755,49724445,41,690
chr3,49747880,49747976,6,96
chr3,49762293,49763263,6,970
chr3,49785910,49786855,48,945
chr3,49793934,49795185,12,1251
chr3,49802234,49803544,58,1310
chr3,49820870,49821112,8,242
chr3,49824641,49824736,7,95
chr3,49852679,49852978,6,299
chr3,49856330,49856577,13,247
chr3,49869330,49869913,26,583
chr3,49897223,49897674,7,451
chr3,49902380,49903983,33,1603
chr3,49921080,49921492,6,412
chr3,49929309,49929983,22,674
chr3,49938380,49938644,7,264
chr3,49940059,49941003,45,944
chr3,50076505,50076858,5,353
chr3,50087889,50088091,6,202
chr3,50089483,50089770,18,287
chr3,50109263,50109928,5,665
chr3,50118656,50119744,6,1088
chr3,50124266,50124300,5,34
chr3,50140899,50141181,6,282
chr3,50143123,50144009,7,886
chr3,50154551,50155748,86,1197
chr3,50166167,50167140,7,973
chr3,50168617,50169695,7,1078
chr3,50182906,50182966,5,60
chr3,50193515,50194784,57,1269
chr3,50205151,50206073,68,922
chr3,50225851,50228169,33,2318
chr3,50234352,50236278,27,1926
chr3,50259258,50260409,23,1151
chr3,50273044,50277334,120,4290
chr3,50290673,50292441,24,1768
chr3,50296964,50297030,6,66
chr3,50298883,50299874,12,991
chr3,50301541,50302078,5,537
chr3,50307605,50307864,5,259
chr3,50315179,50316462,9,1283
chr3,50320032,50322575,50,2543
chr3,50327650,50329076,16,1426
chr3,50336938,50338182,55,1244
chr3,50340732,50341303,26,571
chr3,50345476,50346207,29,731
chr3,50350349,50351239,33,890
chr3,50358426,50359681,21,1255
chr3,50364627,50365731,27,1104
chr3,50369665,50370588,16,923
chr3,50375026,50376405,7,1379
chr3,50388248,50389196,12,948
chr3,50453873,50455416,15,1543
chr3,50465096,50465417,7,321
chr3,50476109,50476182,9,73
chr3,50502588,50504297,104,1709
chr3,50515792,50516161,11,369
chr3,50524353,50524439,5,86
chr3,50530051,50530468,12,417
chr3,50533528,50533742,5,214
chr3,50539261,50539606,5,345
chr3,50567178,50569637,70,2459
chr3,50588565,50588675,5,110
chr3,50590480,50590695,6,215
chr3,50611416,50612531,61,1115
chr3,50616027,50617424,33,1397
chr3,50674528,50675357,45,829
chr3,51384374,51386306,46,1932
chr3,51391050,51393026,109,1976
chr3,51475584,51475688,7,104
chr3,51499216,51500154,31,938
chr3,51522924,51523114,5,190
chr3,51538374,51539609,52,1235
chr3,51633589,51633966,8,377
chr3,51636880,51637370,7,490
chr3,51669938,51672123,55,2185
chr3,51693253,51694453,15,1200
chr3,51707109,51707504,24,395
chr3,51713043,51713108,6,65
chr3,51715852,51715913,6,61
chr3,51718947,51719436,7,489
chr3,51850596,51850929,5,333
chr3,51895011,51895140,6,129
chr3,51936257,51937147,9,890
chr3,51941607,51942945,39,1338
chr3,51955880,51956343,24,463
chr3,51967271,51968169,57,898
chr3,51973240,51974084,22,844
chr3,51975233,51976365,13,1132
chr3,51983140,51983656,37,516
chr3,51990587,51991712,17,1125
chr3,51995839,51996260,24,421
chr3,52039946,52040746,6,800
chr3,52055258,52056796,90,1538
chr3,52068008,52068107,5,99
chr3,52078554,52079444,10,890
chr3,52136750,52137606,6,856
chr3,52147070,52147179,7,109
chr3,52153954,52155201,14,1247
chr3,52187288,52187496,7,208
chr3,52193198,52193322,6,124
chr3,52197675,52198548,44,873
chr3,52217586,52217839,6,253
chr3,52221207,52222170,6,963
chr3,52228754,52229016,9,262
chr3,52231455,52231709,8,254
chr3,52238702,52239239,28,537
chr3,52245956,52246759,16,803
chr3,52273385,52273714,7,329
chr3,52277836,52279298,51,1462
chr3,52282873,52282917,5,44
chr3,52287303,52288996,53,1693
chr3,52290553,52291039,5,486
chr3,52317820,52318931,24,1111
chr3,52353406,52353478,6,72
chr3,52357140,52357242,5,102
chr3,52368769,52368824,5,55
chr3,52377532,52377825,6,293
chr3,52388375,52388510,8,135
chr3,52394543,52394630,6,87
chr3,52409754,52411087,57,1333
chr3,52435210,52435803,10,593
chr3,52438010,52438102,5,92
chr3,52442778,52443830,6,1052
chr3,52455563,52456285,48,722
chr3,52478262,52478536,7,274
chr3,52480157,52481027,6,870
chr3,52486527,52487323,8,796
chr3,52488548,52489688,13,1140
chr3,52490960,52491183,7,223
chr3,52495116,52496026,14,910
chr3,52504491,52504730,5,239
chr3,52519015,52519151,7,136
chr3,52531893,52537173,117,5280
chr3,52569271,52569304,5,33
chr3,52581925,52582814,7,889
chr3,52648011,52648174,5,163
chr3,52685252,52685838,45,586
chr3,52705105,52706490,37,1385
chr3,52712572,52712902,7,330
chr3,52714210,52715113,10,903
chr3,52718329,52718397,5,68
chr3,52770114,52771103,30,989
chr3,52801105,52801497,5,392
chr3,52803379,52804030,7,651
chr3,52805814,52806326,7,512
chr3,52897237,52897488,28,251
chr3,52965930,52966317,13,387
chr3,52998694,52999311,8,617
chr3,53045127,53047025,144,1898
chr3,53049237,53050295,6,1058
chr3,53086611,53087812,7,1201
chr3,53129749,53130352,11,603
chr3,53151158,53151284,6,126
chr3,53156382,53156662,16,280
chr3,53160799,53161995,80,1196
chr3,53183079,53183195,7,116
chr3,53184855,53185675,5,820
chr3,53193662,53193872,6,210
chr3,53252624,53252932,5,308
chr3,53255054,53257023,51,1969
chr3,53267192,53267591,5,399
chr3,53281937,53282245,5,308
chr3,53346856,53347908,20,1052
chr3,53494228,53495880,113,1652
chr3,53718479,53718596,8,117
chr3,53747049,53747156,7,107
chr3,53750385,53750481,5,96
chr3,53751526,53751649,7,123
chr3,53807439,53808654,7,1215
chr3,53809884,53810850,14,966
chr3,53822951,53823896,9,945
chr3,53845666,53846845,50,1179
chr3,53881715,53882237,38,522
chr3,53890989,53892146,30,1157
chr3,54087723,54088049,15,326
chr3,54120809,54123717,113,2908
chr3,54339019,54339178,5,159
chr3,54600531,54600837,6,306
chr3,54626208,54626392,11,184
chr3,54839118,54839244,5,126
chr3,55159972,55160512,5,540
chr3,55370288,55370440,5,152
chr3,55388591,55388922,10,331
chr3,55470303,55470456,11,153
chr3,55483196,55484063,11,867
chr3,55485274,55490020,86,4746
chr3,55584959,55585193,5,234
chr3,55992006,55992176,7,170
chr3,56446750,56446872,6,122
chr3,56465993,56466853,7,860
chr3,56468063,56468786,44,723
chr3,56490320,56490573,6,253
chr3,56535076,56535630,7,554
chr3,56556979,56557140,14,161
chr3,56682874,56683741,42,867
chr3,56691910,56691969,8,59
chr3,56747434,56747651,5,217
chr3,56767440,56767484,5,44
chr3,56784270,56784481,5,211
chr3,56801437,56802266,38,829
chr3,56934524,56934568,5,44
chr3,57012903,57012950,7,47
chr3,57078634,57079631,27,997
chr3,57083524,57083618,5,94
chr3,57097842,57098235,18,393
chr3,57130947,57131040,5,93
chr3,57154929,57155260,6,331
chr3,57164595,57165384,35,789
chr3,57169996,57170256,8,260
chr3,57208449,57208778,9,329
chr3,57227494,57228441,52,947
chr3,57230990,57231313,7,323
chr3,57555917,57557399,65,1482
chr3,57558593,57558992,6,399
chr3,57589642,57590038,7,396
chr3,57595875,57598597,46,2722
chr3,57614501,57614917,12,416
chr3,57669639,57669743,6,104
chr3,57691953,57693363,60,1410
chr3,57706921,57708323,6,1402
chr3,57756693,57757117,43,424
chr3,57844250,57844594,7,344
chr3,57880799,57881911,5,1112
chr3,57959924,57960797,5,873
chr3,57980894,57981093,6,199
chr3,58008177,58009301,27,1124
chr3,58011007,58011212,5,205
chr3,58123230,58124105,12,875
chr3,58167735,58168031,9,296
chr3,58173323,58174278,6,955
chr3,58175581,58175958,6,377
chr3,58177438,58178448,17,1010
chr3,58236347,58238585,53,2238
chr3,58306169,58306989,48,820
chr3,58332824,58333647,56,823
chr3,58352875,58353089,6,214
chr3,58432565,58433909,29,1344
chr3,58465906,58466626,6,720
chr3,58492083,58492542,40,459
chr3,58515086,58515210,5,124
chr3,58536333,58537142,6,809
chr3,58585843,58587080,19,1237
chr3,58617228,58617664,7,436
chr3,58627092,58627168,5,76
chr3,58635431,58636352,8,921
chr3,58659385,58659663,7,278
chr3,59049818,59051037,25,1219
chr3,59479629,59479736,5,107
chr3,59501702,59502024,6,322
chr3,60276120,60276237,5,117
chr3,60323214,60323816,5,602
chr3,60499581,60500697,6,1116
chr3,60838420,60838714,5,294
chr3,61083313,61083417,8,104
chr3,61250066,61251402,23,1336
chr3,61295100,61295156,7,56
chr3,61560011,61563774,166,3763
chr3,61670711,61670943,10,232
chr3,61741760,61742504,10,744
chr3,61941365,61941479,5,114
chr3,61992401,61992612,11,211
chr3,62124525,62124692,7,167
chr3,62157099,62157195,5,96
chr3,62186786,62186874,6,88
chr3,62189022,62189584,5,562
chr3,62319032,62319538,23,506
chr3,62363258,62363426,6,168
chr3,62368702,62369487,43,785
chr3,62370524,62374767,103,4243
chr3,62376944,62377446,42,502
chr3,62378503,62379776,18,1273
chr3,62603983,62604125,5,142
chr3,62753574,62753706,5,132
chr3,62873848,62875230,68,1382
chr3,63185921,63186187,5,266
chr3,63208815,63209190,5,375
chr3,63278152,63279141,19,989
chr3,63815885,63816051,6,166
chr3,63863053,63864680,89,1627
chr3,63911949,63914141,65,2192
chr3,63930673,63930825,7,152
chr3,63993374,63993698,5,324
chr3,64022783,64023217,10,434
chr3,64097086,64098238,5,1152
chr3,64099364,64099577,17,213
chr3,64146452,64147486,16,1034
chr3,64267965,64268142,13,177
chr3,64444562,64445701,73,1139
chr3,64489478,64489595,8,117
chr3,64538144,64539235,6,1091
chr3,64621305,64621618,5,313
chr3,64685141,64686732,24,1591
chr3,64687764,64688633,42,869
chr3,64964188,64964540,6,352
chr3,65356471,65356864,28,393
chr3,65549102,65549668,45,566
chr3,65597042,65597707,22,665
chr3,65798228,65798396,6,168
chr3,65908396,65908563,5,167
chr3,65954401,65954492,5,91
chr3,66017208,66017304,8,96
chr3,66038508,66039842,68,1334
chr3,66195422,66195693,8,271
chr3,66220987,66221288,15,301
chr3,66380304,66380452,5,148
chr3,66384027,66384106,5,79
chr3,66418888,66419346,7,458
chr3,66441976,66442675,6,699
chr3,66487659,66488061,5,402
chr3,66500032,66501259,76,1227
chr3,66544933,66545014,12,81
chr3,66593069,66593176,5,107
chr3,66620024,66620372,5,348
chr3,66651637,66651662,5,25
chr3,66798119,66798456,17,337
chr3,66935900,66936315,5,415
chr3,66997488,66998733,55,1245
chr3,67068714,67068924,5,210
chr3,67654205,67654716,42,511
chr3,67655924,67656143,10,219
chr3,67696233,67696515,5,282
chr3,67985292,67986003,9,711
chr3,68007370,68007882,5,512
chr3,68931915,68933043,44,1128
chr3,69013065,69014784,61,1719
chr3,69051076,69052512,32,1436
chr3,69079908,69080453,39,545
chr3,69085257,69085630,9,373
chr3,69149186,69149285,5,99
chr3,69181163,69181474,9,311
chr3,69200288,69200759,5,471
chr3,69260365,69260441,7,76
chr3,69386021,69386431,19,410
chr3,69390749,69391422,7,673
chr3,69480475,69480555,5,80
chr3,69542133,69542993,71,860
chr3,69660652,69661065,5,413
chr3,69739378,69739931,58,553
chr3,69860529,69860568,5,39
chr3,69961306,69961444,6,138
chr3,69999091,70000027,14,936
chr3,70118040,70118164,6,124
chr3,70197038,70197117,7,79
chr3,70332690,70332758,8,68
chr3,70525500,70525859,5,359
chr3,70611819,70611967,11,148
chr3,70818930,70819194,5,264
chr3,70859634,70859766,5,132
chr3,70948751,70948807,5,56
chr3,70960942,70961078,6,136
chr3,71064154,71065340,67,1186
chr3,71164360,71164494,7,134
chr3,71176776,71176880,5,104
chr3,71198785,71199197,6,412
chr3,71240643,71241158,6,515
chr3,71428927,71429101,7,174
chr3,71581459,71584135,112,2676
chr3,71620348,71620941,10,593
chr3,71716255,71716318,5,63
chr3,71725077,71725707,33,630
chr3,71752214,71755730,88,3516
chr3,71785103,71785657,32,554
chr3,71929925,71929975,6,50
chr3,72100554,72100788,7,234
chr3,72177337,72177944,13,607
chr3,72204066,72204611,5,545
chr3,72347972,72348105,6,133
chr3,72355957,72356062,6,105
chr3,72368560,72368800,5,240
chr3,72446862,72447440,41,578
chr3,72590845,72591083,6,238
chr3,72655112,72655353,14,241
chr3,72724465,72724945,10,480
chr3,72738900,72739109,21,209
chr3,72848362,72848562,20,200
chr3,72875571,72875836,8,265
chr3,72888444,72888477,9,33
chr3,72898693,72898824,5,131
chr3,72942601,72942721,5,120
chr3,72996687,72997276,38,589
chr3,73074035,73074104,5,69
chr3,73090897,73091318,5,421
chr3,73100706,73100910,6,204
chr3,73141905,73142263,5,358
chr3,73158832,73159150,6,318
chr3,73183192,73183370,6,178
chr3,73226967,73227747,5,780
chr3,73271675,73272053,8,378
chr3,73383427,73384546,12,1119
chr3,73408829,73409293,8,464
chr3,73623888,73625505,40,1617
chr3,73790620,73790680,6,60
chr3,74065157,74065266,7,109
chr3,74162922,74163010,5,88
chr3,74391711,74391818,7,107
chr3,74614382,74615308,78,926
chr3,74817654,74817862,5,208
chr3,74952973,74953036,7,63
chr3,74985405,74985487,6,82
chr3,75142298,75142557,7,259
chr3,75362221,75362321,5,100
chr3,75395951,75396436,35,485
chr3,75435670,75435752,6,82
chr3,75444826,75445023,5,197
chr3,75506204,75506981,13,777
chr3,75580142,75580404,15,262
chr3,75604401,75604487,6,86
chr3,75619503,75619534,5,31
chr3,75623882,75623946,5,64
chr3,75658194,75658908,31,714
chr3,75667847,75670930,118,3083
chr3,75672424,75673237,34,813
chr3,75723677,75724118,12,441
chr3,75759399,75759486,6,87
chr3,75777197,75780497,41,3300
chr3,75785082,75785713,30,631
chr3,75822303,75822362,5,59
chr3,75906649,75906822,14,173
chr3,75925158,75925286,7,128
chr3,76203682,76203845,5,163
chr3,76310823,76311384,6,561
chr3,76568003,76568390,7,387
chr3,76934517,76934548,5,31
chr3,77039412,77040293,50,881
chr3,77090446,77090513,7,67
chr3,77112069,77112336,8,267
chr3,77240252,77240444,12,192
chr3,77723810,77723915,6,105
chr3,77929572,77929888,5,316
chr3,78029907,78030031,13,124
chr3,78144362,78144427,9,65
chr3,78435070,78435244,5,174
chr3,78818745,78818855,5,110
chr3,78939337,78939441,7,104
chr3,79018297,79019515,41,1218
chr3,79021683,79021753,6,70
chr3,79173587,79174483,7,896
chr3,79300226,79300277,8,51
chr3,79498778,79500381,11,1603
chr3,79502315,79502367,7,52
chr3,79916262,79916793,7,531
chr3,79951434,79951778,9,344
chr3,80039145,80039327,7,182
chr3,80050830,80051379,14,549
chr3,80221729,80221995,5,266
chr3,80603653,80604127,16,474
chr3,81027858,81027980,7,122
chr3,81044903,81045010,5,107
chr3,81080141,81080245,5,104
chr3,81182281,81182403,5,122
chr3,81761174,81761735,20,561
chr3,81767669,81767740,11,71
chr3,81986830,81987556,9,726
chr3,82295178,82295667,6,489
chr3,82575587,82575664,7,77
chr3,83404142,83404278,5,136
chr3,84281242,84281341,6,99
chr3,84324750,84324880,5,130
chr3,84500559,84500726,7,167
chr3,84834860,84835000,6,140
chr3,84958841,84959283,22,442
chr3,84960657,84961726,19,1069
chr3,85031710,85031787,6,77
chr3,85504155,85504999,12,844
chr3,85692951,85693788,9,837
chr3,85806666,85806802,5,136
chr3,85912104,85912450,6,346
chr3,86248351,86248796,13,445
chr3,86351866,86352090,6,224
chr3,86552939,86553148,5,209
chr3,86757613,86757651,5,38
chr3,86796340,86796434,5,94
chr3,86911312,86911436,5,124
chr3,86990386,86991339,45,953
chr3,87027504,87027719,7,215
chr3,87052618,87052684,7,66
chr3,87089053,87089192,14,139
chr3,87226723,87227549,27,826
chr3,87735943,87736145,5,202
chr3,87792869,87793171,16,302
chr3,87831463,87831523,5,60
chr3,88015675,88016084,12,409
chr3,88058019,88060206,53,2187
chr3,88149429,88150703,39,1274
chr3,88267004,88267036,5,32
chr3,89114492,89114654,14,162
chr3,89262632,89262720,5,88
chr3,89390524,89391277,10,753
chr3,89466754,89466802,5,48
chr3,89536914,89537101,7,187
chr3,90507259,90507300,5,41
chr3,91492231,91492336,6,105
chr3,93972621,93973891,32,1270
chr3,93979943,93980619,23,676
chr3,94062805,94063613,30,808
chr3,94155335,94155619,7,284
chr3,94448261,94448485,6,224
chr3,94873908,94874795,9,887
chr3,94946869,94947046,5,177
chr3,95430736,95430780,7,44
chr3,95594772,95595695,9,923
chr3,95914119,95914252,5,133
chr3,96325729,96325873,6,144
chr3,96533692,96533741,5,49
chr3,96664855,96665404,5,549
chr3,96813406,96815434,89,2028
chr3,97548027,97548177,7,150
chr3,97754804,97754864,5,60
chr3,97762474,97762675,7,201
chr3,97764326,97764957,28,631
chr3,97821516,97822716,51,1200
chr3,97972088,97973023,65,935
chr3,98522587,98523218,27,631
chr3,98592749,98593690,34,941
chr3,98656862,98657518,13,656
chr3,98731360,98733377,89,2017
chr3,98899412,98899541,6,129
chr3,98900983,98902033,52,1050
chr3,98903750,98903825,8,75
chr3,99696692,99697079,9,387
chr3,99817812,99817895,13,83
chr3,99876049,99876334,13,285
chr3,99998655,99998760,5,105
chr3,100156658,100156708,5,50
chr3,100260978,100261176,20,198
chr3,100334605,100335868,26,1263
chr3,100338991,100339177,6,186
chr3,100378100,100378167,5,67
chr3,100400692,100402422,34,1730
chr3,100492188,100492400,7,212
chr3,100682087,100682778,14,691
chr3,100709063,100710220,67,1157
chr3,101048662,101048771,6,109
chr3,101512610,101513507,45,897
chr3,101562056,101562507,12,451
chr3,101573841,101574806,46,965
chr3,101631830,101632799,6,969
chr3,101658248,101658630,7,382
chr3,101676176,101676892,28,716
chr3,101677912,101678242,8,330
chr3,101686288,101688839,25,2551
chr3,101724635,101724960,25,325
chr3,101773828,101773888,5,60
chr3,101779136,101779713,43,577
chr3,101821649,101821705,7,56
chr3,101827738,101827881,8,143
chr3,101836369,101836556,5,187
chr3,101848957,101850726,55,1769
chr3,102362475,102362544,6,69
chr3,103031497,103031565,6,68
chr3,103531749,103531849,5,100
chr3,103582338,103582946,10,608
chr3,104502978,104503210,10,232
chr3,105118346,105118414,7,68
chr3,105296258,105296324,5,66
chr3,105353725,105354069,15,344
chr3,105365780,105367895,33,2115
chr3,105369398,105369770,9,372
chr3,105868509,105869367,42,858
chr3,105932389,105932718,7,329
chr3,105966030,105966185,5,155
chr3,106643925,106643986,5,61
chr3,107235579,107235801,5,222
chr3,107240577,107241056,31,479
chr3,107429923,107432407,88,2484
chr3,107522959,107525802,79,2843
chr3,107912770,107912829,6,59
chr3,107927413,107928093,36,680
chr3,108090269,108091561,54,1292
chr3,108221937,108222637,12,700
chr3,108589424,108590066,14,642
chr3,108895212,108896447,6,1235
chr3,108910429,108910735,5,306
chr3,108939451,108939487,5,36
chr3,109192127,109192474,6,347
chr3,109233808,109234271,5,463
chr3,109316454,109316630,7,176
chr3,109335459,109336077,10,618
chr3,109340793,109341569,7,776
chr3,109355344,109355405,6,61
chr3,109361511,109361754,5,243
chr3,109384936,109384968,5,32
chr3,109395308,109395484,8,176
chr3,109410462,109411421,6,959
chr3,109624639,109624727,6,88
chr3,110603502,110603608,6,106
chr3,111070662,111072877,69,2215
chr3,111479067,111479181,5,114
chr3,111497294,111497691,6,397
chr3,111673472,111675057,21,1585
chr3,111692127,111692166,5,39
chr3,111827531,111827590,5,59
chr3,111844995,111845677,6,682
chr3,111859551,111860035,37,484
chr3,111979341,111979410,5,69
chr3,111999190,111999610,17,420
chr3,112086089,112087084,43,995
chr3,112091928,112092084,7,156
chr3,112185747,112185833,9,86
chr3,112333236,112333853,21,617
chr3,112467150,112467255,6,105
chr3,112483217,112483305,5,88
chr3,112561391,112562092,47,701
chr3,112990878,112991369,32,491
chr3,113019554,113019761,15,207
chr3,113211597,113212586,71,989
chr3,113270916,113270944,5,28
chr3,113272572,113272666,6,94
chr3,113282109,113282936,8,827
chr3,113340805,113341261,5,456
chr3,113441453,113441587,16,134
chr3,113514530,113515614,37,1084
chr3,113532792,113533005,9,213
chr3,113578203,113578398,7,195
chr3,113603059,113603169,7,110
chr3,113695783,113696608,34,825
chr3,113699086,113699540,23,454
chr3,113745638,113747537,47,1899
chr3,113760652,113760966,6,314
chr3,113838293,113838765,8,472
chr3,113879882,113879983,5,101
chr3,113885223,113885454,11,231
chr3,113947427,113948480,93,1053
chr3,113998230,113998414,6,184
chr3,114095151,114095420,7,269
chr3,114108096,114108221,6,125
chr3,114152591,114153125,22,534
chr3,114812936,114813015,14,79
chr3,114860163,114860231,5,68
chr3,115146623,115148394,27,1771
chr3,115184245,115185168,6,923
chr3,115258324,115258468,6,144
chr3,115512708,115512936,5,228
chr3,115658648,115659133,22,485
chr3,115783429,115784246,20,817
chr3,115791444,115791584,5,140
chr3,115955055,115955179,8,124
chr3,116062369,116062456,5,87
chr3,116208993,116209911,9,918
chr3,116221013,116221069,5,56
chr3,116455231,116455288,5,57
chr3,116535726,116535861,5,135
chr3,116751059,116751222,5,163
chr3,116991238,116992037,9,799
chr3,117026105,117026684,16,579
chr3,117130849,117131289,9,440
chr3,118171318,118171482,10,164
chr3,118317939,118318007,6,68
chr3,118571936,118571998,7,62
chr3,119034298,119035083,32,785
chr3,119073724,119073833,7,109
chr3,119173458,119173649,5,191
chr3,119240395,119241040,55,645
chr3,119242741,119242780,5,39
chr3,119291963,119292058,6,95
chr3,119293871,119294876,33,1005
chr3,119322398,119323390,44,992
chr3,119386351,119387255,5,904
chr3,119401787,119401967,6,180
chr3,119463306,119463775,10,469
chr3,119468951,119469314,24,363
chr3,119498261,119498885,27,624
chr3,119579438,119580374,43,936
chr3,119676921,119677394,25,473
chr3,119701286,119701383,7,97
chr3,119703017,119703205,6,188
chr3,119782055,119782241,5,186
chr3,119809959,119810083,8,124
chr3,119820351,119820935,9,584
chr3,119970497,119970598,5,101
chr3,119978698,119978926,6,228
chr3,120094038,120095793,61,1755
chr3,120140260,120140367,13,107
chr3,120284868,120285502,48,634
chr3,120300126,120300291,5,165
chr3,120306808,120306964,12,156
chr3,120308655,120308724,5,69
chr3,120312056,120312138,7,82
chr3,120347814,120349429,48,1615
chr3,120354082,120354467,5,385
chr3,120450589,120451578,51,989
chr3,120502662,120502867,5,205
chr3,120527705,120528002,6,297
chr3,120742740,120742947,7,207
chr3,120908268,120909072,10,804
chr3,121112519,121112620,7,101
chr3,121545699,121546095,17,396
chr3,121749377,121750321,9,944
chr3,121834730,121835747,29,1017
chr3,121841930,121842040,5,110
chr3,122022252,122022329,14,77
chr3,122183998,122184717,47,719
chr3,122230182,122230370,5,188
chr3,122384226,122384350,12,124
chr3,122416086,122416632,24,546
chr3,122418210,122419455,8,1245
chr3,122514206,122515651,50,1445
chr3,122523369,122523654,6,285
chr3,122529610,122529710,7,100
chr3,122542518,122543438,8,920
chr3,122564156,122565368,48,1212
chr3,122577845,122577980,7,135
chr3,122680619,122682453,30,1834
chr3,122727928,122727976,6,48
chr3,122793704,122795629,64,1925
chr3,122887680,122887837,6,157
chr3,122911443,122913867,38,2424
chr3,122921842,122922478,46,636
chr3,122976877,122976973,5,96
chr3,123025975,123028692,87,2717
chr3,123066732,123067749,53,1017
chr3,123229786,123229818,6,32
chr3,123290388,123290497,5,109
chr3,123330102,123330864,6,762
chr3,123401825,123402489,6,664
chr3,123447955,123450331,139,2376
chr3,123475411,123476383,5,972
chr3,123482223,123482538,7,315
chr3,123509322,123509591,5,269
chr3,123584250,123585584,66,1334
chr3,123799739,123799959,5,220
chr3,123883841,123884623,33,782
chr3,123960716,123961476,40,760
chr3,123979984,123980437,14,453
chr3,124032738,124034825,45,2087
chr3,124268929,124269166,7,237
chr3,124564129,124564167,6,38
chr3,124584605,124584774,16,169
chr3,124642673,124643221,5,548
chr3,124768882,124770816,8,1934
chr3,124885915,124888076,93,2161
chr3,125055518,125056184,40,666
chr3,125062891,125063225,5,334
chr3,125085784,125085997,5,213
chr3,125141726,125142048,11,322
chr3,125166627,125167242,5,615
chr3,125212196,125213211,44,1015
chr3,125374544,125375915,38,1371
chr3,125448435,125448972,6,537
chr3,125458670,125458771,9,101
chr3,125510328,125510390,7,62
chr3,125519740,125521132,26,1392
chr3,125593145,125593347,6,202
chr3,125594901,125595936,38,1035
chr3,125706003,125706145,5,142
chr3,125740776,125741243,8,467
chr3,125761151,125761222,6,71
chr3,125766556,125766843,8,287
chr3,125886214,125886313,7,99
chr3,125903963,125904028,9,65
chr3,125915660,125916001,11,341
chr3,125958140,125960287,87,2147
chr3,125972098,125972349,5,251
chr3,125990361,125991120,31,759
chr3,126015019,126015267,7,248
chr3,126083451,126084707,50,1256
chr3,126100882,126102119,17,1237
chr3,126105111,126106029,6,918
chr3,126115095,126115965,5,870
chr3,126179894,126181222,61,1328
chr3,126212683,126213595,43,912
chr3,126267202,126267755,19,553
chr3,126287441,126288379,9,938
chr3,126299949,126300557,14,608
chr3,126308488,126308677,6,189
chr3,126342423,126344156,13,1733
chr3,126355703,126358062,105,2359
chr3,126389177,126389409,22,232
chr3,126394962,126395021,11,59
chr3,126414480,126414661,7,181
chr3,126418240,126418373,5,133
chr3,126474893,126476739,104,1846
chr3,126481623,126483135,7,1512
chr3,126487288,126487697,6,409
chr3,126510425,126510821,11,396
chr3,126514910,126515229,6,319
chr3,126522111,126522561,11,450
chr3,126523791,126525165,30,1374
chr3,126535041,126535554,6,513
chr3,126537988,126538591,10,603
chr3,126540740,126543068,56,2328
chr3,126572528,126572853,5,325
chr3,126654402,126654861,32,459
chr3,126704301,126704765,28,464
chr3,126712963,126713409,6,446
chr3,126748519,126748819,5,300
chr3,126830680,126831116,5,436
chr3,126911467,126911733,5,266
chr3,126934446,126934641,5,195
chr3,126947845,126948368,5,523
chr3,126971385,126972459,12,1074
chr3,126982232,126986341,134,4109
chr3,126991178,126992434,8,1256
chr3,126994839,126995328,6,489
chr3,126999323,126999621,6,298
chr3,127001388,127002288,5,900
chr3,127013386,127013592,5,206
chr3,127016961,127017907,5,946
chr3,127026547,127028358,9,1811
chr3,127034049,127034745,7,696
chr3,127037022,127037219,9,197
chr3,127046697,127046718,5,21
chr3,127056371,127056501,7,130
chr3,127076364,127077323,9,959
chr3,127084510,127085647,7,1137
chr3,127101628,127102640,5,1012
chr3,127135588,127135967,16,379
chr3,127150490,127151334,6,844
chr3,127157472,127157978,5,506
chr3,127173179,127173297,6,118
chr3,127192987,127193144,14,157
chr3,127288532,127289483,14,951
chr3,127304146,127304593,18,447
chr3,127338076,127338298,22,222
chr3,127340115,127340346,7,231
chr3,127350522,127351033,10,511
chr3,127388619,127388739,6,120
chr3,127395319,127395507,5,188
chr3,127422593,127422877,11,284
chr3,127424099,127425087,8,988
chr3,127442861,127443391,7,530
chr3,127455385,127457358,37,1973
chr3,127547522,127548467,18,945
chr3,127556339,127556647,7,308
chr3,127567008,127568302,5,1294
chr3,127589513,127591195,56,1682
chr3,127597568,127598549,46,981
chr3,127611315,127612057,9,742
chr3,127628967,127630015,54,1048
chr3,127672401,127674807,102,2406
chr3,127706914,127707067,6,153
chr3,127750333,127750617,6,284
chr3,127755577,127755676,5,99
chr3,127791723,127793654,11,1931
chr3,127817504,127818242,5,738
chr3,127822539,127825056,60,2517
chr3,127914765,127915980,30,1215
chr3,128006679,128007362,19,683
chr3,128011031,128011917,9,886
chr3,128046721,128046821,5,100
chr3,128051802,128053152,77,1350
chr3,128065943,128066037,6,94
chr3,128069566,128069673,6,107
chr3,128075382,128077245,31,1863
chr3,128121138,128121240,6,102
chr3,128123736,128125100,25,1364
chr3,128153440,128153909,13,469
chr3,128402001,128402209,5,208
chr3,128404265,128404473,9,208
chr3,128411073,128411116,6,43
chr3,128421604,128421699,7,95
chr3,128426182,128426873,16,691
chr3,128429432,128430367,8,935
chr3,128432297,128434338,62,2041
chr3,128453642,128453679,6,37
chr3,128456315,128459218,13,2903
chr3,128462878,128463712,10,834
chr3,128480918,128481900,22,982
chr3,128483077,128484099,23,1022
chr3,128485286,128493493,241,8207
chr3,128496419,128498054,53,1635
chr3,128522367,128522866,6,499
chr3,128554814,128555845,48,1031
chr3,128558712,128559096,9,384
chr3,128571787,128572286,9,499
chr3,128573856,128574475,5,619
chr3,128584489,128584570,5,81
chr3,128586159,128586798,8,639
chr3,128603931,128604269,12,338
chr3,128607770,128609641,46,1871
chr3,128617411,128618119,24,708
chr3,128638890,128639218,6,328
chr3,128650127,128652654,53,2527
chr3,128666084,128666325,8,241
chr3,128680704,128680812,7,108
chr3,128697719,128699590,34,1871
chr3,128726347,128727681,13,1334
chr3,128846033,128846250,8,217
chr3,128857602,128857740,5,138
chr3,128878742,128879979,18,1237
chr3,128935433,128935762,6,329
chr3,128967423,128967616,5,193
chr3,128992516,128994039,36,1523
chr3,129001100,129002106,96,1006
chr3,129003441,129004027,18,586
chr3,129025280,129025362,5,82
chr3,129026826,129027418,35,592
chr3,129045662,129047250,55,1588
chr3,129068406,129068665,15,259
chr3,129094347,129094796,6,449
chr3,129120602,129122544,52,1942
chr3,129137676,129137737,5,61
chr3,129160126,129161763,24,1637
chr3,129183052,129184917,23,1865
chr3,129210860,129211097,7,237
chr3,129244530,129245077,7,547
chr3,129248726,129249825,26,1099
chr3,129254705,129254755,6,50
chr3,129278897,129279381,35,484
chr3,129314846,129317165,103,2319
chr3,129319099,129319207,5,108
chr3,129327428,129329151,10,1723
chr3,129398890,129399539,23,649
chr3,129428440,129428814,12,374
chr3,129439501,129439984,22,483
chr3,129530401,129532425,7,2024
chr3,129546829,129547507,11,678
chr3,129556394,129558564,9,2170
chr3,129560411,129561418,15,1007
chr3,129570902,129571773,12,871
chr3,129572790,129572861,7,71
chr3,129580266,129581269,8,1003
chr3,129587185,129587709,5,524
chr3,129589437,129591351,18,1914
chr3,129593179,129594070,9,891
chr3,129596751,129598034,13,1283
chr3,129599123,129599251,8,128
chr3,129605356,129608369,85,3013
chr3,129612106,129612216,7,110
chr3,129618910,129619349,6,439
chr3,129621279,129623755,9,2476
chr3,129626805,129628020,34,1215
chr3,129760667,129760772,6,105
chr3,129883236,129883421,5,185
chr3,129892976,129893582,42,606
chr3,129974515,129976026,70,1511
chr3,130001501,130001604,6,103
chr3,130002838,130004285,17,1447
chr3,130019054,130020094,9,1040
chr3,130027740,130028574,7,834
chr3,130111319,130111492,7,173
chr3,130345743,130345823,10,80
chr3,130365378,130365438,6,60
chr3,130451350,130451787,9,437
chr3,130517044,130517358,29,314
chr3,130518549,130518599,5,50
chr3,130573635,130574380,6,745
chr3,130590630,130590813,8,183
chr3,130649075,130649405,9,330
chr3,130672683,130673073,7,390
chr3,130746505,130747841,31,1336
chr3,130893927,130894795,29,868
chr3,130995801,130995940,5,139
chr3,131026482,131027147,21,665
chr3,131381313,131382258,46,945
chr3,131502761,131502798,6,37
chr3,131526919,131527789,25,870
chr3,132034608,132035097,17,489
chr3,132277504,132277549,5,45
chr3,132303034,132303201,7,167
chr3,132417130,132418140,24,1010
chr3,132591698,132591816,5,118
chr3,132659072,132660710,38,1638
chr3,132720782,132723181,51,2399
chr3,133037799,133039425,31,1626
chr3,133423713,133424144,10,431
chr3,133546280,133546325,8,45
chr3,133572255,133574523,51,2268
chr3,133600126,133600330,6,204
chr3,133661576,133662050,43,474
chr3,133663733,133664796,5,1063
chr3,133673973,133674833,41,860
chr3,133746118,133746793,33,675
chr3,133757394,133757548,5,154
chr3,133783434,133784157,18,723
chr3,133804020,133804220,5,200
chr3,133805828,133806679,17,851
chr3,133894854,133895989,49,1135
chr3,133926995,133927706,40,711
chr3,133944209,133945900,7,1691
chr3,134029567,134030440,55,873
chr3,134250239,134251135,89,896
chr3,134258175,134258364,7,189
chr3,134313015,134313676,42,661
chr3,134326294,134327575,11,1281
chr3,134363837,134364327,25,490
chr3,134370920,134371060,9,140
chr3,134373379,134375167,61,1788
chr3,134397281,134397535,6,254
chr3,134406327,134407059,45,732
chr3,134485162,134486477,42,1315
chr3,134488533,134489085,9,552
chr3,134650711,134651363,11,652
chr3,134777773,134777910,5,137
chr3,134795060,134797719,125,2659
chr3,134916586,134916755,7,169
chr3,135039752,135039782,5,30
chr3,135443953,135444257,5,304
chr3,135456256,135456377,5,121
chr3,135965603,135966544,25,941
chr3,136140170,136140766,8,596
chr3,136184151,136184220,7,69
chr3,136194431,136197041,111,2610
chr3,136250228,136250674,25,446
chr3,136640733,136640835,7,102
chr3,136751776,136753059,76,1283
chr3,136818757,136820159,66,1402
chr3,136843247,136844217,12,970
chr3,136861416,136865019,65,3603
chr3,136890274,136890315,5,41
chr3,136954106,136954206,5,100
chr3,137032179,137033274,29,1095
chr3,137121112,137121169,5,57
chr3,137697505,137698054,9,549
chr3,137714583,137714822,11,239
chr3,137761196,137761716,13,520
chr3,137763075,137765675,73,2600
chr3,137767806,137769765,32,1959
chr3,137770771,137771808,53,1037
chr3,138068158,138069119,11,961
chr3,138097521,138097804,6,283
chr3,138115198,138115933,33,735
chr3,138174717,138174830,11,113
chr3,138186953,138188119,63,1166
chr3,138255904,138256432,5,528
chr3,138329464,138329886,21,422
chr3,138347685,138349207,61,1522
chr3,138421089,138421196,6,107
chr3,138433635,138435952,55,2317
chr3,138556452,138556895,8,443
chr3,138593671,138594544,32,873
chr3,138607650,138609331,54,1681
chr3,138667654,138667788,5,134
chr3,138785112,138785133,5,21
chr3,138799042,138799271,5,229
chr3,138804949,138805209,6,260
chr3,138810844,138810945,7,101
chr3,138817263,138817323,5,60
chr3,138827707,138828278,14,571
chr3,138830477,138831839,8,1362
chr3,138834636,138835168,21,532
chr3,138847816,138848317,18,501
chr3,138901315,138901639,11,324
chr3,138915576,138915917,17,341
chr3,138920653,138921502,7,849
chr3,138928553,138929190,21,637
chr3,138935881,138940122,103,4241
chr3,138943086,138947378,131,4292
chr3,138949615,138950459,47,844
chr3,138960189,138960696,22,507
chr3,139005386,139006501,25,1115
chr3,139019909,139020928,32,1019
chr3,139021961,139022508,5,547
chr3,139044052,139044864,18,812
chr3,139343789,139344243,12,454
chr3,139389532,139390231,13,699
chr3,139539254,139540299,33,1045
chr3,139634199,139634279,5,80
chr3,139677417,139678010,31,593
chr3,139770437,139770542,6,105
chr3,139779146,139779459,5,313
chr3,139935017,139936294,67,1277
chr3,140154553,140154737,6,184
chr3,140833088,140833352,5,264
chr3,140941505,140943203,63,1698
chr3,141051080,141052899,102,1819
chr3,141066002,141066318,17,316
chr3,141095222,141095412,5,190
chr3,141175701,141176197,7,496
chr3,141230521,141232518,74,1997
chr3,141287049,141287368,8,319
chr3,141311746,141311961,9,215
chr3,141368277,141368467,6,190
chr3,141402158,141402779,52,621
chr3,141404184,141404482,5,298
chr3,141447495,141447700,5,205
chr3,141483862,141483998,8,136
chr3,141486776,141487523,37,747
chr3,141629959,141630119,7,160
chr3,141659841,141661475,20,1634
chr3,141702265,141702538,8,273
chr3,141737135,141739069,31,1934
chr3,141778054,141778387,9,333
chr3,141791928,141792296,5,368
chr3,141797729,141797771,5,42
chr3,141824462,141824862,5,400
chr3,141826432,141827608,6,1176
chr3,141848950,141849018,5,68
chr3,141852888,141852993,5,105
chr3,141875645,141877481,88,1836
chr3,141937988,141938140,7,152
chr3,141940404,141941489,6,1085
chr3,141943416,141943883,9,467
chr3,142042488,142043139,9,651
chr3,142149029,142149427,13,398
chr3,142166626,142166690,5,64
chr3,142225015,142226988,48,1973
chr3,142447387,142448129,32,742
chr3,142514197,142514762,16,565
chr3,142578432,142578929,33,497
chr3,142596624,142596829,13,205
chr3,142724335,142725091,17,756
chr3,142888309,142890362,65,2053
chr3,142963146,142964097,32,951
chr3,143001395,143002098,23,703
chr3,143089195,143089781,6,586
chr3,143118630,143120908,166,2278
chr3,143142482,143142540,5,58
chr3,143160500,143160655,6,155
chr3,143176460,143176620,5,160
chr3,143811105,143811776,5,671
chr3,143970855,143973337,60,2482
chr3,144404713,144404749,6,36
chr3,144749961,144750098,7,137
chr3,145334048,145334267,8,219
chr3,145684565,145684708,6,143
chr3,146008598,146008828,12,230
chr3,146160257,146161855,54,1598
chr3,146163199,146163599,12,400
chr3,146191950,146192043,6,93
chr3,146215948,146216155,7,207
chr3,146250808,146251761,55,953
chr3,146410902,146411541,11,639
chr3,146469601,146470628,21,1027
chr3,146544211,146544865,37,654
chr3,146772583,146772765,7,182
chr3,146807279,146807380,5,101
chr3,146921872,146921947,5,75
chr3,147244958,147245966,12,1008
chr3,147304406,147304754,12,348
chr3,147355030,147356814,15,1784
chr3,147359251,147359436,8,185
chr3,147380660,147380844,8,184
chr3,147389929,147390833,8,904
chr3,147391980,147397957,140,5977
chr3,147404724,147405202,13,478
chr3,147407219,147407500,9,281
chr3,147408657,147414041,122,5384
chr3,147419215,147421491,58,2276
chr3,147423475,147424454,18,979
chr3,147572521,147572690,5,169
chr3,147609525,147609645,8,120
chr3,147825852,147826422,8,570
chr3,147988625,147989741,7,1116
chr3,148571425,148571520,7,95
chr3,148697797,148698144,37,347
chr3,148727382,148727762,5,380
chr3,148822002,148822046,5,44
chr3,148987280,148987741,11,461
chr3,148991352,148992085,39,733
chr3,149035583,149035615,5,32
chr3,149056965,149057253,5,288
chr3,149085420,149087367,27,1947
chr3,149096674,149097148,7,474
chr3,149129620,149130608,35,988
chr3,149141404,149141725,6,321
chr3,149378885,149380379,13,1494
chr3,149465005,149465229,5,224
chr3,149508821,149509020,6,199
chr3,149657085,149659425,54,2340
chr3,149812346,149814153,37,1807
chr3,149968417,149968516,7,99
chr3,149970223,149971691,60,1468
chr3,150344389,150344896,6,507
chr3,150408235,150410769,129,2534
chr3,150519552,150520598,19,1046
chr3,150545590,150546915,48,1325
chr3,150553044,150553248,8,204
chr3,150603391,150604801,39,1410
chr3,150634777,150635142,5,365
chr3,150665441,150665538,5,97
chr3,150703860,150704015,19,155
chr3,150762173,150764173,95,2000
chr3,150925668,150926052,7,384
chr3,151085224,151087247,107,2023
chr3,151229501,151229571,5,70
chr3,151338052,151338193,5,141
chr3,151460806,151461144,20,338
chr3,151805877,151806213,7,336
chr3,151897140,151897245,6,105
chr3,151928175,151928273,13,98
chr3,151952838,151952874,5,36
chr3,152152482,152152557,7,75
chr3,152217420,152218494,8,1074
chr3,152268129,152270374,52,2245
chr3,152559602,152560143,5,541
chr3,152776693,152776818,8,125
chr3,152835088,152836624,23,1536
chr3,153049382,153050614,9,1232
chr3,153107104,153107346,8,242
chr3,153147671,153147806,7,135
chr3,153156043,153156641,12,598
chr3,153159943,153163737,88,3794
chr3,153281459,153282303,8,844
chr3,153312009,153312204,7,195
chr3,153318379,153318483,7,104
chr3,153638840,153640392,12,1552
chr3,153686057,153686250,8,193
chr3,153846037,153846142,5,105
chr3,154121141,154122565,54,1424
chr3,154141155,154141232,7,77
chr3,154324272,154324586,23,314
chr3,154368889,154369911,7,1022
chr3,154428738,154429364,6,626
chr3,154999088,154999368,5,280
chr3,155014733,155014794,5,61
chr3,155079333,155080539,17,1206
chr3,155189161,155189395,5,234
chr3,155311075,155311167,6,92
chr3,155325614,155325783,5,169
chr3,155736581,155737146,6,565
chr3,155744244,155744706,19,462
chr3,155745863,155746022,11,159
chr3,155806140,155807194,25,1054
chr3,155853864,155855823,19,1959
chr3,155870227,155871748,77,1521
chr3,155976558,155976658,5,100
chr3,156034544,156034812,5,268
chr3,156041339,156041377,8,38
chr3,156053093,156053349,7,256
chr3,156099488,156100531,8,1043
chr3,156182740,156183175,7,435
chr3,156284921,156284990,5,69
chr3,156291512,156291700,9,188
chr3,156554884,156555309,29,425
chr3,156621251,156621602,5,351
chr3,156674080,156676101,86,2021
chr3,156740598,156740677,13,79
chr3,156816060,156817551,46,1491
chr3,156826229,156826659,45,430
chr3,157082005,157082176,5,171
chr3,157088707,157088934,9,227
chr3,157120474,157120597,14,123
chr3,157158356,157161671,102,3315
chr3,157174386,157175087,37,701
chr3,157437662,157438519,5,857
chr3,157542785,157543654,37,869
chr3,157579692,157581790,6,2098
chr3,157584513,157585021,5,508
chr3,157666468,157666620,5,152
chr3,158094265,158094615,27,350
chr3,158102879,158107432,131,4553
chr3,158571169,158571396,17,227
chr3,158672149,158672634,11,485
chr3,158731788,158732660,68,872
chr3,158802051,158802862,24,811
chr3,158841317,158842126,5,809
chr3,159090231,159090393,6,162
chr3,159714361,159714453,6,92
chr3,159736696,159736827,5,131
chr3,159763091,159766221,93,3130
chr3,159839965,159840298,13,333
chr3,159853114,159853251,5,137
chr3,159988337,159989150,32,813
chr3,160007763,160007935,8,172
chr3,160060509,160060565,5,56
chr3,160096396,160096603,5,207
chr3,160097637,160097683,6,46
chr3,160100714,160100775,14,61
chr3,160224484,160226540,96,2056
chr3,160399682,160400860,63,1178
chr3,160431798,160432086,5,288
chr3,160450143,160450395,22,252
chr3,160529991,160530191,8,200
chr3,160564610,160566085,88,1475
chr3,160574226,160574356,11,130
chr3,160580176,160580244,5,68
chr3,160719683,160719983,5,300
chr3,160754824,160756752,128,1928
chr3,160849614,160849851,9,237
chr3,161104742,161105332,36,590
chr3,161221418,161222414,30,996
chr3,161371539,161372854,51,1315
chr3,161977987,161979111,10,1124
chr3,162052001,162052145,5,144
chr3,162075807,162076035,10,228
chr3,162703284,162703332,5,48
chr3,163500730,163500837,5,107
chr3,163989037,163989457,7,420
chr3,164004163,164004437,9,274
chr3,164338431,164338887,11,456
chr3,164402222,164402286,5,64
chr3,164865208,164866006,7,798
chr3,164947411,164947572,7,161
chr3,165193767,165195393,12,1626
chr3,165196742,165197327,22,585
chr3,165457070,165457222,5,152
chr3,165924469,165924739,9,270
chr3,166054976,166055517,7,541
chr3,166258808,166258829,6,21
chr3,166423946,166423997,5,51
chr3,166677594,166677626,5,32
chr3,166747998,166748087,5,89
chr3,166932256,166932512,10,256
chr3,167075188,167075380,5,192
chr3,167116396,167116595,5,199
chr3,167190473,167190541,5,68
chr3,167266708,167266950,8,242
chr3,167380118,167380385,13,267
chr3,167734545,167735916,21,1371
chr3,168042373,168042576,9,203
chr3,168094965,168096468,57,1503
chr3,168167959,168168081,8,122
chr3,168248764,168250315,52,1551
chr3,168780161,168780238,9,77
chr3,168852421,168852658,5,237
chr3,169121151,169121272,6,121
chr3,169146498,169147475,23,977
chr3,169148985,169149566,14,581
chr3,169159483,169159532,5,49
chr3,169658830,169659181,10,351
chr3,169661454,169663225,62,1771
chr3,169668071,169669513,14,1442
chr3,169764438,169765202,27,764
chr3,169769447,169769915,25,468
chr3,169771901,169773589,42,1688
chr3,169812239,169812833,9,594
chr3,169822305,169822371,6,66
chr3,169862270,169863134,6,864
chr3,169896306,169896373,5,67
chr3,169904123,169904240,7,117
chr3,169966726,169967217,25,491
chr3,170002123,170002633,9,510
chr3,170017715,170017922,8,207
chr3,170037955,170039225,33,1270
chr3,170041253,170041394,5,141
chr3,170181204,170183796,45,2592
chr3,170197944,170198143,7,199
chr3,170222317,170222813,33,496
chr3,170285060,170285172,5,112
chr3,170347273,170347417,8,144
chr3,170356247,170359491,120,3244
chr3,170369962,170370066,5,104
chr3,170418685,170420792,47,2107
chr3,170425258,170425848,6,590
chr3,170584533,170585900,57,1367
chr3,170654062,170654293,13,231
chr3,170803165,170803232,5,67
chr3,170869777,170870750,13,973
chr3,170908091,170908844,60,753
chr3,170923758,170923919,7,161
chr3,170953843,170953922,5,79
chr3,171140175,171140647,9,472
chr3,171458027,171461011,56,2984
chr3,171746069,171747051,7,982
chr3,171808396,171808917,11,521
chr3,171809970,171810783,27,813
chr3,171907134,171907246,7,112
chr3,171999194,171999224,5,30
chr3,172025806,172026231,6,425
chr3,172039517,172042243,94,2726
chr3,172125332,172125847,5,515
chr3,172130088,172130743,7,655
chr3,172445117,172445270,5,153
chr3,172447891,172450020,30,2129
chr3,172462329,172462450,6,121
chr3,172570663,172570731,5,68
chr3,172710349,172711030,21,681
chr3,172750242,172751327,43,1085
chr3,173119943,173120309,5,366
chr3,173274487,173275151,7,664
chr3,173276190,173276566,6,376
chr3,173395784,173396171,18,387
chr3,173397496,173398191,44,695
chr3,173584552,173585155,11,603
chr3,173950705,173951327,5,622
chr3,174002288,174002527,5,239
chr3,174146756,174147590,11,834
chr3,174212044,174212116,5,72
chr3,174377279,174377615,14,336
chr3,174440905,174441179,29,274
chr3,174508359,174508408,5,49
chr3,174640866,174640984,5,118
chr3,175292758,175292864,7,106
chr3,175536838,175536898,5,60
chr3,175621003,175621128,6,125
chr3,175742927,175743093,5,166
chr3,175978498,175978561,5,63
chr3,175980217,175980321,7,104
chr3,176213451,176213493,5,42
chr3,176362555,176362584,5,29
chr3,176813807,176814534,9,727
chr3,177178973,177179386,7,413
chr3,177186993,177187319,8,326
chr3,177196107,177197999,90,1892
chr3,177214788,177215059,5,271
chr3,177216349,177217121,6,772
chr3,177218320,177218742,10,422
chr3,177228866,177229217,9,351
chr3,177246652,177246723,5,71
chr3,177247745,177247898,6,153
chr3,177270853,177272101,12,1248
chr3,177277423,177277752,7,329
chr3,177309910,177310003,6,93
chr3,177313857,177313962,5,105
chr3,177359805,177360115,22,310
chr3,177368385,177368650,5,265
chr3,177435149,177435462,9,313
chr3,177520030,177521515,6,1485
chr3,177593126,177593301,5,175
chr3,177808904,177809221,12,317
chr3,178293206,178293701,6,495
chr3,178379235,178379368,6,133
chr3,179071351,179072561,48,1210
chr3,179148117,179149115,33,998
chr3,179187462,179187706,5,244
chr3,179261197,179261497,36,300
chr3,179323267,179323955,37,688
chr3,179325114,179325319,11,205
chr3,179337588,179337860,5,272
chr3,179344627,179348013,51,3386
chr3,179451115,179451801,60,686
chr3,179464865,179465431,7,566
chr3,179562109,179563540,55,1431
chr3,179566782,179567136,7,354
chr3,179584545,179585396,7,851
chr3,179604004,179604999,22,995
chr3,179621585,179621679,7,94
chr3,179652683,179654623,63,1940
chr3,179742116,179742275,5,159
chr3,179941945,179942581,15,636
chr3,179993708,179993798,5,90
chr3,180035977,180037202,42,1225
chr3,180102149,180102233,5,84
chr3,180590458,180590595,6,137
chr3,180602176,180602484,25,308
chr3,180678487,180680088,53,1601
chr3,180828331,180829820,42,1489
chr3,180912912,180913173,17,261
chr3,180919578,180919830,5,252
chr3,181183251,181183399,6,148
chr3,181695282,181696431,42,1149
chr3,181709751,181709915,5,164
chr3,181711799,181713360,49,1561
chr3,181719441,181720473,23,1032
chr3,181725638,181728059,37,2421
chr3,181777566,181777626,6,60
chr3,181783774,181783879,5,105
chr3,181787779,181787815,5,36
chr3,181790268,181790497,6,229
chr3,181793368,181793629,6,261
chr3,181897233,181897435,6,202
chr3,182378811,182378870,7,59
chr3,182682334,182682965,33,631
chr3,182793196,182794007,34,811
chr3,182819229,182819497,6,268
chr3,182973732,182974108,6,376
chr3,182979859,182980794,75,935
chr3,183004056,183005032,9,976
chr3,183098990,183099626,15,636
chr3,183114983,183116104,9,1121
chr3,183132104,183133514,7,1410
chr3,183161551,183163050,39,1499
chr3,183177280,183177504,5,224
chr3,183179060,183179750,21,690
chr3,183253237,183254954,87,1717
chr3,183265548,183266262,6,714
chr3,183322992,183323532,6,540
chr3,183370127,183370360,5,233
chr3,183427779,183428901,52,1122
chr3,183432086,183432217,5,131
chr3,183491950,183492907,9,957
chr3,183540915,183540963,6,48
chr3,183546932,183547004,5,72
chr3,183554886,183554935,5,49
chr3,183608957,183609168,10,211
chr3,183635601,183636808,78,1207
chr3,183660779,183660828,5,49
chr3,183683039,183683211,8,172
chr3,183691124,183692318,12,1194
chr3,183696726,183698989,37,2263
chr3,183706676,183706740,5,64
chr3,183804117,183804187,7,70
chr3,183818508,183819691,6,1183
chr3,183824761,183826074,71,1313
chr3,183884907,183885295,19,388
chr3,183892331,183892496,5,165
chr3,183894137,183894198,5,61
chr3,184017269,184018172,18,903
chr3,184099223,184100143,8,920
chr3,184106272,184107179,5,907
chr3,184135183,184135792,9,609
chr3,184154722,184156674,64,1952
chr3,184169968,184170797,21,829
chr3,184174272,184175123,11,851
chr3,184185925,184186706,49,781
chr3,184188256,184189659,6,1403
chr3,184229590,184231240,110,1650
chr3,184233214,184234729,11,1515
chr3,184239826,184240033,5,207
chr3,184249350,184250178,30,828
chr3,184254426,184254531,7,105
chr3,184259700,184263096,106,3396
chr3,184275923,184276273,24,350
chr3,184287230,184288081,8,851
chr3,184299150,184299572,32,422
chr3,184307381,184307740,6,359
chr3,184314148,184316145,83,1997
chr3,184327313,184328105,5,792
chr3,184335555,184336923,28,1368
chr3,184338682,184338848,18,166
chr3,184357078,184358215,6,1137
chr3,184361384,184363542,82,2158
chr3,184372759,184372842,5,83
chr3,184379442,184381859,101,2417
chr3,184386574,184387092,8,518
chr3,184491634,184493778,22,2144
chr3,184513843,184514960,8,1117
chr3,184525327,184525968,34,641
chr3,184561022,184563037,78,2015
chr3,184568768,184569770,42,1002
chr3,184575571,184577051,11,1480
chr3,184579848,184579932,6,84
chr3,184583735,184584104,25,369
chr3,184601613,184605034,86,3421
chr3,184659423,184660033,9,610
chr3,184686763,184687869,12,1106
chr3,184711477,184712580,70,1103
chr3,184729646,184729950,5,304
chr3,184738014,184738636,8,622
chr3,184761958,184762821,5,863
chr3,184783344,184783641,5,297
chr3,184812206,184812778,22,572
chr3,184969306,184969522,5,216
chr3,185031885,185031934,5,49
chr3,185067959,185069992,9,2033
chr3,185074751,185075679,6,928
chr3,185136648,185136768,6,120
chr3,185152593,185153687,66,1094
chr3,185156177,185156409,5,232
chr3,185204341,185204470,5,129
chr3,185253922,185254292,29,370
chr3,185264343,185265068,8,725
chr3,185282783,185284629,16,1846
chr3,185376212,185376523,6,311
chr3,185379584,185379956,9,372
chr3,185465991,185466756,6,765
chr3,185498189,185499287,52,1098
chr3,185559298,185559394,6,96
chr3,185577717,185577767,5,50
chr3,185585718,185586623,27,905
chr3,185623063,185623428,11,365
chr3,185689355,185689608,6,253
chr3,185731906,185732135,9,229
chr3,185823339,185826428,130,3089
chr3,185920441,185921535,7,1094
chr3,185937617,185938023,21,406
chr3,185963663,185963971,12,308
chr3,185983501,185983898,12,397
chr3,185999543,185999649,5,106
chr3,186036589,186036765,6,176
chr3,186069447,186069627,8,180
chr3,186107498,186110309,81,2811
chr3,186193733,186194961,26,1228
chr3,186210400,186211010,5,610
chr3,186228606,186229027,8,421
chr3,186233540,186233572,5,32
chr3,186249020,186249579,5,559
chr3,186256084,186256306,10,222
chr3,186268721,186268968,15,247
chr3,186271767,186272811,5,1044
chr3,186361005,186362333,19,1328
chr3,186406380,186406704,6,324
chr3,186413467,186414029,9,562
chr3,186457149,186457605,7,456
chr3,186567099,186567567,12,468
chr3,186570326,186570963,24,637
chr3,186609399,186609641,6,242
chr3,186772086,186773001,31,915
chr3,186779816,186779868,5,52
chr3,186782881,186784250,51,1369
chr3,186805473,186806890,54,1417
chr3,186825035,186825455,8,420
chr3,186826821,186827935,47,1114
chr3,186874046,186874095,5,49
chr3,186929896,186933327,59,3431
chr3,187005476,187005570,6,94
chr3,187038298,187038509,5,211
chr3,187071617,187071676,5,59
chr3,187104204,187104324,5,120
chr3,187138989,187139542,32,553
chr3,187174112,187174799,6,687
chr3,187199831,187199933,8,102
chr3,187306372,187306740,5,368
chr3,187329503,187329871,8,368
chr3,187366661,187367981,7,1320
chr3,187670127,187670222,9,95
chr3,187737570,187740245,35,2675
chr3,187741691,187741919,7,228
chr3,187743103,187745851,42,2748
chr3,187752733,187753348,6,615
chr3,187958809,187958879,5,70
chr3,188154009,188154663,44,654
chr3,188229049,188229442,7,393
chr3,188293990,188295167,7,1177
chr3,188447700,188447801,6,101
chr3,188475827,188475959,5,132
chr3,188501605,188501697,6,92
chr3,188735113,188735542,5,429
chr3,188930113,188930413,5,300
chr3,188932781,188933158,10,377
chr3,189075012,189075250,5,238
chr3,189397182,189397426,10,244
chr3,189958764,189958984,10,220
chr3,190120517,190121542,21,1025
chr3,190201691,190201753,5,62
chr3,190322029,190322586,40,557
chr3,190324185,190324311,5,126
chr3,190513969,190514834,24,865
chr3,190553591,190553683,7,92
chr3,190577025,190577071,7,46
chr3,190604292,190604655,8,363
chr3,190781652,190782580,10,928
chr3,190833917,190834064,5,147
chr3,190862800,190863134,18,334
chr3,191037333,191037464,6,131
chr3,191125063,191125556,6,493
chr3,191136700,191137186,10,486
chr3,191192713,191192921,7,208
chr3,191329160,191330189,41,1029
chr3,191337554,191337675,5,121
chr3,191618773,191618862,6,89
chr3,191659425,191659626,5,201
chr3,191830708,191831328,9,620
chr3,192063747,192063797,5,50
chr3,192400399,192400461,5,62
chr3,192407815,192410407,103,2592
chr3,192514606,192515387,50,781
chr3,192571436,192571508,12,72
chr3,192789106,192789144,6,38
chr3,192798464,192799581,7,1117
chr3,192832714,192832809,5,95
chr3,192916678,192918177,69,1499
chr3,193018237,193018342,5,105
chr3,193021156,193021403,5,247
chr3,193141111,193142088,8,977
chr3,193241008,193241987,61,979
chr3,193592627,193593398,8,771
chr3,193772532,193772681,6,149
chr3,193869454,193870604,37,1150
chr3,193943434,193943535,5,101
chr3,193960524,193960687,6,163
chr3,193974031,193975406,11,1375
chr3,194002971,194003868,33,897
chr3,194045164,194045274,5,110
chr3,194058060,194058528,27,468
chr3,194070110,194071834,47,1724
chr3,194112739,194113910,10,1171
chr3,194126976,194128119,6,1143
chr3,194133911,194138106,139,4195
chr3,194140802,194142715,78,1913
chr3,194143985,194144079,5,94
chr3,194147367,194147607,7,240
chr3,194203576,194204581,30,1005
chr3,194265259,194265526,6,267
chr3,194269637,194270910,27,1273
chr3,194277374,194278240,6,866
chr3,194281817,194282799,9,982
chr3,194285501,194286952,18,1451
chr3,194294892,194297369,40,2477
chr3,194299685,194300419,11,734
chr3,194315387,194316314,40,927
chr3,194325970,194326310,9,340
chr3,194328465,194328627,8,162
chr3,194332906,194333821,16,915
chr3,194338732,194339365,6,633
chr3,194345487,194346197,7,710
chr3,194351129,194351902,10,773
chr3,194369783,194370636,6,853
chr3,194383093,194383149,5,56
chr3,194395914,194398189,38,2275
chr3,194436771,194436822,5,51
chr3,194486359,194487814,84,1455
chr3,194582652,194584055,39,1403
chr3,194602056,194602258,5,202
chr3,194603750,194604389,5,639
chr3,194611437,194611622,7,185
chr3,194620883,194621501,12,618
chr3,194633255,194633959,56,704
chr3,194671496,194672466,12,970
chr3,194685721,194688113,73,2392
chr3,194807898,194808306,6,408
chr3,194909220,194910376,6,1156
chr3,194985225,194985439,12,214
chr3,195030908,195031432,10,524
chr3,195058888,195059768,12,880
chr3,195069692,195070218,11,526
chr3,195071284,195072304,7,1020
chr3,195087528,195087741,6,213
chr3,195106492,195106574,8,82
chr3,195124861,195125228,7,367
chr3,195161727,195162207,5,480
chr3,195207159,195207286,5,127
chr3,195209160,195209781,18,621
chr3,195258326,195260466,32,2140
chr3,195270382,195271600,48,1218
chr3,195287514,195288015,5,501
chr3,195300456,195301178,6,722
chr3,195441970,195443285,39,1315
chr3,195542731,195543496,18,765
chr3,195586711,195586875,6,164
chr3,195617898,195618241,5,343
chr3,195628439,195628590,5,151
chr3,195646916,195648687,18,1771
chr3,195689650,195689808,7,158
chr3,195720613,195720820,6,207
chr3,195747523,195748137,20,614
chr3,195750047,195751031,7,984
chr3,195752668,195753915,11,1247
chr3,195761622,195764045,53,2423
chr3,195788863,195789193,6,330
chr3,195801493,195801651,6,158
chr3,195808186,195811657,32,3471
chr3,195813826,195814367,8,541
chr3,195818226,195819394,6,1168
chr3,195825363,195825938,7,575
chr3,195828717,195829026,10,309
chr3,195836274,195837925,8,1651
chr3,195847718,195847809,5,91
chr3,195849758,195849954,16,196
chr3,195851154,195851258,7,104
chr3,195856722,195857718,11,996
chr3,195863216,195864239,9,1023
chr3,195867707,195869878,17,2171
chr3,195871079,195874122,21,3043
chr3,195875816,195877302,16,1486
chr3,195883113,195884767,12,1654
chr3,195888735,195892768,29,4033
chr3,195894710,195896943,54,2233
chr3,195902249,195903045,5,796
chr3,195906886,195907333,8,447
chr3,195908564,195910156,93,1592
chr3,195916986,195917688,9,702
chr3,195939556,195941887,25,2331
chr3,195943391,195945279,5,1888
chr3,195955042,195955769,15,727
chr3,195989744,195991681,34,1937
chr3,195999055,196000593,10,1538
chr3,196006083,196006185,5,102
chr3,196007903,196008212,6,309
chr3,196052132,196052533,7,401
chr3,196054169,196054329,8,160
chr3,196080845,196082204,34,1359
chr3,196130705,196132386,15,1681
chr3,196134536,196134993,11,457
chr3,196140421,196140765,8,344
chr3,196143195,196143837,13,642
chr3,196146240,196146428,5,188
chr3,196166719,196166880,7,161
chr3,196185046,196185097,6,51
chr3,196188993,196189508,5,515
chr3,196200945,196202791,19,1846
chr3,196206549,196208166,26,1617
chr3,196216403,196216720,13,317
chr3,196219324,196220636,9,1312
chr3,196223304,196223445,5,141
chr3,196227087,196229463,19,2376
chr3,196230645,196231096,6,451
chr3,196287309,196287962,16,653
chr3,196312619,196312941,9,322
chr3,196318214,196318564,12,350
chr3,196328966,196329304,7,338
chr3,196343412,196343519,5,107
chr3,196426317,196426677,7,360
chr3,196431633,196432638,39,1005
chr3,196467893,196468425,5,532
chr3,196489419,196489862,9,443
chr3,196491237,196491570,8,333
chr3,196501843,196504048,61,2205
chr3,196528370,196529127,37,757
chr3,196536464,196536610,11,146
chr3,196566660,196566709,5,49
chr3,196568272,196569347,82,1075
chr3,196574754,196575214,5,460
chr3,196592232,196592475,6,243
chr3,196594797,196594989,6,192
chr3,196599316,196599352,5,36
chr3,196632289,196633102,31,813
chr3,196639320,196640961,41,1641
chr3,196655459,196655713,8,254
chr3,196659722,196660827,24,1105
chr3,196670461,196670743,5,282
chr3,196672745,196672890,5,145
chr3,196675513,196675957,10,444
chr3,196712192,196712830,52,638
chr3,196718085,196718234,8,149
chr3,196740039,196740703,24,664
chr3,196778001,196778554,5,553
chr3,196842646,196843566,8,920
chr3,196852168,196853150,10,982
chr3,196866040,196869482,65,3442
chr3,196941785,196942694,47,909
chr3,196966599,196970148,175,3549
chr3,196978201,196979841,14,1640
chr3,196989873,196989900,5,27
chr3,196990991,196991285,5,294
chr3,197002123,197003811,95,1688
chr3,197006145,197006772,7,627
chr3,197011148,197012454,13,1306
chr3,197017152,197018240,7,1088
chr3,197022928,197023571,17,643
chr3,197027829,197027935,9,106
chr3,197029182,197029937,38,755
chr3,197036385,197036572,10,187
chr3,197297651,197299813,99,2162
chr3,197378554,197379090,6,536
chr3,197397712,197398003,7,291
chr3,197405844,197406027,5,183
chr3,197424964,197425676,5,712
chr3,197456306,197457666,31,1360
chr3,197510090,197510283,14,193
chr3,197519915,197520776,12,861
chr3,197533156,197533525,9,369
chr3,197542469,197542822,12,353
chr3,197554332,197556280,102,1948
chr3,197591692,197592399,10,707
chr3,197599764,197600529,7,765
chr3,197603915,197604340,9,425
chr3,197627300,197628355,31,1055
chr3,197636729,197638518,12,1789
chr3,197645068,197646846,10,1778
chr3,197654274,197654331,7,57
chr3,197655593,197655972,12,379
chr3,197665081,197665173,8,92
chr3,197666440,197667002,10,562
chr3,197681242,197681355,5,113
chr3,197729070,197729321,7,251
chr3,197736433,197737267,52,834
chr3,197749931,197750889,69,958
chr3,197771701,197771812,5,111
chr3,197790645,197791845,56,1200
chr3,197879570,197880728,12,1158
chr3,197927014,197927319,5,305
chr3,197935387,197935550,5,163
chr3,197949776,197951438,20,1662
chr3,197960049,197960987,29,938
chr3,198080298,198081350,49,1052
chr3,198097999,198098110,5,111
chr3,198113683,198113822,17,139
chr3,198157231,198157298,5,67
chr4,11225,11296,14,71
chr4,53305,53376,7,71
chr4,107157,108110,79,953
chr4,124211,124949,30,738
chr4,212606,213804,32,1198
chr4,304314,305483,33,1169
chr4,321964,322041,5,77
chr4,329716,329827,5,111
chr4,336554,338980,48,2426
chr4,363478,363650,9,172
chr4,386876,387015,8,139
chr4,473698,473926,18,228
chr4,499119,499589,50,470
chr4,517902,518119,7,217
chr4,526215,526428,10,213
chr4,534787,537728,18,2941
chr4,558208,559116,7,908
chr4,574846,579204,132,4358
chr4,591670,591954,6,284
chr4,623912,624099,5,187
chr4,625525,630428,31,4903
chr4,646772,647019,8,247
chr4,648844,648993,7,149
chr4,652103,652300,6,197
chr4,656774,657049,9,275
chr4,659099,659329,5,230
chr4,663447,665192,46,1745
chr4,673767,675149,35,1382
chr4,680848,682301,54,1453
chr4,686079,689392,45,3313
chr4,692986,693228,9,242
chr4,698425,699750,10,1325
chr4,704307,706513,40,2206
chr4,719143,720229,13,1086
chr4,722686,724161,38,1475
chr4,726429,726863,5,434
chr4,728123,728183,6,60
chr4,729559,731343,29,1784
chr4,739710,739858,8,148
chr4,742911,744701,31,1790
chr4,750161,750748,9,587
chr4,757891,758658,32,767
chr4,759937,759999,5,62
chr4,763597,764410,10,813
chr4,778907,779031,5,124
chr4,781117,782763,38,1646
chr4,784548,787955,102,3407
chr4,791863,793738,22,1875
chr4,795145,795973,15,828
chr4,804625,805195,11,570
chr4,814402,814706,8,304
chr4,820061,823399,31,3338
chr4,825211,827279,44,2068
chr4,828983,830921,26,1938
chr4,834012,836341,24,2329
chr4,846954,850243,46,3289
chr4,853538,853890,19,352
chr4,858734,859627,13,893
chr4,862241,862487,8,246
chr4,870784,871505,18,721
chr4,880618,881780,9,1162
chr4,893864,895596,16,1732
chr4,903266,903720,9,454
chr4,907457,907684,5,227
chr4,911419,912389,16,970
chr4,931376,932621,47,1245
chr4,952712,953778,10,1066
chr4,960679,963167,35,2488
chr4,964741,970239,46,5498
chr4,971948,974844,98,2896
chr4,977984,978187,9,203
chr4,979344,979571,10,227
chr4,981876,982473,8,597
chr4,986682,987452,44,770
chr4,989063,989330,12,267
chr4,990915,991662,22,747
chr4,993859,995714,18,1855
chr4,997139,998194,37,1055
chr4,1001591,1004631,125,3040
chr4,1007944,1013305,250,5361
chr4,1015165,1016129,6,964
chr4,1019466,1019710,5,244
chr4,1022847,1024789,24,1942
chr4,1026066,1026265,7,199
chr4,1028532,1030695,24,2163
chr4,1031764,1032782,11,1018
chr4,1033930,1034386,16,456
chr4,1035647,1035866,16,219
chr4,1038837,1039092,11,255
chr4,1040882,1041629,7,747
chr4,1043941,1044241,12,300
chr4,1046885,1048447,29,1562
chr4,1051047,1051084,6,37
chr4,1053033,1054548,16,1515
chr4,1057360,1057485,6,125
chr4,1092765,1092879,10,114
chr4,1112410,1114452,35,2042
chr4,1154518,1154919,7,401
chr4,1166659,1167968,18,1309
chr4,1171698,1173199,12,1501
chr4,1194398,1194829,29,431
chr4,1200109,1200178,6,69
chr4,1201555,1203280,19,1725
chr4,1204408,1205079,21,671
chr4,1208430,1212236,22,3806
chr4,1217458,1217576,6,118
chr4,1220737,1220896,9,159
chr4,1223905,1224140,13,235
chr4,1225276,1226434,21,1158
chr4,1228208,1228513,15,305
chr4,1229550,1230711,13,1161
chr4,1231816,1231905,5,89
chr4,1233303,1235340,25,2037
chr4,1236454,1237605,6,1151
chr4,1240267,1244248,31,3981
chr4,1246214,1249660,137,3446
chr4,1261986,1262507,12,521
chr4,1282746,1284016,18,1270
chr4,1288616,1290500,46,1884
chr4,1294091,1294146,5,55
chr4,1295259,1295847,6,588
chr4,1309463,1309886,17,423
chr4,1327103,1328909,24,1806
chr4,1338924,1339058,6,134
chr4,1340160,1341114,14,954
chr4,1344929,1349760,129,4831
chr4,1352499,1353108,6,609
chr4,1354258,1354982,23,724
chr4,1358397,1360709,23,2312
chr4,1363262,1364720,7,1458
chr4,1368104,1368696,6,592
chr4,1374644,1377292,31,2648
chr4,1378655,1378724,7,69
chr4,1380180,1381012,10,832
chr4,1382089,1382788,9,699
chr4,1400873,1408781,255,7908
chr4,1414809,1416455,31,1646
chr4,1417477,1417774,7,297
chr4,1419392,1420324,11,932
chr4,1425834,1426034,9,200
chr4,1449663,1450584,12,921
chr4,1459720,1459798,6,78
chr4,1462075,1463250,15,1175
chr4,1471816,1472431,26,615
chr4,1489131,1491432,33,2301
chr4,1494573,1495414,17,841
chr4,1503275,1503539,6,264
chr4,1511421,1513725,27,2304
chr4,1519843,1521462,33,1619
chr4,1524433,1525275,11,842
chr4,1532117,1536798,69,4681
chr4,1539313,1540782,14,1469
chr4,1541928,1543174,15,1246
chr4,1547435,1548506,21,1071
chr4,1552677,1554335,31,1658
chr4,1555759,1557566,34,1807
chr4,1560236,1562020,31,1784
chr4,1567401,1568939,23,1538
chr4,1571373,1571529,6,156
chr4,1576756,1580366,94,3610
chr4,1592280,1594698,52,2418
chr4,1597721,1599321,29,1600
chr4,1602717,1602787,7,70
chr4,1613284,1613675,12,391
chr4,1619272,1620064,10,792
chr4,1623390,1623910,19,520
chr4,1629915,1630092,5,177
chr4,1633642,1634087,6,445
chr4,1640233,1640385,7,152
chr4,1642411,1644160,21,1749
chr4,1651479,1651785,7,306
chr4,1655045,1655442,12,397
chr4,1657840,1658103,6,263
chr4,1659342,1660301,19,959
chr4,1667167,1667230,6,63
chr4,1672670,1672862,6,192
chr4,1683801,1684697,100,896
chr4,1688127,1688669,7,542
chr4,1709801,1710037,5,236
chr4,1711606,1713788,104,2182
chr4,1720395,1723530,107,3135
chr4,1729985,1730131,6,146
chr4,1736279,1737157,5,878
chr4,1738171,1739164,6,993
chr4,1750369,1754038,35,3669
chr4,1758123,1761238,25,3115
chr4,1762857,1763722,26,865
chr4,1766903,1768863,67,1960
chr4,1770330,1771737,29,1407
chr4,1775912,1776684,5,772
chr4,1778040,1778326,9,286
chr4,1780535,1780730,6,195
chr4,1781743,1782809,5,1066
chr4,1786554,1788043,15,1489
chr4,1793141,1795586,137,2445
chr4,1799209,1799864,12,655
chr4,1801137,1806735,44,5598
chr4,1811422,1811606,9,184
chr4,1814185,1815380,5,1195
chr4,1842997,1843103,5,106
chr4,1850567,1850893,6,326
chr4,1855502,1856891,117,1389
chr4,1862486,1862637,14,151
chr4,1869983,1872246,103,2263
chr4,1891389,1891623,5,234
chr4,1936114,1936309,6,195
chr4,1951085,1952831,17,1746
chr4,1978395,1978977,7,582
chr4,1985814,1986442,13,628
chr4,1992004,1993303,16,1299
chr4,2007609,2010561,63,2952
chr4,2013265,2013852,5,587
chr4,2017058,2017134,7,76
chr4,2020525,2020727,6,202
chr4,2040389,2042586,109,2197
chr4,2045481,2047416,33,1935
chr4,2057458,2061785,176,4327
chr4,2063000,2065300,16,2300
chr4,2072651,2072807,6,156
chr4,2074447,2074750,5,303
chr4,2161298,2161460,8,162
chr4,2241628,2242783,23,1155
chr4,2247249,2248300,10,1051
chr4,2261334,2262941,110,1607
chr4,2267981,2268945,7,964
chr4,2270342,2271569,20,1227
chr4,2274038,2274810,14,772
chr4,2285820,2285921,5,101
chr4,2290194,2291190,8,996
chr4,2296657,2297507,8,850
chr4,2300868,2301351,8,483
chr4,2303825,2304065,11,240
chr4,2306136,2306271,5,135
chr4,2333611,2334335,7,724
chr4,2338917,2340210,20,1293
chr4,2341397,2341518,11,121
chr4,2356356,2356793,9,437
chr4,2364889,2365306,27,417
chr4,2384156,2384227,5,71
chr4,2385868,2387222,12,1354
chr4,2393717,2393789,6,72
chr4,2396810,2396974,5,164
chr4,2401390,2402633,10,1243
chr4,2417155,2419452,155,2297
chr4,2434191,2434551,7,360
chr4,2436773,2437152,5,379
chr4,2442638,2442739,5,101
chr4,2458085,2458756,10,671
chr4,2462342,2463355,51,1013
chr4,2466047,2469820,108,3773
chr4,2487371,2487446,5,75
chr4,2527828,2527913,5,85
chr4,2532493,2537716,181,5223
chr4,2549007,2549489,8,482
chr4,2555678,2556606,8,928
chr4,2646262,2646956,6,694
chr4,2701839,2702370,5,531
chr4,2740664,2740976,6,312
chr4,2744676,2744815,9,139
chr4,2755704,2756406,28,702
chr4,2763640,2764640,28,1000
chr4,2767607,2768642,5,1035
chr4,2777274,2778551,8,1277
chr4,2792489,2793774,32,1285
chr4,2796249,2796500,6,251
chr4,2800362,2801976,18,1614
chr4,2811523,2813269,11,1746
chr4,2817666,2819213,52,1547
chr4,2827654,2832021,29,4367
chr4,2843393,2844381,53,988
chr4,2847041,2847160,6,119
chr4,2851871,2852487,12,616
chr4,2876763,2876858,5,95
chr4,2923719,2924619,7,900
chr4,2927489,2928186,5,697
chr4,2930862,2931694,6,832
chr4,2933782,2935490,58,1708
chr4,2942654,2943134,8,480
chr4,2962901,2964280,67,1379
chr4,2967699,2967883,5,184
chr4,2985162,2985349,8,187
chr4,3027920,3028040,7,120
chr4,3036355,3036932,13,577
chr4,3041303,3042478,11,1175
chr4,3047744,3047961,6,217
chr4,3073474,3075167,47,1693
chr4,3079781,3080124,5,343
chr4,3104190,3104278,5,88
chr4,3111354,3111607,8,253
chr4,3217867,3218000,6,133
chr4,3220210,3220538,5,328
chr4,3240673,3240721,5,48
chr4,3248568,3249343,10,775
chr4,3250644,3250988,8,344
chr4,3268000,3268094,5,94
chr4,3285667,3288743,38,3076
chr4,3291481,3293411,124,1930
chr4,3302642,3302944,5,302
chr4,3317300,3317786,12,486
chr4,3320800,3321021,5,221
chr4,3363468,3364746,15,1278
chr4,3370238,3370526,10,288
chr4,3384868,3385835,8,967
chr4,3389768,3390827,7,1059
chr4,3415781,3416036,10,255
chr4,3430592,3430711,8,119
chr4,3433187,3435241,12,2054
chr4,3436858,3439632,20,2774
chr4,3443171,3446238,49,3067
chr4,3447924,3447968,5,44
chr4,3449334,3449381,5,47
chr4,3462926,3464697,29,1771
chr4,3466075,3467408,30,1333
chr4,3469354,3473658,39,4304
chr4,3477704,3478648,8,944
chr4,3482892,3484472,27,1580
chr4,3485682,3485717,6,35
chr4,3493165,3494790,15,1625
chr4,3496015,3496761,5,746
chr4,3498194,3498346,5,152
chr4,3499786,3501892,17,2106
chr4,3505104,3505352,6,248
chr4,3511753,3511838,5,85
chr4,3514992,3515031,5,39
chr4,3516052,3516235,9,183
chr4,3521249,3521359,6,110
chr4,3523474,3524136,5,662
chr4,3525138,3525626,7,488
chr4,3532005,3532992,58,987
chr4,3544457,3545109,5,652
chr4,3555552,3556390,6,838
chr4,3590191,3590464,9,273
chr4,3597372,3597579,9,207
chr4,3607777,3608283,5,506
chr4,3614170,3614449,7,279
chr4,3615498,3615552,8,54
chr4,3629927,3631246,6,1319
chr4,3641908,3642710,43,802
chr4,3648542,3649050,15,508
chr4,3650728,3652722,15,1994
chr4,3654365,3655875,9,1510
chr4,3658610,3658720,5,110
chr4,3677064,3677387,9,323
chr4,3680977,3681382,6,405
chr4,3699423,3700056,13,633
chr4,3701445,3702680,13,1235
chr4,3715222,3715412,6,190
chr4,3723763,3725401,14,1638
chr4,3728294,3729062,7,768
chr4,3730399,3733875,25,3476
chr4,3738660,3739746,13,1086
chr4,3743815,3744590,11,775
chr4,3759224,3760214,6,990
chr4,3764543,3768991,154,4448
chr4,3772125,3775278,20,3153
chr4,3777734,3778554,7,820
chr4,3787878,3787934,6,56
chr4,3797739,3798402,7,663
chr4,3803137,3803681,9,544
chr4,3808911,3809361,24,450
chr4,3812961,3813389,11,428
chr4,3820880,3821296,7,416
chr4,3833183,3837235,15,4052
chr4,3864027,3866127,21,2100
chr4,3871071,3872261,44,1190
chr4,3879193,3880737,16,1544
chr4,3894951,3895777,9,826
chr4,3897639,3898441,10,802
chr4,3935178,3935558,6,380
chr4,3946637,3946839,6,202
chr4,4034461,4034583,5,122
chr4,4047505,4048214,6,709
chr4,4107360,4107625,16,265
chr4,4143118,4143498,19,380
chr4,4160760,4161950,8,1190
chr4,4163306,4163421,6,115
chr4,4168542,4169660,8,1118
chr4,4182886,4183057,8,171
chr4,4226748,4228195,64,1447
chr4,4246790,4246936,5,146
chr4,4248112,4248542,31,430
chr4,4262159,4263946,10,1787
chr4,4290047,4290689,34,642
chr4,4327607,4328089,7,482
chr4,4342465,4343457,6,992
chr4,4345109,4345693,7,584
chr4,4360019,4360670,5,651
chr4,4385917,4388884,113,2967
chr4,4396281,4396441,7,160
chr4,4402298,4402753,12,455
chr4,4407490,4408861,9,1371
chr4,4409900,4411016,9,1116
chr4,4541747,4542346,38,599
chr4,4574950,4575655,30,705
chr4,4606391,4607464,7,1073
chr4,4717669,4718083,7,414
chr4,4761153,4761847,5,694
chr4,4763475,4763602,9,127
chr4,4851337,4852930,28,1593
chr4,4854695,4858153,74,3458
chr4,4859395,4862568,71,3173
chr4,4864638,4867697,88,3059
chr4,4869439,4873163,76,3724
chr4,4875653,4876619,10,966
chr4,4989868,4990315,6,447
chr4,5019967,5020056,6,89
chr4,5050455,5051997,42,1542
chr4,5092521,5092788,5,267
chr4,5383035,5383172,5,137
chr4,5445128,5446162,7,1034
chr4,5462756,5463087,5,331
chr4,5478601,5479212,7,611
chr4,5708259,5709100,52,841
chr4,5710865,5711444,41,579
chr4,5731495,5732934,17,1439
chr4,5752943,5754010,12,1067
chr4,5840741,5841436,5,695
chr4,5863703,5864172,10,469
chr4,5865998,5866450,5,452
chr4,5870542,5871487,11,945
chr4,5887560,5888519,59,959
chr4,5890080,5893074,119,2994
chr4,5897838,5897949,7,111
chr4,5917966,5918092,5,126
chr4,5980292,5980622,6,330
chr4,5988120,5989580,9,1460
chr4,6008144,6009538,14,1394
chr4,6018497,6019048,5,551
chr4,6022081,6023431,9,1350
chr4,6024522,6024586,5,64
chr4,6043153,6043418,5,265
chr4,6050520,6051535,8,1015
chr4,6062329,6062394,6,65
chr4,6105832,6105992,9,160
chr4,6119468,6119714,7,246
chr4,6128609,6128656,5,47
chr4,6199241,6200996,109,1755
chr4,6208115,6208426,6,311
chr4,6221471,6222920,43,1449
chr4,6241326,6242041,5,715
chr4,6269412,6270454,107,1042
chr4,6271717,6271849,8,132
chr4,6277587,6277666,5,79
chr4,6304608,6304932,5,324
chr4,6308989,6309427,44,438
chr4,6322049,6322227,5,178
chr4,6323286,6323673,22,387
chr4,6337355,6337628,6,273
chr4,6342519,6342634,5,115
chr4,6344207,6344440,5,233
chr4,6348023,6349194,12,1171
chr4,6351853,6352041,5,188
chr4,6378399,6378800,23,401
chr4,6380120,6381139,6,1019
chr4,6390539,6391597,19,1058
chr4,6470589,6472686,115,2097
chr4,6478741,6478844,6,103
chr4,6528211,6528288,6,77
chr4,6530447,6530574,5,127
chr4,6535156,6535315,11,159
chr4,6538023,6538882,14,859
chr4,6546734,6546869,6,135
chr4,6549412,6550481,6,1069
chr4,6563025,6564109,98,1084
chr4,6574616,6575429,28,813
chr4,6593612,6593715,5,103
chr4,6609161,6610044,21,883
chr4,6624686,6625027,11,341
chr4,6640565,6641531,76,966
chr4,6658747,6659568,16,821
chr4,6663945,6664356,20,411
chr4,6674177,6674419,35,242
chr4,6688693,6689366,8,673
chr4,6701288,6701404,5,116
chr4,6709557,6710014,26,457
chr4,6716062,6716775,48,713
chr4,6741840,6741988,5,148
chr4,6744522,6745038,7,516
chr4,6746605,6746729,6,124
chr4,6753243,6753576,5,333
chr4,6761758,6762157,5,399
chr4,6767645,6768299,12,654
chr4,6782410,6783832,94,1422
chr4,6849344,6849484,5,140
chr4,6877202,6878231,9,1029
chr4,6900005,6901003,5,998
chr4,6907682,6910852,96,3170
chr4,6916156,6916347,6,191
chr4,6937781,6938908,10,1127
chr4,6943766,6946153,17,2387
chr4,6953933,6954239,13,306
chr4,6971619,6971945,6,326
chr4,6986523,6987766,36,1243
chr4,6996724,6997091,7,367
chr4,7030264,7030469,8,205
chr4,7038981,7039889,11,908
chr4,7042366,7043969,127,1603
chr4,7045328,7047199,13,1871
chr4,7050519,7050786,15,267
chr4,7054674,7055685,13,1011
chr4,7067483,7069137,37,1654
chr4,7071163,7071353,8,190
chr4,7102433,7103517,19,1084
chr4,7123859,7125887,13,2028
chr4,7129419,7130470,10,1051
chr4,7147859,7151499,17,3640
chr4,7167144,7167432,5,288
chr4,7192060,7193825,109,1765
chr4,7226487,7226603,5,116
chr4,7240271,7241258,11,987
chr4,7245283,7246397,8,1114
chr4,7276555,7276773,7,218
chr4,7280203,7282195,11,1992
chr4,7284749,7286186,10,1437
chr4,7298872,7299182,7,310
chr4,7304951,7305124,5,173
chr4,7306127,7307205,7,1078
chr4,7309817,7310626,7,809
chr4,7312708,7314746,6,2038
chr4,7322420,7322608,7,188
chr4,7324448,7324558,5,110
chr4,7326638,7327702,5,1064
chr4,7335136,7335943,9,807
chr4,7361475,7361807,5,332
chr4,7365954,7366373,8,419
chr4,7367584,7368433,8,849
chr4,7370882,7371724,13,842
chr4,7374390,7374524,6,134
chr4,7389829,7390035,5,206
chr4,7422468,7422739,5,271
chr4,7424644,7426913,20,2269
chr4,7431377,7433100,18,1723
chr4,7471617,7472665,9,1048
chr4,7484197,7485632,12,1435
chr4,7494806,7495554,6,748
chr4,7499798,7500336,13,538
chr4,7510577,7510935,19,358
chr4,7518813,7518869,5,56
chr4,7535193,7535900,8,707
chr4,7570126,7570383,5,257
chr4,7591562,7591766,11,204
chr4,7593670,7594506,7,836
chr4,7611998,7612186,6,188
chr4,7630603,7630739,5,136
chr4,7636278,7636765,9,487
chr4,7638381,7638618,6,237
chr4,7645962,7646232,14,270
chr4,7655419,7656011,5,592
chr4,7702527,7705032,16,2505
chr4,7708301,7710297,11,1996
chr4,7714276,7715347,13,1071
chr4,7718016,7719824,10,1808
chr4,7721705,7723756,11,2051
chr4,7728277,7728507,6,230
chr4,7733388,7734069,8,681
chr4,7735147,7736218,6,1071
chr4,7737794,7741200,38,3406
chr4,7753187,7754392,8,1205
chr4,7768342,7769212,14,870
chr4,7774389,7774873,12,484
chr4,7787234,7788276,17,1042
chr4,7827809,7828308,6,499
chr4,7927362,7928480,7,1118
chr4,7938401,7940047,77,1646
chr4,7964855,7965712,6,857
chr4,7967530,7968705,13,1175
chr4,7973393,7973754,5,361
chr4,7982421,7984483,14,2062
chr4,7997720,7998042,5,322
chr4,8000936,8003094,11,2158
chr4,8004527,8005424,9,897
chr4,8006744,8007881,12,1137
chr4,8010769,8010825,5,56
chr4,8020149,8020288,8,139
chr4,8023181,8023253,6,72
chr4,8027423,8027708,7,285
chr4,8031785,8032550,5,765
chr4,8050523,8051144,9,621
chr4,8066230,8066657,8,427
chr4,8072006,8072667,10,661
chr4,8111782,8112173,6,391
chr4,8122987,8123761,5,774
chr4,8126855,8127790,13,935
chr4,8132981,8134405,12,1424
chr4,8150609,8150731,5,122
chr4,8152394,8152650,7,256
chr4,8157724,8159620,108,1896
chr4,8170334,8170530,6,196
chr4,8188577,8189096,9,519
chr4,8191298,8191688,11,390
chr4,8199047,8202686,35,3639
chr4,8204014,8205832,11,1818
chr4,8211044,8211490,7,446
chr4,8212805,8213521,8,716
chr4,8214522,8215439,16,917
chr4,8217010,8217225,6,215
chr4,8218331,8219812,9,1481
chr4,8226782,8229896,27,3114
chr4,8237429,8239002,5,1573
chr4,8251323,8253456,8,2133
chr4,8260106,8262072,15,1966
chr4,8269630,8270687,59,1057
chr4,8273003,8275325,27,2322
chr4,8282970,8284246,13,1276
chr4,8286674,8288542,10,1868
chr4,8298030,8298121,9,91
chr4,8316168,8316772,6,604
chr4,8356621,8358121,7,1500
chr4,8369659,8372583,14,2924
chr4,8379196,8379472,6,276
chr4,8397070,8397882,7,812
chr4,8399198,8399336,7,138
chr4,8403319,8404015,9,696
chr4,8405426,8405608,6,182
chr4,8427480,8428902,23,1422
chr4,8438864,8438975,7,111
chr4,8440707,8441755,25,1048
chr4,8450900,8453405,12,2505
chr4,8465472,8466026,5,554
chr4,8467266,8467299,5,33
chr4,8468932,8469178,8,246
chr4,8475653,8475804,6,151
chr4,8491692,8492482,11,790
chr4,8503294,8505496,9,2202
chr4,8507420,8507814,11,394
chr4,8539960,8540537,7,577
chr4,8544665,8544989,7,324
chr4,8557001,8557312,6,311
chr4,8580560,8581210,36,650
chr4,8592003,8593440,27,1437
chr4,8597207,8599822,18,2615
chr4,8601203,8601344,8,141
chr4,8606569,8608440,24,1871
chr4,8618435,8620027,15,1592
chr4,8641937,8642242,9,305
chr4,8645231,8647032,20,1801
chr4,8650089,8650190,6,101
chr4,8653270,8653500,8,230
chr4,8688320,8688829,21,509
chr4,8694297,8694939,10,642
chr4,8699588,8700865,8,1277
chr4,8709868,8710188,10,320
chr4,8725037,8725716,17,679
chr4,8745370,8745476,6,106
chr4,8761626,8762442,6,816
chr4,8781362,8784604,23,3242
chr4,8788920,8789230,8,310
chr4,8790264,8790403,9,139
chr4,8819725,8821006,8,1281
chr4,8832017,8833171,14,1154
chr4,8849812,8850387,6,575
chr4,8852005,8852601,7,596
chr4,8856481,8858703,79,2222
chr4,8859906,8863370,161,3464
chr4,8864433,8868326,83,3893
chr4,8870968,8874531,136,3563
chr4,8877658,8878727,9,1069
chr4,8888407,8888754,11,347
chr4,8889907,8890007,8,100
chr4,8891753,8894507,165,2754
chr4,8898319,8898515,6,196
chr4,8908273,8911536,13,3263
chr4,8920565,8921646,5,1081
chr4,8940011,8940433,16,422
chr4,8964036,8964449,14,413
chr4,8972442,8972546,9,104
chr4,8974021,8975397,15,1376
chr4,8976904,8977197,13,293
chr4,8990516,8990655,6,139
chr4,9000560,9000898,10,338
chr4,9002257,9002361,7,104
chr4,9092436,9092642,5,206
chr4,9097932,9098110,11,178
chr4,9101123,9101425,7,302
chr4,9102430,9102756,9,326
chr4,9146789,9147130,6,341
chr4,9152352,9153483,25,1131
chr4,9380959,9381365,15,406
chr4,9486334,9486503,9,169
chr4,9495604,9496513,10,909
chr4,9497997,9498410,26,413
chr4,9506430,9508280,14,1850
chr4,9526980,9527051,5,71
chr4,9532148,9532518,11,370
chr4,9602931,9603324,9,393
chr4,9691481,9692169,31,688
chr4,9697411,9697845,5,434
chr4,9703616,9704064,9,448
chr4,9761350,9762824,9,1474
chr4,9781267,9782553,21,1286
chr4,10018661,10019313,23,652
chr4,10033282,10033984,5,702
chr4,10078790,10079616,8,826
chr4,10083001,10083576,9,575
chr4,10092562,10094715,18,2153
chr4,10103873,10104849,5,976
chr4,10115377,10117272,65,1895
chr4,10118835,10119227,6,392
chr4,10121901,10123125,6,1224
chr4,10456733,10457660,50,927
chr4,10461420,10462359,15,939
chr4,10483758,10483863,5,105
chr4,10562683,10563646,7,963
chr4,10609951,10610149,8,198
chr4,10655750,10655973,6,223
chr4,10717333,10717520,8,187
chr4,10843816,10844047,7,231
chr4,11293324,11293387,5,63
chr4,11368747,11369233,33,486
chr4,11427309,11429748,62,2439
chr4,11551332,11551458,10,126
chr4,11650708,11651159,10,451
chr4,11920923,11920955,5,32
chr4,12540499,12540642,6,143
chr4,12609619,12609683,8,64
chr4,12884688,12885010,6,322
chr4,13483109,13484893,65,1784
chr4,13522587,13525200,70,2613
chr4,13528102,13529746,13,1644
chr4,13530964,13531399,14,435
chr4,13534361,13535915,15,1554
chr4,13537183,13545114,162,7931
chr4,13546961,13548159,65,1198
chr4,13627127,13628066,66,939
chr4,13643293,13643644,5,351
chr4,13654319,13654702,17,383
chr4,13787095,13787239,6,144
chr4,14358684,14358722,5,38
chr4,14510963,14511518,6,555
chr4,14862963,14863112,8,149
chr4,15001445,15005421,183,3976
chr4,15341715,15341906,7,191
chr4,15440346,15440568,14,222
chr4,15441945,15442624,8,679
chr4,15654669,15655942,45,1273
chr4,15681438,15682123,27,685
chr4,15778086,15779625,66,1539
chr4,15872963,15873116,6,153
chr4,15905999,15906348,20,349
chr4,15920021,15920596,5,575
chr4,16062082,16062186,7,104
chr4,16082512,16084263,48,1751
chr4,16226217,16228622,95,2405
chr4,16336169,16336401,8,232
chr4,16361041,16361128,6,87
chr4,16916546,16917772,8,1226
chr4,16942644,16942795,5,151
chr4,17003913,17004254,6,341
chr4,17036314,17036374,5,60
chr4,17314513,17314615,7,102
chr4,17436828,17438433,16,1605
chr4,17511593,17512325,36,732
chr4,17546664,17546702,5,38
chr4,17549621,17550099,8,478
chr4,17561160,17561262,5,102
chr4,17577270,17577867,36,597
chr4,17613697,17615107,27,1410
chr4,17688100,17688784,7,684
chr4,17709098,17709213,6,115
chr4,17747845,17748060,8,215
chr4,17767047,17767129,9,82
chr4,17781032,17782068,43,1036
chr4,17911790,17912784,5,994
chr4,17999310,17999378,5,68
chr4,18021051,18022733,76,1682
chr4,18159609,18159641,6,32
chr4,18417600,18418756,21,1156
chr4,19276971,19277123,8,152
chr4,19455380,19456662,18,1282
chr4,19556261,19556576,5,315
chr4,20251937,20255169,143,3232
chr4,20700533,20700645,14,112
chr4,20722282,20722370,6,88
chr4,20802824,20802902,6,78
chr4,21008586,21008815,7,229
chr4,21304251,21304431,14,180
chr4,21948674,21949410,47,736
chr4,22166435,22166547,8,112
chr4,22238156,22238390,5,234
chr4,22388058,22388123,6,65
chr4,22453058,22453117,5,59
chr4,22511959,22512128,6,169
chr4,22515274,22516309,40,1035
chr4,22604118,22605132,5,1014
chr4,22634661,22634964,37,303
chr4,22896083,22896385,5,302
chr4,23201408,23201449,5,41
chr4,23647669,23647881,5,212
chr4,24063347,24063605,5,258
chr4,24147311,24147556,5,245
chr4,24311260,24311396,7,136
chr4,24435916,24436798,9,882
chr4,24469731,24473548,189,3817
chr4,24580661,24581189,9,528
chr4,24583745,24584923,24,1178
chr4,24585940,24586064,8,124
chr4,24598481,24598864,6,383
chr4,24640251,24640361,5,110
chr4,24795355,24795444,6,89
chr4,24799560,24800248,67,688
chr4,24911958,24913215,39,1257
chr4,24958981,24959066,6,85
chr4,25008811,25009064,6,253
chr4,25030154,25031568,40,1414
chr4,25095324,25096264,23,940
chr4,25156632,25156949,6,317
chr4,25160215,25160362,18,147
chr4,25234077,25234809,47,732
chr4,25312236,25313654,14,1418
chr4,25376816,25377648,57,832
chr4,25505035,25506759,31,1724
chr4,25573200,25573240,5,40
chr4,25586548,25587074,7,526
chr4,25619993,25620268,12,275
chr4,25653224,25653392,5,168
chr4,25655740,25655902,18,162
chr4,25711647,25712385,8,738
chr4,25724146,25725780,9,1634
chr4,25750090,25750166,6,76
chr4,25862094,25864457,85,2363
chr4,25913487,25914518,37,1031
chr4,25940540,25940903,5,363
chr4,25988251,25988649,11,398
chr4,26028950,26030025,6,1075
chr4,26050468,26050988,6,520
chr4,26064051,26064100,5,49
chr4,26243083,26243151,5,68
chr4,26253169,26253677,11,508
chr4,26319148,26322100,59,2952
chr4,26359578,26359616,6,38
chr4,26500483,26500938,6,455
chr4,26532656,26532950,13,294
chr4,26583709,26584176,13,467
chr4,26787485,26788136,6,651
chr4,26804270,26804687,15,417
chr4,26857492,26858781,30,1289
chr4,26859824,26861808,75,1984
chr4,27084673,27084990,12,317
chr4,27531554,27531999,5,445
chr4,27813558,27813882,5,324
chr4,28112800,28112822,5,22
chr4,28113944,28114028,6,84
chr4,28245240,28245508,7,268
chr4,28392476,28393518,7,1042
chr4,28400075,28400143,8,68
chr4,28811962,28812162,13,200
chr4,28869104,28869894,7,790
chr4,28902102,28902152,5,50
chr4,29117589,29117662,5,73
chr4,29369189,29369401,6,212
chr4,29418177,29418291,6,114
chr4,29508633,29508837,6,204
chr4,29666054,29666290,6,236
chr4,29678880,29679597,7,717
chr4,29847401,29847543,6,142
chr4,29887481,29887513,5,32
chr4,29911601,29911720,6,119
chr4,30097682,30097973,6,291
chr4,30158111,30158474,5,363
chr4,30353558,30353860,5,302
chr4,30717070,30718785,10,1715
chr4,30720152,30723071,103,2919
chr4,30736628,30736696,6,68
chr4,30835182,30835495,5,313
chr4,30898704,30898751,6,47
chr4,31181474,31181744,6,270
chr4,31734121,31734227,10,106
chr4,31996410,31996488,9,78
chr4,32116429,32116470,5,41
chr4,32632807,32633659,18,852
chr4,32739109,32739198,6,89
chr4,33131556,33131966,9,410
chr4,33251231,33251292,6,61
chr4,33278840,33279035,9,195
chr4,33586978,33587038,5,60
chr4,33673831,33673887,6,56
chr4,34231913,34231973,5,60
chr4,34382387,34382454,5,67
chr4,34496001,34496037,5,36
chr4,34514220,34514347,7,127
chr4,34769307,34769375,5,68
chr4,34986468,34986814,6,346
chr4,35038372,35038505,9,133
chr4,35100189,35101192,5,1003
chr4,35105444,35106266,6,822
chr4,35354747,35354878,6,131
chr4,35368751,35368868,6,117
chr4,35693840,35693908,6,68
chr4,35801276,35801396,6,120
chr4,35832694,35832803,6,109
chr4,36243820,36244737,89,917
chr4,36309376,36309572,5,196
chr4,36906148,36906719,6,571
chr4,37243717,37245749,78,2032
chr4,37453658,37455837,33,2179
chr4,37584038,37584444,6,406
chr4,37686043,37686865,54,822
chr4,37717175,37717369,5,194
chr4,37820428,37820704,15,276
chr4,37826731,37827312,23,581
chr4,37869234,37869530,5,296
chr4,37890172,37891312,43,1140
chr4,37920036,37920685,10,649
chr4,37977559,37977864,24,305
chr4,37992267,37992580,6,313
chr4,38054257,38054316,5,59
chr4,38107036,38107214,7,178
chr4,38137310,38137424,5,114
chr4,38155014,38155147,6,133
chr4,38278943,38279127,6,184
chr4,38476597,38476683,5,86
chr4,38529949,38530071,5,122
chr4,38597024,38597337,6,313
chr4,38606557,38606909,5,352
chr4,38663264,38665165,139,1901
chr4,38672546,38672699,5,153
chr4,38688792,38688943,7,151
chr4,38725031,38725201,5,170
chr4,38731002,38731437,8,435
chr4,38823815,38823930,6,115
chr4,38847401,38847478,5,77
chr4,38867684,38868545,51,861
chr4,39044667,39045572,68,905
chr4,39182258,39182584,17,326
chr4,39246470,39246558,5,88
chr4,39299889,39301017,5,1128
chr4,39366090,39366275,10,185
chr4,39374480,39374744,9,264
chr4,39442196,39442728,5,532
chr4,39447013,39447355,16,342
chr4,39459077,39459160,6,83
chr4,39527116,39528078,23,962
chr4,39638598,39639637,46,1039
chr4,39697353,39698468,13,1115
chr4,39705260,39705984,6,724
chr4,39707999,39708126,6,127
chr4,39715150,39715186,5,36
chr4,39717670,39717755,5,85
chr4,39730640,39731078,7,438
chr4,39738879,39739539,10,660
chr4,39762973,39763344,6,371
chr4,39807328,39807994,10,666
chr4,39913129,39913219,5,90
chr4,39973607,39975135,12,1528
chr4,39976622,39978045,61,1423
chr4,39986214,39986575,7,361
chr4,39989823,39990306,11,483
chr4,40018724,40018855,7,131
chr4,40020255,40020548,8,293
chr4,40044001,40044089,8,88
chr4,40056106,40057578,97,1472
chr4,40059017,40059119,5,102
chr4,40072010,40072167,5,157
chr4,40183436,40183603,7,167
chr4,40270541,40271061,7,520
chr4,40336310,40336637,7,327
chr4,40338118,40339707,9,1589
chr4,40368861,40369168,6,307
chr4,40438717,40438743,5,26
chr4,40447596,40448120,7,524
chr4,40515921,40516145,8,224
chr4,40529753,40530028,6,275
chr4,40535504,40535653,5,149
chr4,40569472,40570098,10,626
chr4,40629777,40630530,35,753
chr4,40725739,40726090,7,351
chr4,40748646,40750812,73,2166
chr4,40852121,40852275,5,154
chr4,40857045,40857242,19,197
chr4,40862582,40862618,5,36
chr4,40894095,40894204,7,109
chr4,40914297,40914408,5,111
chr4,41013593,41013672,5,79
chr4,41030080,41030134,5,54
chr4,41049314,41049430,6,116
chr4,41062413,41062623,5,210
chr4,41109556,41110326,5,770
chr4,41213886,41215085,59,1199
chr4,41216337,41216675,34,338
chr4,41256777,41257310,44,533
chr4,41288165,41288935,6,770
chr4,41360242,41361701,97,1459
chr4,41722654,41723112,6,458
chr4,41731707,41732029,6,322
chr4,41745765,41747631,44,1866
chr4,41750276,41750459,8,183
chr4,41751781,41752075,18,294
chr4,41783617,41783676,6,59
chr4,41787538,41788054,6,516
chr4,41865500,41865625,8,125
chr4,41867184,41867594,26,410
chr4,41873409,41873871,30,462
chr4,41878266,41882968,143,4702
chr4,41935199,41936076,17,877
chr4,41982358,41983100,11,742
chr4,41990247,41990709,28,462
chr4,42091765,42092030,6,265
chr4,42150952,42152823,77,1871
chr4,42194072,42194348,5,276
chr4,42231327,42233026,18,1699
chr4,42291736,42293081,11,1345
chr4,42315453,42315633,5,180
chr4,42346092,42347301,12,1209
chr4,42369671,42370471,11,800
chr4,42387686,42388148,5,462
chr4,42396884,42399255,90,2371
chr4,42656119,42657491,53,1372
chr4,43349578,43349744,10,166
chr4,43409077,43409231,8,154
chr4,43537224,43537496,6,272
chr4,43551244,43551378,8,134
chr4,44182148,44182199,8,51
chr4,44340555,44340604,5,49
chr4,44447469,44449050,132,1581
chr4,44678192,44678690,24,498
chr4,44725302,44726572,34,1270
chr4,45275124,45276247,14,1123
chr4,45420191,45420407,8,216
chr4,45871500,45871591,5,91
chr4,45924322,45924359,5,37
chr4,45940926,45940962,5,36
chr4,46065871,46065968,6,97
chr4,46164316,46164461,5,145
chr4,46389345,46390468,58,1123
chr4,46724259,46724499,12,240
chr4,46992593,46994148,14,1555
chr4,47008611,47008956,5,345
chr4,47031994,47032916,22,922
chr4,47283683,47283960,6,277
chr4,47463245,47463733,24,488
chr4,47485189,47485396,10,207
chr4,47607332,47607794,5,462
chr4,47789976,47790341,7,365
chr4,47836903,47838020,55,1117
chr4,47865773,47866087,5,314
chr4,47914050,47915270,63,1220
chr4,48016474,48017421,35,947
chr4,48136321,48136527,7,206
chr4,48236483,48236607,9,124
chr4,48269734,48270042,17,308
chr4,48292210,48292594,7,384
chr4,48341233,48342216,59,983
chr4,48354559,48354676,5,117
chr4,48483272,48485119,57,1847
chr4,48489896,48491268,123,1372
chr4,48675140,48675440,11,300
chr4,48779144,48780976,80,1832
chr4,48785924,48786367,5,443
chr4,48830796,48831382,15,586
chr4,48906276,48907391,31,1115
chr4,48923929,48923961,5,32
chr4,48985639,48987169,55,1530
chr4,49096332,49097375,10,1043
chr4,49098842,49100392,16,1550
chr4,49103866,49104001,5,135
chr4,49105199,49105835,5,636
chr4,49118682,49121295,25,2613
chr4,49144699,49144799,6,100
chr4,49146681,49148176,10,1495
chr4,49149196,49150729,11,1533
chr4,49152412,49154666,11,2254
chr4,49160860,49161633,7,773
chr4,49187194,49187244,6,50
chr4,49634344,49635318,11,974
chr4,49637106,49639144,7,2038
chr4,49640459,49640584,5,125
chr4,49650291,49652529,13,2238
chr4,49657173,49658043,9,870
chr4,51842938,51844906,76,1968
chr4,51995278,51995476,5,198
chr4,52028359,52028464,7,105
chr4,52037823,52038933,31,1110
chr4,52051440,52052079,25,639
chr4,52075755,52077064,22,1309
chr4,52364741,52364818,6,77
chr4,52644913,52645117,5,204
chr4,52658798,52660046,108,1248
chr4,52712192,52712758,38,566
chr4,52722073,52722551,33,478
chr4,52750155,52751519,22,1364
chr4,52861921,52862648,54,727
chr4,53177629,53177716,6,87
chr4,53298086,53298166,6,80
chr4,53308852,53308901,5,49
chr4,53365366,53366152,21,786
chr4,53377136,53378141,43,1005
chr4,53478601,53478685,5,84
chr4,53592559,53592887,7,328
chr4,54063955,54064804,30,849
chr4,54093521,54094059,15,538
chr4,54095431,54095701,6,270
chr4,54100106,54102038,44,1932
chr4,54103153,54104243,24,1090
chr4,54108205,54109942,25,1737
chr4,54149388,54149654,28,266
chr4,54212393,54213432,6,1039
chr4,54226225,54227615,47,1390
chr4,54230063,54234148,141,4085
chr4,54402862,54403638,5,776
chr4,54610761,54611068,5,307
chr4,54622696,54622901,5,205
chr4,54632595,54632632,6,37
chr4,54657109,54659129,89,2020
chr4,54755871,54756052,10,181
chr4,54890971,54891069,6,98
chr4,55124745,55125939,55,1194
chr4,55157597,55158180,17,583
chr4,55241560,55242642,10,1082
chr4,55281656,55281798,5,142
chr4,55336037,55336814,6,777
chr4,55339110,55339502,7,392
chr4,55346190,55346980,36,790
chr4,55395830,55398025,63,2195
chr4,55545967,55547235,84,1268
chr4,55603768,55603836,8,68
chr4,55635836,55636731,43,895
chr4,55700347,55700668,9,321
chr4,55793632,55794345,14,713
chr4,55853664,55854168,24,504
chr4,55948833,55949171,46,338
chr4,56048692,56049918,71,1226
chr4,56061231,56061262,5,31
chr4,56070233,56070392,6,159
chr4,56088501,56088818,5,317
chr4,56197778,56197838,5,60
chr4,56267213,56267389,5,176
chr4,56315051,56316315,17,1264
chr4,56386769,56388244,29,1475
chr4,56408359,56408581,5,222
chr4,56434991,56437744,86,2753
chr4,56467611,56468028,37,417
chr4,56505091,56505417,6,326
chr4,56530466,56531257,9,791
chr4,56612670,56612858,5,188
chr4,56641933,56642194,6,261
chr4,56655211,56656486,80,1275
chr4,56782974,56784322,5,1348
chr4,56788161,56788302,5,141
chr4,56820708,56821853,22,1145
chr4,56881824,56882190,8,366
chr4,56907142,56909604,84,2462
chr4,56939788,56940638,7,850
chr4,56975800,56979142,63,3342
chr4,56992190,56992763,11,573
chr4,57109163,57110707,44,1544
chr4,57163711,57164250,16,539
chr4,57437379,57437785,5,406
chr4,57627836,57628007,6,171
chr4,57717405,57717437,5,32
chr4,57720368,57720462,5,94
chr4,58172207,58172357,8,150
chr4,58304697,58305053,10,356
chr4,58724231,58725139,5,908
chr4,59225667,59225783,7,116
chr4,59336293,59336397,6,104
chr4,59465471,59465802,5,331
chr4,59518502,59518760,10,258
chr4,60137383,60137443,5,60
chr4,60402248,60402316,6,68
chr4,60618118,60618205,6,87
chr4,60658818,60658950,6,132
chr4,61200268,61202530,82,2262
chr4,61427784,61428750,8,966
chr4,62485463,62485594,7,131
chr4,62855816,62855981,7,165
chr4,62971454,62971874,6,420
chr4,63046626,63046718,6,92
chr4,63348932,63349579,28,647
chr4,63750989,63751150,10,161
chr4,63921704,63921849,5,145
chr4,63942121,63943234,19,1113
chr4,64639830,64640713,10,883
chr4,65490267,65490529,7,262
chr4,65668322,65670804,48,2482
chr4,65946814,65946924,5,110
chr4,66261168,66261272,5,104
chr4,66335773,66335958,7,185
chr4,66560668,66561778,10,1110
chr4,66657353,66657453,9,100
chr4,66712691,66712736,5,45
chr4,67275574,67275655,5,81
chr4,67545366,67545758,31,392
chr4,67551566,67551635,6,69
chr4,67694485,67694558,6,73
chr4,67700754,67701357,47,603
chr4,67716294,67716841,8,547
chr4,67879337,67879405,5,68
chr4,67896827,67896967,9,140
chr4,68349608,68349681,5,73
chr4,68414555,68415036,5,481
chr4,68801854,68801962,5,108
chr4,69115507,69115558,7,51
chr4,69223315,69224533,8,1218
chr4,69267796,69268974,5,1178
chr4,69657282,69657411,5,129
chr4,69923861,69924107,15,246
chr4,70037186,70037222,5,36
chr4,70411907,70411982,6,75
chr4,70687979,70689113,37,1134
chr4,70704596,70705810,74,1214
chr4,70821281,70821530,7,249
chr4,70837488,70837728,7,240
chr4,70838920,70840294,43,1374
chr4,70846171,70846268,5,97
chr4,70892505,70892904,9,399
chr4,70902015,70902858,30,843
chr4,70908086,70908186,5,100
chr4,70926728,70926823,5,95
chr4,70993476,70993939,21,463
chr4,71120958,71120986,6,28
chr4,71186564,71187546,69,982
chr4,71223942,71224156,7,214
chr4,71688301,71688373,7,72
chr4,72031981,72032495,14,514
chr4,72127164,72127512,6,348
chr4,72567831,72569916,62,2085
chr4,72577665,72577765,6,100
chr4,72730475,72730577,5,102
chr4,72916323,72916381,5,58
chr4,73069464,73069801,29,337
chr4,73078301,73078461,6,160
chr4,73258633,73259673,44,1040
chr4,73304621,73304842,5,221
chr4,73326218,73326582,9,364
chr4,73669784,73670998,5,1214
chr4,73836794,73836842,8,48
chr4,73868362,73869826,27,1464
chr4,73944277,73944541,21,264
chr4,73981824,73982041,7,217
chr4,73998545,73998651,7,106
chr4,74038571,74039130,22,559
chr4,74099080,74099388,26,308
chr4,74157912,74158301,28,389
chr4,74364954,74365826,8,872
chr4,74399024,74399423,13,399
chr4,74444901,74445419,30,518
chr4,74932667,74935087,70,2420
chr4,75057540,75057655,7,115
chr4,75514234,75514423,8,189
chr4,75558856,75559395,5,539
chr4,75580541,75580793,6,252
chr4,75630865,75630894,6,29
chr4,75663783,75663948,5,165
chr4,75673121,75673854,62,733
chr4,75694460,75694522,7,62
chr4,75720240,75720374,8,134
chr4,75724234,75725091,30,857
chr4,75876325,75876435,6,110
chr4,75886305,75886336,5,31
chr4,75937554,75937646,6,92
chr4,75939737,75941299,62,1562
chr4,75990719,75990890,14,171
chr4,76010607,76011263,13,656
chr4,76078937,76078997,6,60
chr4,76118860,76118930,6,70
chr4,76147923,76148566,19,643
chr4,76213550,76214009,51,459
chr4,76251546,76252149,30,603
chr4,76306348,76308193,36,1845
chr4,76368646,76369484,5,838
chr4,76420577,76421466,30,889
chr4,76586076,76586174,6,98
chr4,76633472,76633619,12,147
chr4,76688852,76689835,58,983
chr4,76739011,76739086,5,75
chr4,76740325,76741542,43,1217
chr4,76802039,76802911,17,872
chr4,76896513,76898668,90,2155
chr4,76948306,76950743,62,2437
chr4,77063546,77063606,5,60
chr4,77074950,77076127,57,1177
chr4,77113299,77113575,12,276
chr4,77157286,77158950,52,1664
chr4,77562069,77562135,5,66
chr4,77818624,77821058,115,2434
chr4,77857728,77857796,5,68
chr4,77862426,77862836,15,410
chr4,78027078,78027147,6,69
chr4,78056536,78059666,110,3130
chr4,78267297,78267480,6,183
chr4,78518799,78519140,5,341
chr4,78551608,78552715,19,1107
chr4,78702804,78702910,5,106
chr4,78775584,78776847,84,1263
chr4,78938708,78939535,43,827
chr4,79121954,79122364,6,410
chr4,79155194,79155298,9,104
chr4,79674647,79675058,5,411
chr4,80072201,80073628,51,1427
chr4,80183541,80185173,47,1632
chr4,80188792,80190657,31,1865
chr4,80197123,80198327,28,1204
chr4,80202212,80202868,35,656
chr4,80266385,80267317,49,932
chr4,80268375,80268575,8,200
chr4,80336071,80336720,12,649
chr4,80355218,80355450,6,232
chr4,80385945,80386210,10,265
chr4,81030864,81031653,56,789
chr4,81214568,81215712,48,1144
chr4,81415450,81415577,5,127
chr4,81471457,81472554,53,1097
chr4,81630108,81630198,5,90
chr4,82044171,82045067,55,896
chr4,82271648,82271791,7,143
chr4,82285099,82285333,26,234
chr4,82315708,82315839,5,131
chr4,82372515,82375351,52,2836
chr4,82377029,82377349,6,320
chr4,82387750,82387837,5,87
chr4,82400023,82400152,5,129
chr4,82408200,82408274,8,74
chr4,82428991,82431221,77,2230
chr4,82478883,82479768,15,885
chr4,82518240,82518429,7,189
chr4,82561460,82562144,34,684
chr4,82571434,82572074,7,640
chr4,82797495,82798818,63,1323
chr4,82883777,82884079,6,302
chr4,82890834,82891370,41,536
chr4,82900373,82901319,38,946
chr4,83010372,83011040,33,668
chr4,83012238,83013242,51,1004
chr4,83015827,83016045,5,218
chr4,83109815,83110026,18,211
chr4,83141197,83141978,6,781
chr4,83284350,83284699,23,349
chr4,83312534,83312672,6,138
chr4,83335014,83335086,7,72
chr4,83455522,83455832,21,310
chr4,83484966,83485274,8,308
chr4,83510182,83510388,5,206
chr4,83536193,83536803,20,610
chr4,84325004,84325109,7,105
chr4,84482514,84483788,53,1274
chr4,84492966,84493530,45,564
chr4,84496263,84499396,146,3133
chr4,84501734,84502220,20,486
chr4,84582833,84583739,62,906
chr4,84597982,84598042,6,60
chr4,84797741,84797865,8,124
chr4,84860380,84860982,5,602
chr4,84965775,84966741,44,966
chr4,85475021,85475802,14,781
chr4,85494573,85495443,14,870
chr4,85835480,85835512,5,32
chr4,86021898,86021963,9,65
chr4,86517344,86518358,7,1014
chr4,86546980,86547410,11,430
chr4,86576379,86576699,6,320
chr4,86594126,86595375,46,1249
chr4,86848795,86849629,8,834
chr4,86892020,86892541,18,521
chr4,86904142,86904320,20,178
chr4,86934785,86936661,69,1876
chr4,87006958,87007953,30,995
chr4,87047043,87047636,8,593
chr4,87218859,87220568,68,1709
chr4,87233316,87233480,5,164
chr4,87380782,87381111,8,329
chr4,87390083,87391614,13,1531
chr4,87863646,87863786,11,140
chr4,88007651,88008747,73,1096
chr4,88158686,88159243,50,557
chr4,88248502,88248536,5,34
chr4,88283300,88284612,41,1312
chr4,88378893,88379498,12,605
chr4,88456340,88457759,80,1419
chr4,88523325,88524003,30,678
chr4,88590191,88590703,13,512
chr4,88591878,88592917,58,1039
chr4,88893674,88893744,6,70
chr4,89110784,89112367,66,1583
chr4,89148776,89148994,5,218
chr4,89307588,89308130,32,542
chr4,89441206,89441276,5,70
chr4,89491118,89491245,7,127
chr4,89836634,89838037,46,1403
chr4,90127320,90128279,58,959
chr4,90423665,90424007,7,342
chr4,91013703,91014075,5,372
chr4,91094630,91095571,5,941
chr4,91247067,91247912,10,845
chr4,91431167,91431497,6,330
chr4,92182485,92182583,9,98
chr4,92305094,92305675,32,581
chr4,92700852,92700910,5,58
chr4,92749337,92749504,7,167
chr4,92875215,92875324,6,109
chr4,92985324,92985394,5,70
chr4,93548101,93548357,5,256
chr4,93827233,93829874,58,2641
chr4,93834720,93834855,12,135
chr4,94166099,94166285,7,186
chr4,94207203,94207876,23,673
chr4,94242174,94243147,12,973
chr4,94281971,94282185,6,214
chr4,94340719,94340937,12,218
chr4,94450853,94452343,36,1490
chr4,94757691,94758957,61,1266
chr4,94799228,94799396,6,168
chr4,95153614,95153774,5,160
chr4,95547625,95548113,9,488
chr4,95549253,95549842,26,589
chr4,96125679,96126406,19,727
chr4,96169994,96171107,15,1113
chr4,96318043,96318142,5,99
chr4,96384600,96384768,6,168
chr4,96533131,96533218,7,87
chr4,97403631,97403713,6,82
chr4,98082552,98082612,5,60
chr4,98143500,98143627,8,127
chr4,98260242,98261853,73,1611
chr4,98490783,98490978,11,195
chr4,98495449,98495506,5,57
chr4,98537136,98537419,18,283
chr4,98658036,98659410,47,1374
chr4,98673914,98674332,6,418
chr4,98928424,98930145,70,1721
chr4,98995397,98996337,44,940
chr4,99088737,99088890,8,153
chr4,99562843,99562982,5,139
chr4,99649751,99650465,8,714
chr4,99652594,99653130,28,536
chr4,99848002,99848320,6,318
chr4,99894463,99894490,6,27
chr4,99946304,99947233,53,929
chr4,99949247,99950756,75,1509
chr4,100189948,100190707,32,759
chr4,101345954,101348038,70,2084
chr4,101424801,101424876,5,75
chr4,101653978,101654175,10,197
chr4,101790722,101791240,26,518
chr4,102344013,102345885,50,1872
chr4,102431238,102431505,9,267
chr4,102500067,102502071,88,2004
chr4,102669672,102669974,9,302
chr4,102736808,102737568,9,760
chr4,102761039,102761066,6,27
chr4,102825498,102825818,7,320
chr4,102826862,102828285,47,1423
chr4,102868258,102869825,39,1567
chr4,103019545,103020683,32,1138
chr4,103076064,103076967,61,903
chr4,103198163,103198240,10,77
chr4,103436213,103436273,7,60
chr4,103719627,103719967,8,340
chr4,103797971,103798171,7,200
chr4,103933403,103933506,9,103
chr4,103936593,103936836,8,243
chr4,104581245,104582131,5,886
chr4,104663208,104663346,6,138
chr4,104725417,104725511,6,94
chr4,105146192,105147836,57,1644
chr4,105159313,105159918,12,605
chr4,105173269,105173390,5,121
chr4,105473283,105473972,15,689
chr4,105860237,105860320,6,83
chr4,105895076,105896731,63,1655
chr4,106314813,106316153,9,1340
chr4,106321514,106321550,5,36
chr4,106985163,106985637,6,474
chr4,107035628,107037301,16,1673
chr4,107354411,107354526,5,115
chr4,107381133,107381413,10,280
chr4,107579260,107579372,5,112
chr4,107719788,107721313,40,1525
chr4,107824401,107825893,49,1492
chr4,107931378,107932407,15,1029
chr4,107989688,107991040,50,1352
chr4,108166725,108168950,101,2225
chr4,108171445,108173807,69,2362
chr4,108594520,108594670,5,150
chr4,108620589,108620979,7,390
chr4,108650174,108650882,24,708
chr4,108728915,108729113,6,198
chr4,108761672,108763894,41,2222
chr4,108787893,108787986,5,93
chr4,108870112,108870170,5,58
chr4,108984684,108984764,8,80
chr4,109013707,109013783,7,76
chr4,109031212,109031272,6,60
chr4,109301177,109303173,14,1996
chr4,109356452,109356981,14,529
chr4,109424171,109424328,5,157
chr4,109433455,109434233,73,778
chr4,109515201,109515261,5,60
chr4,109557024,109557466,9,442
chr4,109559575,109561125,51,1550
chr4,109615468,109615507,5,39
chr4,109641153,109641399,11,246
chr4,109701956,109703622,44,1666
chr4,109729602,109730746,52,1144
chr4,109756783,109757114,6,331
chr4,110039327,110039470,5,143
chr4,110051561,110051619,7,58
chr4,110196221,110199191,108,2970
chr4,110212364,110212474,6,110
chr4,110253093,110254387,6,1294
chr4,110292296,110293366,6,1070
chr4,110610770,110612005,39,1235
chr4,110614178,110615920,21,1742
chr4,110618173,110623368,114,5195
chr4,110630932,110634045,76,3113
chr4,110636808,110637804,25,996
chr4,110641011,110641409,13,398
chr4,110783603,110783702,6,99
chr4,110876719,110876784,5,65
chr4,111273641,111273696,5,55
chr4,111286652,111287024,5,372
chr4,112077920,112078044,5,124
chr4,112145385,112146136,74,751
chr4,112222465,112222846,11,381
chr4,112231264,112233038,66,1774
chr4,112285686,112286074,28,388
chr4,112355884,112356791,6,907
chr4,112411913,112412150,6,237
chr4,112506777,112507594,5,817
chr4,112509479,112511925,51,2446
chr4,112514894,112516965,62,2071
chr4,112520881,112521223,11,342
chr4,112523133,112524337,23,1204
chr4,112636788,112637180,13,392
chr4,112653514,112653715,7,201
chr4,112670565,112670811,6,246
chr4,112688378,112689556,8,1178
chr4,112705375,112706350,25,975
chr4,112739297,112739537,5,240
chr4,112743953,112744439,7,486
chr4,112756095,112757273,11,1178
chr4,112762612,112763625,8,1013
chr4,112784533,112784643,6,110
chr4,112820934,112821004,6,70
chr4,112881882,112882162,8,280
chr4,112914361,112914515,7,154
chr4,112979804,112980230,5,426
chr4,113354375,113354444,5,69
chr4,113760724,113762421,65,1697
chr4,113772321,113772389,6,68
chr4,113796101,113796172,7,71
chr4,113979019,113979894,24,875
chr4,114004751,114004877,5,126
chr4,114015983,114016044,7,61
chr4,114147688,114148871,8,1183
chr4,114598411,114599040,26,629
chr4,115200382,115200557,11,175
chr4,115665661,115665961,6,300
chr4,115678500,115678854,17,354
chr4,115709648,115709708,5,60
chr4,116018294,116018545,6,251
chr4,116358759,116358959,6,200
chr4,116599187,116600237,13,1050
chr4,116705300,116706692,16,1392
chr4,116770515,116770623,5,108
chr4,116925363,116926425,18,1062
chr4,116980713,116981366,7,653
chr4,117043967,117044507,9,540
chr4,117085420,117085622,18,202
chr4,118033508,118033929,42,421
chr4,118265450,118265725,24,275
chr4,118278249,118279670,25,1421
chr4,118352154,118354291,32,2137
chr4,118385742,118385838,5,96
chr4,118634341,118634467,6,126
chr4,118835758,118836283,26,525
chr4,119130019,119130083,5,64
chr4,119227490,119227547,5,57
chr4,119300518,119301232,9,714
chr4,119404776,119405167,5,391
chr4,119455104,119456420,16,1316
chr4,119626847,119628903,54,2056
chr4,120066468,120067699,23,1231
chr4,120922472,120923016,49,544
chr4,121044920,121045148,6,228
chr4,121070490,121072547,59,2057
chr4,121238741,121238784,6,43
chr4,121380160,121380841,29,681
chr4,121695807,121698171,56,2364
chr4,121764131,121765298,26,1167
chr4,121822983,121823608,18,625
chr4,121849686,121849749,6,63
chr4,121869839,121870343,27,504
chr4,121932249,121932337,5,88
chr4,121949893,121951930,83,2037
chr4,122062074,122062132,5,58
chr4,122152251,122153292,29,1041
chr4,122364886,122365127,8,241
chr4,122378210,122378492,6,282
chr4,122596344,122596456,6,112
chr4,122615243,122615444,6,201
chr4,122670197,122670268,5,71
chr4,122732645,122732723,6,78
chr4,122734366,122734426,8,60
chr4,122826655,122828069,84,1414
chr4,122922024,122923271,28,1247
chr4,123115196,123115343,6,147
chr4,123356971,123357776,5,805
chr4,123384194,123384377,5,183
chr4,123396740,123399290,105,2550
chr4,123435538,123436132,8,594
chr4,123505681,123505987,24,306
chr4,123508172,123508785,14,613
chr4,123539221,123539918,9,697
chr4,123612029,123612222,8,193
chr4,124338740,124339112,12,372
chr4,124651376,124651721,6,345
chr4,124695409,124695514,5,105
chr4,124711892,124713620,73,1728
chr4,125191936,125192002,8,66
chr4,125228981,125229053,5,72
chr4,125281104,125281154,5,50
chr4,125314670,125318483,82,3813
chr4,125340484,125340547,5,63
chr4,125376437,125376767,7,330
chr4,125652051,125652147,12,96
chr4,125680800,125680946,6,146
chr4,125707089,125707371,5,282
chr4,125745159,125745263,6,104
chr4,126200510,126201554,8,1044
chr4,126479243,126479747,10,504
chr4,126490200,126490309,6,109
chr4,126951483,126951569,5,86
chr4,126988817,126989044,5,227
chr4,127569132,127570268,10,1136
chr4,127623022,127623716,27,694
chr4,127730405,127730523,12,118
chr4,127781717,127783388,65,1671
chr4,127880633,127881498,33,865
chr4,127952261,127952328,6,67
chr4,127964598,127965736,65,1138
chr4,128027566,128027671,5,105
chr4,128036656,128036987,8,331
chr4,128057235,128057747,8,512
chr4,128059559,128062302,74,2743
chr4,128063352,128063647,6,295
chr4,128070244,128070685,7,441
chr4,128100052,128100230,5,178
chr4,128117370,128118324,8,954
chr4,128212979,128213079,6,100
chr4,128287315,128288558,37,1243
chr4,128553221,128553553,9,332
chr4,128589951,128590140,6,189
chr4,128595476,128595585,5,109
chr4,128673756,128673813,7,57
chr4,128778396,128778669,9,273
chr4,128805311,128805431,5,120
chr4,128808462,128809966,33,1504
chr4,128811011,128812829,124,1818
chr4,129093594,129093717,8,123
chr4,129280643,129280761,5,118
chr4,130090556,130090633,9,77
chr4,130843410,130843514,5,104
chr4,131379353,131379399,7,46
chr4,131535878,131536042,5,164
chr4,131615665,131615867,7,202
chr4,131727711,131728345,13,634
chr4,131729656,131730861,23,1205
chr4,131750088,131750748,21,660
chr4,131764809,131765126,21,317
chr4,131804116,131804256,7,140
chr4,131975397,131976894,35,1497
chr4,131978337,131978518,5,181
chr4,132033820,132033915,5,95
chr4,132123959,132124070,6,111
chr4,133006620,133007659,11,1039
chr4,133148027,133149537,26,1510
chr4,133150838,133152834,78,1996
chr4,133239573,133239665,6,92
chr4,133385324,133385517,9,193
chr4,133456398,133456670,6,272
chr4,134201529,134202742,27,1213
chr4,134327339,134328822,22,1483
chr4,134476812,134476876,6,64
chr4,134672506,134672551,7,45
chr4,134952756,134952937,6,181
chr4,135424221,135424326,5,105
chr4,136109310,136109759,6,449
chr4,136249452,136249775,5,323
chr4,136253267,136253416,9,149
chr4,136395369,136395465,11,96
chr4,136812546,136812744,11,198
chr4,136823681,136824834,9,1153
chr4,137034455,137034766,8,311
chr4,137420990,137421130,11,140
chr4,137426441,137426490,7,49
chr4,137941616,137942112,5,496
chr4,137987734,137987766,5,32
chr4,138011165,138011226,5,61
chr4,138088851,138089893,30,1042
chr4,138410900,138411809,7,909
chr4,138553174,138553253,10,79
chr4,138819398,138819490,5,92
chr4,138896581,138896641,6,60
chr4,139004827,139005282,8,455
chr4,139015645,139016242,70,597
chr4,139051173,139051301,8,128
chr4,139083498,139084595,64,1097
chr4,139114854,139115517,33,663
chr4,139176275,139179390,93,3115
chr4,139187726,139188542,12,816
chr4,139279924,139281001,23,1077
chr4,139295382,139295923,35,541
chr4,139301403,139302063,40,660
chr4,139305031,139305630,6,599
chr4,139453388,139453924,26,536
chr4,139555498,139557648,111,2150
chr4,139633070,139633892,25,822
chr4,139665920,139666145,9,225
chr4,139734848,139735778,37,930
chr4,139859969,139860012,6,43
chr4,139892697,139893110,8,413
chr4,140092322,140092683,13,361
chr4,140150478,140154347,60,3869
chr4,140172256,140172508,5,252
chr4,140252771,140253353,37,582
chr4,140313347,140313730,7,383
chr4,140373495,140373875,17,380
chr4,140427118,140427177,7,59
chr4,140469579,140470254,9,675
chr4,140497896,140497928,6,32
chr4,140523742,140524377,37,635
chr4,140568622,140569448,37,826
chr4,140579373,140579621,8,248
chr4,140622200,140622485,13,285
chr4,140643511,140643985,7,474
chr4,140712666,140712885,8,219
chr4,140755879,140756971,78,1092
chr4,140885539,140886179,7,640
chr4,141080907,141080956,5,49
chr4,141131992,141133364,68,1372
chr4,141220939,141221314,17,375
chr4,141282509,141282810,5,301
chr4,141484523,141484610,5,87
chr4,141605665,141605753,5,88
chr4,141615762,141616387,8,625
chr4,141636091,141637083,44,992
chr4,141666201,141666312,7,111
chr4,141690140,141690211,8,71
chr4,141768253,141768358,5,105
chr4,142409417,142409541,5,124
chr4,142806018,142806227,7,209
chr4,142845387,142847386,85,1999
chr4,143184606,143185866,36,1260
chr4,143334064,143334359,8,295
chr4,143335370,143337900,127,2530
chr4,143513391,143514628,30,1237
chr4,143559139,143559493,10,354
chr4,143700273,143701018,44,745
chr4,143912180,143912350,21,170
chr4,144645361,144647499,25,2138
chr4,144668088,144668290,13,202
chr4,144746053,144746493,5,440
chr4,145097810,145098448,12,638
chr4,145110578,145111416,5,838
chr4,145179666,145181032,122,1366
chr4,145184553,145184612,6,59
chr4,145346251,145346417,6,166
chr4,145481534,145483118,87,1584
chr4,145618902,145620202,45,1300
chr4,145706850,145707058,5,208
chr4,145732865,145734227,60,1362
chr4,145760948,145761569,18,621
chr4,145764762,145765084,5,322
chr4,145781052,145781112,5,60
chr4,145839247,145839317,5,70
chr4,145898079,145898181,6,102
chr4,145902950,145903058,5,108
chr4,145936228,145938767,101,2539
chr4,146032621,146033350,5,729
chr4,146175764,146176114,24,350
chr4,146521881,146522695,26,814
chr4,146633483,146633839,6,356
chr4,146636899,146640974,114,4075
chr4,146647992,146648138,15,146
chr4,146654963,146655547,54,584
chr4,146663218,146663388,7,170
chr4,146945821,146945998,17,177
chr4,147154670,147154756,5,86
chr4,147159622,147159682,5,60
chr4,147347304,147347476,5,172
chr4,147481057,147481346,18,289
chr4,147542427,147542659,5,232
chr4,147617591,147617935,14,344
chr4,147704083,147704291,5,208
chr4,147731030,147732787,62,1757
chr4,148082392,148082926,8,534
chr4,148145320,148145622,5,302
chr4,148441782,148442483,25,701
chr4,148443793,148445829,100,2036
chr4,150078172,150079553,114,1381
chr4,150157605,150157836,5,231
chr4,150249304,150249723,6,419
chr4,150254840,150256380,12,1540
chr4,150579950,150580121,10,171
chr4,150582896,150583686,10,790
chr4,151015218,151015843,26,625
chr4,151049035,151050284,8,1249
chr4,151057955,151058884,5,929
chr4,151080472,151080687,5,215
chr4,151099546,151099930,23,384
chr4,151126722,151127002,5,280
chr4,151154106,151154669,5,563
chr4,151324526,151325627,37,1101
chr4,151352982,151353284,13,302
chr4,151408165,151409696,54,1531
chr4,151685438,151686322,7,884
chr4,151701297,151701404,5,107
chr4,151761130,151761290,5,160
chr4,151805980,151806070,6,90
chr4,151976387,151976594,5,207
chr4,152045745,152045979,7,234
chr4,152247673,152247742,5,69
chr4,152340300,152340495,7,195
chr4,152534957,152535873,51,916
chr4,152679790,152680314,10,524
chr4,152686427,152687047,6,620
chr4,152720180,152720474,17,294
chr4,152779248,152780529,40,1281
chr4,152936115,152938413,141,2298
chr4,152974892,152976465,13,1573
chr4,153082561,153083529,5,968
chr4,153127459,153128048,7,589
chr4,153141865,153142678,7,813
chr4,153152257,153153777,53,1520
chr4,153172644,153173823,7,1179
chr4,153222287,153223768,35,1481
chr4,153248995,153249676,18,681
chr4,153344301,153345413,49,1112
chr4,153456758,153457143,10,385
chr4,153466018,153467462,61,1444
chr4,153480263,153480376,8,113
chr4,153488457,153488854,13,397
chr4,153539966,153540196,7,230
chr4,153550487,153552066,12,1579
chr4,153684468,153684881,22,413
chr4,153753262,153753660,5,398
chr4,153759830,153760186,32,356
chr4,153788460,153792688,110,4228
chr4,153806238,153806993,8,755
chr4,153984024,153984097,5,73
chr4,154023953,154024081,5,128
chr4,154192344,154192641,6,297
chr4,154333174,154333207,5,33
chr4,154416570,154417150,13,580
chr4,154489325,154491886,60,2561
chr4,154523490,154523757,13,267
chr4,154550143,154550640,20,497
chr4,154584621,154584766,5,145
chr4,154626841,154627452,33,611
chr4,154740637,154745316,88,4679
chr4,154780917,154781854,33,937
chr4,154842488,154842544,6,56
chr4,155002940,155002972,5,32
chr4,155208150,155208953,33,803
chr4,155376575,155376802,24,227
chr4,155667385,155667915,36,530
chr4,155759191,155760229,42,1038
chr4,155953714,155953984,32,270
chr4,156198813,156198998,9,185
chr4,156971390,156972086,38,696
chr4,157076295,157076533,33,238
chr4,157220297,157220602,37,305
chr4,157222081,157222855,26,774
chr4,157461656,157462043,7,387
chr4,157581812,157581882,7,70
chr4,158044192,158044229,6,37
chr4,158067464,158067665,7,201
chr4,158170685,158171355,14,670
chr4,158210327,158210540,9,213
chr4,158228611,158229058,12,447
chr4,158408092,158408152,8,60
chr4,158562448,158562734,6,286
chr4,158572154,158573430,11,1276
chr4,158658115,158658544,13,429
chr4,158671663,158672506,27,843
chr4,158723162,158723197,6,35
chr4,158768749,158769580,53,831
chr4,158927730,158927801,5,71
chr4,158928818,158929020,8,202
chr4,159080913,159081130,6,217
chr4,159094381,159094562,6,181
chr4,159102231,159104244,86,2013
chr4,159121752,159121963,9,211
chr4,159301229,159301344,5,115
chr4,159335760,159336076,7,316
chr4,159390058,159391339,19,1281
chr4,159437975,159438034,5,59
chr4,159827396,159827667,5,271
chr4,160054151,160054217,6,66
chr4,160550273,160550484,13,211
chr4,160832972,160833103,5,131
chr4,160971063,160971158,6,95
chr4,161022835,161023234,8,399
chr4,161042784,161042941,6,157
chr4,161251975,161252219,5,244
chr4,161276623,161278351,18,1728
chr4,161615150,161615210,5,60
chr4,161648008,161648136,5,128
chr4,162203609,162203687,12,78
chr4,162739599,162739849,12,250
chr4,162844272,162844455,5,183
chr4,163153130,163153240,11,110
chr4,163166236,163166745,28,509
chr4,163259561,163259771,5,210
chr4,163332066,163332942,38,876
chr4,163343634,163344574,72,940
chr4,163493847,163495095,34,1248
chr4,163550206,163550530,5,324
chr4,163835665,163836006,5,341
chr4,164383812,164384086,13,274
chr4,164808261,164808553,8,292
chr4,164929964,164930186,7,222
chr4,164933216,164933644,8,428
chr4,164956189,164957293,21,1104
chr4,164965144,164965212,7,68
chr4,164977434,164977654,6,220
chr4,164979612,164980445,6,833
chr4,164992197,164992294,5,97
chr4,165031103,165031948,16,845
chr4,165090135,165090858,5,723
chr4,165108356,165109015,6,659
chr4,165112369,165112975,38,606
chr4,165126163,165126290,11,127
chr4,165207355,165207997,54,642
chr4,165310678,165310947,6,269
chr4,165326922,165327824,35,902
chr4,165378874,165379566,51,692
chr4,165493300,165493478,5,178
chr4,165799638,165799709,6,71
chr4,165872941,165874971,26,2030
chr4,166536621,166536685,7,64
chr4,166667224,166667310,6,86
chr4,166789151,166789285,5,134
chr4,167233959,167234728,19,769
chr4,167373232,167373268,5,36
chr4,167698757,167698906,5,149
chr4,167940832,167941162,5,330
chr4,168182523,168182837,10,314
chr4,168318541,168318787,16,246
chr4,168479908,168480379,16,471
chr4,168511587,168511683,5,96
chr4,168556156,168557136,5,980
chr4,168626325,168626530,5,205
chr4,168631446,168631688,23,242
chr4,168760325,168760529,6,204
chr4,168831693,168833306,64,1613
chr4,168877780,168878346,57,566
chr4,169009278,169010655,29,1377
chr4,169046467,169046642,6,175
chr4,169049348,169050575,10,1227
chr4,169070250,169070993,6,743
chr4,169270212,169271726,81,1514
chr4,169312658,169314137,6,1479
chr4,169620352,169620875,20,523
chr4,169757855,169757944,14,89
chr4,169774605,169774885,14,280
chr4,169782195,169782344,5,149
chr4,169788665,169788850,5,185
chr4,169859379,169859847,5,468
chr4,169871417,169872365,11,948
chr4,170025817,170027611,76,1794
chr4,170089632,170091627,81,1995
chr4,170093361,170093680,5,319
chr4,170566353,170566426,5,73
chr4,170712625,170712793,7,168
chr4,171043198,171043517,19,319
chr4,171298244,171299302,22,1058
chr4,171812865,171814792,60,1927
chr4,172087193,172087270,5,77
chr4,172428995,172429304,5,309
chr4,172477025,172477082,5,57
chr4,172481116,172482179,12,1063
chr4,172542153,172543137,11,984
chr4,172788289,172788588,9,299
chr4,173099159,173099286,9,127
chr4,173168096,173170194,104,2098
chr4,173333661,173335366,62,1705
chr4,173369948,173372047,58,2099
chr4,173416501,173416879,8,378
chr4,173499912,173502362,16,2450
chr4,173506741,173511600,112,4859
chr4,173516694,173519757,63,3063
chr4,173521474,173531339,207,9865
chr4,173538399,173538788,16,389
chr4,174213265,174214967,19,1702
chr4,174283548,174284219,15,671
chr4,174522280,174522813,27,533
chr4,174829180,174829486,17,306
chr4,174976017,174976363,5,346
chr4,175019618,175019776,12,158
chr4,175238075,175238241,9,166
chr4,175427993,175428074,11,81
chr4,175472833,175473592,16,759
chr4,175484723,175484767,5,44
chr4,175558763,175558984,5,221
chr4,175730350,175730563,7,213
chr4,175816960,175817017,5,57
chr4,176065956,176066089,17,133
chr4,176319616,176320559,59,943
chr4,176512827,176512977,8,150
chr4,176562359,176562660,7,301
chr4,176572161,176572224,5,63
chr4,176791957,176793133,80,1176
chr4,176901231,176901327,7,96
chr4,177066000,177066225,7,225
chr4,177079021,177079306,7,285
chr4,177193361,177195034,28,1673
chr4,177247610,177247702,7,92
chr4,177320679,177320761,7,82
chr4,177401212,177401272,5,60
chr4,177441696,177442400,8,704
chr4,177444509,177445453,13,944
chr4,177464933,177465046,6,113
chr4,177557638,177557695,5,57
chr4,177568134,177568183,5,49
chr4,177807558,177807617,5,59
chr4,177890056,177890340,5,284
chr4,177973499,177973604,5,105
chr4,178136636,178138395,10,1759
chr4,178452328,178452469,6,141
chr4,178899940,178900191,5,251
chr4,179350245,179350437,10,192
chr4,179648383,179648495,5,112
chr4,179987360,179987454,7,94
chr4,180057161,180059362,93,2201
chr4,180083821,180084289,6,468
chr4,180101842,180102005,8,163
chr4,180353336,180353532,6,196
chr4,180457113,180457168,5,55
chr4,180545038,180545195,5,157
chr4,180797372,180797707,8,335
chr4,180997133,180997455,8,322
chr4,181312669,181312955,6,286
chr4,181501441,181501896,5,455
chr4,181576876,181577308,7,432
chr4,181605168,181605311,7,143
chr4,181913119,181913438,5,319
chr4,182064514,182065384,6,870
chr4,182121084,182121158,6,74
chr4,182140516,182141204,10,688
chr4,182142261,182145198,135,2937
chr4,182159766,182160306,21,540
chr4,182196220,182196346,5,126
chr4,182240193,182240419,5,226
chr4,182447794,182449447,91,1653
chr4,182589898,182590000,6,102
chr4,182608465,182608788,17,323
chr4,182674931,182674969,5,38
chr4,182754528,182754693,5,165
chr4,182770427,182770825,6,398
chr4,182786830,182787626,6,796
chr4,182799251,182800448,29,1197
chr4,182806480,182808308,63,1828
chr4,182825737,182826645,11,908
chr4,182828548,182828707,10,159
chr4,182857954,182858147,7,193
chr4,182874052,182874157,5,105
chr4,182880501,182880785,5,284
chr4,182916919,182917983,77,1064
chr4,182977807,182978636,6,829
chr4,183022816,183023013,5,197
chr4,183037225,183037756,5,531
chr4,183073430,183073756,6,326
chr4,183097320,183100149,149,2829
chr4,183351117,183351571,8,454
chr4,183356652,183358161,9,1509
chr4,183376526,183376863,9,337
chr4,183394406,183394765,5,359
chr4,183398489,183399755,24,1266
chr4,183413844,183414210,7,366
chr4,183418681,183419111,12,430
chr4,183444147,183445253,80,1106
chr4,183483321,183483907,6,586
chr4,183504228,183506446,119,2218
chr4,183509637,183509826,10,189
chr4,183533587,183533941,22,354
chr4,183539788,183540108,6,320
chr4,183556488,183556546,5,58
chr4,183558991,183559104,6,113
chr4,183583741,183584327,6,586
chr4,183592514,183593135,8,621
chr4,183658707,183659283,26,576
chr4,183719265,183719650,6,385
chr4,183721863,183723032,48,1169
chr4,183732898,183733667,11,769
chr4,183757601,183758634,6,1033
chr4,183779623,183779775,8,152
chr4,183796422,183798738,139,2316
chr4,183841114,183841160,6,46
chr4,183861430,183861838,7,408
chr4,183891996,183892228,10,232
chr4,183905233,183907193,97,1960
chr4,183929756,183929956,5,200
chr4,183940192,183940422,7,230
chr4,183986870,183987081,6,211
chr4,184009374,184010361,9,987
chr4,184167276,184168785,11,1509
chr4,184264026,184264383,8,357
chr4,184315258,184315315,5,57
chr4,184333619,184333798,7,179
chr4,184395133,184395238,8,105
chr4,184409766,184411150,8,1384
chr4,184413209,184414017,8,808
chr4,184429005,184429059,5,54
chr4,184455830,184456923,12,1093
chr4,184472582,184475003,106,2421
chr4,184507752,184508259,6,507
chr4,184548752,184548964,5,212
chr4,184637960,184638078,5,118
chr4,184648412,184649772,40,1360
chr4,184733326,184734295,43,969
chr4,184741215,184741306,9,91
chr4,184825427,184826579,123,1152
chr4,184853544,184854090,10,546
chr4,184955082,184955761,5,679
chr4,184979624,184979997,5,373
chr4,185004812,185005260,7,448
chr4,185015806,185016372,15,566
chr4,185018185,185021570,83,3385
chr4,185127610,185128643,61,1033
chr4,185136982,185137410,16,428
chr4,185142997,185143602,50,605
chr4,185175618,185176545,7,927
chr4,185202405,185205408,78,3003
chr4,185209504,185210391,64,887
chr4,185396023,185396763,55,740
chr4,185425789,185427160,22,1371
chr4,185471080,185471983,56,903
chr4,185494691,185495800,6,1109
chr4,185534874,185536048,53,1174
chr4,185571975,185572311,5,336
chr4,185605330,185605677,6,347
chr4,185624035,185624332,17,297
chr4,185638784,185639206,18,422
chr4,185691292,185691813,5,521
chr4,185886160,185887267,9,1107
chr4,185893507,185894137,8,630
chr4,185895521,185896079,7,558
chr4,185965829,185966007,5,178
chr4,185988714,185989367,6,653
chr4,186025857,186026055,9,198
chr4,186040006,186040623,9,617
chr4,186066508,186066612,8,104
chr4,186104003,186105628,64,1625
chr4,186106803,186106866,5,63
chr4,186144331,186145232,65,901
chr4,186149670,186149958,6,288
chr4,186162497,186162746,5,249
chr4,186190807,186192011,74,1204
chr4,186295699,186295836,6,137
chr4,186297404,186297501,11,97
chr4,186298524,186298560,7,36
chr4,186430689,186431758,9,1069
chr4,186485077,186485836,7,759
chr4,186555150,186555604,36,454
chr4,186570384,186570718,7,334
chr4,186572585,186573946,12,1361
chr4,186576505,186577322,10,817
chr4,186578616,186578713,6,97
chr4,186618498,186620088,10,1590
chr4,186700850,186701941,8,1091
chr4,186705783,186706619,10,836
chr4,186722026,186727006,170,4980
chr4,186890079,186890536,18,457
chr4,187063404,187064244,16,840
chr4,187113736,187113842,10,106
chr4,187157516,187157591,8,75
chr4,187237649,187237700,5,51
chr4,187262046,187262227,7,181
chr4,187421080,187421239,5,159
chr4,187456300,187456436,5,136
chr4,187505697,187505743,6,46
chr4,187572248,187572280,5,32
chr4,187809340,187809594,6,254
chr4,187946144,187946841,7,697
chr4,187995373,187995596,18,223
chr4,187996608,187996918,8,310
chr4,188027308,188027997,9,689
chr4,188031979,188032995,12,1016
chr4,188041519,188042249,6,730
chr4,188084502,188084609,6,107
chr4,188105975,188106878,32,903
chr4,188135688,188136766,7,1078
chr4,188144161,188144405,7,244
chr4,188148418,188149271,11,853
chr4,188154957,188156467,8,1510
chr4,188158556,188160092,16,1536
chr4,188165633,188166598,11,965
chr4,188177133,188177460,10,327
chr4,188178899,188179178,8,279
chr4,188218696,188219419,14,723
chr4,188233849,188234192,5,343
chr4,188270285,188270428,10,143
chr4,188282188,188283147,34,959
chr4,188336334,188336666,10,332
chr4,188337824,188337872,5,48
chr4,188439190,188439509,5,319
chr4,188469565,188469609,5,44
chr4,188556326,188556790,6,464
chr4,188631138,188631508,23,370
chr4,188659162,188659345,23,183
chr4,188681431,188681994,6,563
chr4,188776563,188776639,5,76
chr4,188796238,188796418,5,180
chr4,188939279,188939408,5,129
chr4,189096444,189097019,21,575
chr4,189236374,189236426,6,52
chr4,189289256,189289551,5,295
chr4,189353453,189353539,5,86
chr4,189364064,189364119,5,55
chr4,189459296,189459607,5,311
chr4,189610281,189610371,5,90
chr4,189720026,189720094,6,68
chr4,189769022,189769263,6,241
chr4,189806343,189807140,6,797
chr4,189810316,189811042,11,726
chr4,189940668,189941138,35,470
chr4,190014814,190019380,119,4566
chr4,190020595,190023405,62,2810
chr4,190041127,190041186,8,59
chr4,190065847,190065893,5,46
chr4,190067546,190067711,12,165
chr4,190080720,190080862,9,142
chr4,190082057,190082098,5,41
chr4,190121363,190122072,22,709
chr5,12284,12978,22,694
chr5,50726,51690,29,964
chr5,52760,53934,46,1174
chr5,55120,55265,5,145
chr5,73716,74128,8,412
chr5,79399,79600,5,201
chr5,81731,82853,6,1122
chr5,91873,92458,42,585
chr5,139587,139724,8,137
chr5,162750,163503,7,753
chr5,169319,169610,11,291
chr5,172930,173076,6,146
chr5,181383,181585,5,202
chr5,190913,192555,40,1642
chr5,194979,195833,17,854
chr5,202509,202831,7,322
chr5,206233,207621,9,1388
chr5,217922,219200,82,1278
chr5,264427,264584,6,157
chr5,270339,272154,53,1815
chr5,279815,280294,6,479
chr5,283879,286512,35,2633
chr5,308785,308965,7,180
chr5,310996,311762,13,766
chr5,320757,323745,125,2988
chr5,343657,344253,43,596
chr5,346593,346878,7,285
chr5,353782,354426,12,644
chr5,373668,375621,71,1953
chr5,388476,390878,32,2402
chr5,395304,396144,6,840
chr5,398643,401063,29,2420
chr5,402997,403192,6,195
chr5,429369,431186,12,1817
chr5,433074,433249,10,175
chr5,442587,443488,26,901
chr5,453459,453507,6,48
chr5,459565,459705,5,140
chr5,464598,465384,30,786
chr5,471019,478801,149,7782
chr5,479824,483248,60,3424
chr5,484449,486675,31,2226
chr5,490955,494773,60,3818
chr5,497229,498314,12,1085
chr5,501437,501940,11,503
chr5,504245,505055,22,810
chr5,506209,507254,23,1045
chr5,508282,508719,14,437
chr5,521667,526323,94,4656
chr5,527864,529352,54,1488
chr5,531280,531752,6,472
chr5,533432,534475,11,1043
chr5,535574,535638,6,64
chr5,538292,538467,7,175
chr5,539742,541035,15,1293
chr5,544929,546855,11,1926
chr5,554462,555069,27,607
chr5,557312,558155,5,843
chr5,561042,561716,10,674
chr5,568652,568715,5,63
chr5,570140,570683,6,543
chr5,573236,575089,8,1853
chr5,579871,580685,12,814
chr5,601355,602129,8,774
chr5,607476,609346,10,1870
chr5,611811,612821,60,1010
chr5,616666,617707,5,1041
chr5,621541,621866,12,325
chr5,623311,623369,6,58
chr5,624683,625098,7,415
chr5,628424,629030,7,606
chr5,633564,633681,5,117
chr5,637599,639263,13,1664
chr5,640565,641417,14,852
chr5,658465,658761,5,296
chr5,662338,665042,38,2704
chr5,666409,666684,9,275
chr5,669179,674583,40,5404
chr5,677588,677984,10,396
chr5,686031,686524,7,493
chr5,692567,694420,69,1853
chr5,725111,725238,5,127
chr5,757709,759333,13,1624
chr5,760498,760756,6,258
chr5,764356,764755,9,399
chr5,766605,767342,11,737
chr5,777297,778213,20,916
chr5,783119,785859,109,2740
chr5,840941,841338,9,397
chr5,842514,843139,5,625
chr5,852677,855924,41,3247
chr5,857612,858135,5,523
chr5,872115,872171,5,56
chr5,875165,875981,8,816
chr5,883799,883943,6,144
chr5,891171,893296,65,2125
chr5,926805,927068,14,263
chr5,931003,931249,6,246
chr5,937089,938329,10,1240
chr5,945930,947482,10,1552
chr5,956436,957469,8,1033
chr5,959565,960480,9,915
chr5,962575,963496,13,921
chr5,993131,993470,5,339
chr5,1002814,1006298,75,3484
chr5,1008750,1010599,84,1849
chr5,1027710,1029002,11,1292
chr5,1033411,1033474,8,63
chr5,1038028,1039437,15,1409
chr5,1040783,1040969,7,186
chr5,1051270,1052108,13,838
chr5,1055358,1056300,8,942
chr5,1057456,1059245,23,1789
chr5,1062887,1064046,19,1159
chr5,1066770,1066933,6,163
chr5,1067936,1067996,6,60
chr5,1074198,1074930,8,732
chr5,1079985,1081327,23,1342
chr5,1085459,1085885,17,426
chr5,1088218,1090519,31,2301
chr5,1091643,1093752,28,2109
chr5,1098977,1102694,35,3717
chr5,1106059,1106956,8,897
chr5,1108259,1112215,77,3956
chr5,1114605,1114691,5,86
chr5,1118000,1118453,10,453
chr5,1120326,1120416,6,90
chr5,1124858,1124903,5,45
chr5,1131161,1131605,12,444
chr5,1137151,1138007,7,856
chr5,1139540,1140746,24,1206
chr5,1141819,1143027,8,1208
chr5,1151637,1152439,6,802
chr5,1153476,1153723,7,247
chr5,1155412,1156350,49,938
chr5,1158574,1159412,19,838
chr5,1162122,1163307,7,1185
chr5,1172407,1172862,17,455
chr5,1174190,1174753,17,563
chr5,1176660,1177567,12,907
chr5,1181319,1181382,5,63
chr5,1182662,1183372,15,710
chr5,1193673,1194336,13,663
chr5,1195938,1196116,12,178
chr5,1200654,1202169,37,1515
chr5,1203841,1204819,7,978
chr5,1207120,1207578,10,458
chr5,1211134,1211287,10,153
chr5,1217058,1217195,6,137
chr5,1218373,1218446,6,73
chr5,1219547,1220529,10,982
chr5,1222864,1223179,12,315
chr5,1224959,1225240,9,281
chr5,1226507,1226862,6,355
chr5,1229604,1229644,5,40
chr5,1231002,1233043,12,2041
chr5,1239008,1239209,7,201
chr5,1243568,1243599,5,31
chr5,1244642,1246772,57,2130
chr5,1250126,1252062,21,1936
chr5,1253764,1253835,8,71
chr5,1258160,1258801,12,641
chr5,1264434,1265819,13,1385
chr5,1270768,1271470,13,702
chr5,1273875,1274925,10,1050
chr5,1277178,1281116,32,3938
chr5,1282374,1285314,39,2940
chr5,1289245,1289314,5,69
chr5,1291183,1291749,10,566
chr5,1293917,1296261,106,2344
chr5,1313541,1314466,15,925
chr5,1318143,1319093,14,950
chr5,1323296,1324094,6,798
chr5,1329201,1330270,5,1069
chr5,1332988,1334316,10,1328
chr5,1335444,1335850,9,406
chr5,1339120,1339995,9,875
chr5,1342914,1345699,93,2785
chr5,1359520,1359670,5,150
chr5,1362264,1362774,10,510
chr5,1370678,1370711,5,33
chr5,1378014,1378765,6,751
chr5,1380336,1380469,6,133
chr5,1382082,1382175,5,93
chr5,1383435,1383577,5,142
chr5,1385791,1386526,28,735
chr5,1394515,1395073,8,558
chr5,1405309,1405375,6,66
chr5,1407315,1409935,32,2620
chr5,1413607,1414468,14,861
chr5,1430110,1431197,15,1087
chr5,1444612,1446878,82,2266
chr5,1463336,1464292,17,956
chr5,1468071,1468130,5,59
chr5,1476003,1476346,5,343
chr5,1483251,1483377,6,126
chr5,1489652,1491655,25,2003
chr5,1495202,1495410,5,208
chr5,1502616,1502941,5,325
chr5,1506269,1506343,5,74
chr5,1522006,1524864,76,2858
chr5,1547334,1548370,7,1036
chr5,1551594,1552067,9,473
chr5,1594134,1594961,41,827
chr5,1617215,1624588,51,7373
chr5,1633673,1635225,54,1552
chr5,1636740,1637018,8,278
chr5,1642376,1643879,15,1503
chr5,1653008,1654397,27,1389
chr5,1656375,1657290,7,915
chr5,1661400,1662145,5,745
chr5,1666988,1668224,49,1236
chr5,1671805,1673162,17,1357
chr5,1686069,1687882,8,1813
chr5,1724860,1726188,32,1328
chr5,1728130,1729816,26,1686
chr5,1745333,1747219,39,1886
chr5,1764085,1764723,16,638
chr5,1769478,1770237,15,759
chr5,1777440,1779507,18,2067
chr5,1786778,1787893,9,1115
chr5,1799407,1801691,92,2284
chr5,1815658,1815931,6,273
chr5,1826724,1828031,18,1307
chr5,1833927,1836584,28,2657
chr5,1841434,1841661,5,227
chr5,1850296,1851431,17,1135
chr5,1852550,1852802,6,252
chr5,1856541,1857506,37,965
chr5,1861469,1861835,7,366
chr5,1865558,1866119,12,561
chr5,1869533,1869791,9,258
chr5,1874309,1879375,126,5066
chr5,1880976,1888216,276,7240
chr5,1897999,1898145,6,146
chr5,1913658,1914118,6,460
chr5,1915701,1916780,9,1079
chr5,1922410,1923985,15,1575
chr5,1927594,1927970,8,376
chr5,1930793,1931506,50,713
chr5,1949112,1950261,7,1149
chr5,1952289,1953180,12,891
chr5,1958529,1958661,5,132
chr5,1962803,1964287,14,1484
chr5,2007537,2008446,29,909
chr5,2037528,2038678,22,1150
chr5,2042830,2043484,7,654
chr5,2048777,2049154,8,377
chr5,2094393,2094971,6,578
chr5,2103306,2103565,6,259
chr5,2110758,2112701,32,1943
chr5,2123968,2124605,8,637
chr5,2132727,2133813,12,1086
chr5,2134898,2135369,11,471
chr5,2136742,2136910,14,168
chr5,2140451,2142861,12,2410
chr5,2149281,2149412,7,131
chr5,2151400,2151571,6,171
chr5,2155242,2156077,12,835
chr5,2175978,2176031,7,53
chr5,2179554,2181258,15,1704
chr5,2186888,2187944,8,1056
chr5,2190356,2192007,10,1651
chr5,2205027,2208128,16,3101
chr5,2258387,2258477,6,90
chr5,2261133,2262015,20,882
chr5,2289412,2289974,7,562
chr5,2307583,2308603,6,1020
chr5,2324383,2324573,7,190
chr5,2334683,2335267,21,584
chr5,2371022,2371349,10,327
chr5,2387693,2387822,6,129
chr5,2391095,2391740,6,645
chr5,2419401,2419568,6,167
chr5,2442831,2442917,6,86
chr5,2515320,2516632,14,1312
chr5,2518029,2518210,5,181
chr5,2524586,2524984,11,398
chr5,2536859,2537382,13,523
chr5,2547189,2547246,7,57
chr5,2618342,2619021,7,679
chr5,2632029,2632064,5,35
chr5,2656244,2656988,6,744
chr5,2686324,2686597,8,273
chr5,2698762,2699795,9,1033
chr5,2708404,2708564,7,160
chr5,2726144,2726209,8,65
chr5,2728951,2729359,7,408
chr5,2738038,2741093,99,3055
chr5,2743446,2743635,19,189
chr5,2748679,2752501,191,3822
chr5,2753751,2756571,70,2820
chr5,2774136,2774235,5,99
chr5,2813570,2814445,5,875
chr5,2831485,2832630,6,1145
chr5,2889486,2890649,10,1163
chr5,2894514,2894969,8,455
chr5,2902443,2903947,10,1504
chr5,2926129,2926189,5,60
chr5,2995140,2998140,15,3000
chr5,3027157,3027272,5,115
chr5,3100964,3101527,8,563
chr5,3103032,3104813,16,1781
chr5,3113566,3114671,11,1105
chr5,3118505,3118637,5,132
chr5,3120248,3120727,7,479
chr5,3180790,3180839,5,49
chr5,3182804,3182956,5,152
chr5,3187858,3188251,13,393
chr5,3197762,3197920,10,158
chr5,3200155,3201484,12,1329
chr5,3213048,3213374,9,326
chr5,3285398,3286050,8,652
chr5,3300821,3301099,8,278
chr5,3324693,3324761,5,68
chr5,3326276,3326617,12,341
chr5,3336581,3337679,5,1098
chr5,3342057,3342649,5,592
chr5,3390336,3390550,5,214
chr5,3398901,3399093,6,192
chr5,3428218,3428582,7,364
chr5,3452183,3452658,5,475
chr5,3489355,3489962,12,607
chr5,3506601,3507658,5,1057
chr5,3518897,3518981,5,84
chr5,3536130,3536422,15,292
chr5,3537866,3537932,6,66
chr5,3590545,3592630,28,2085
chr5,3594025,3600899,206,6874
chr5,3602231,3602968,49,737
chr5,3605669,3606719,36,1050
chr5,3684318,3684600,5,282
chr5,3740878,3741299,11,421
chr5,3763838,3763989,5,151
chr5,3787530,3787834,5,304
chr5,3854351,3855441,16,1090
chr5,4001088,4001305,7,217
chr5,4094441,4094586,6,145
chr5,4199781,4199855,7,74
chr5,4230135,4230180,6,45
chr5,4238214,4238312,5,98
chr5,4287836,4287897,5,61
chr5,4295905,4296626,6,721
chr5,4319872,4320440,10,568
chr5,4492891,4493549,6,658
chr5,4509669,4509846,5,177
chr5,4511547,4512421,8,874
chr5,4662066,4662294,5,228
chr5,4863444,4863739,5,295
chr5,4867430,4868285,10,855
chr5,4877843,4878213,5,370
chr5,4941747,4942499,18,752
chr5,5139765,5140581,35,816
chr5,5190612,5190791,5,179
chr5,5206350,5206522,5,172
chr5,5251951,5252007,6,56
chr5,5307877,5308062,6,185
chr5,5311521,5312130,6,609
chr5,5364488,5364741,6,253
chr5,5420962,5423013,38,2051
chr5,5494581,5494957,8,376
chr5,5567794,5568036,5,242
chr5,5571244,5571565,5,321
chr5,5688420,5688969,7,549
chr5,5887237,5887393,12,156
chr5,5907675,5909075,6,1400
chr5,6045626,6046054,7,428
chr5,6190584,6191000,6,416
chr5,6348699,6350765,26,2066
chr5,6378248,6378567,11,319
chr5,6410593,6411980,12,1387
chr5,6446217,6446504,6,287
chr5,6448671,6448721,9,50
chr5,6462547,6465776,17,3229
chr5,6469974,6470024,5,50
chr5,6479171,6479659,5,488
chr5,6480873,6481297,7,424
chr5,6491641,6491784,12,143
chr5,6509483,6510044,9,561
chr5,6528622,6528746,5,124
chr5,6551786,6552848,6,1062
chr5,6582978,6584739,64,1761
chr5,6614020,6614821,6,801
chr5,6620674,6621850,6,1176
chr5,6632874,6634461,34,1587
chr5,6644503,6645553,6,1050
chr5,6665482,6665593,5,111
chr5,6667248,6667364,6,116
chr5,6686719,6687254,13,535
chr5,6712289,6715009,103,2720
chr5,6726852,6726920,5,68
chr5,6745257,6747293,11,2036
chr5,6757263,6758132,6,869
chr5,6762864,6763350,9,486
chr5,6773450,6773730,15,280
chr5,6822953,6824260,6,1307
chr5,6846050,6847067,32,1017
chr5,6900944,6901033,5,89
chr5,6986217,6986330,5,113
chr5,7165821,7166061,5,240
chr5,7289117,7289821,14,704
chr5,7394967,7397643,66,2676
chr5,7413438,7413549,6,111
chr5,7474999,7475214,6,215
chr5,7755151,7755319,7,168
chr5,7823509,7824381,9,872
chr5,7831876,7832000,6,124
chr5,7849566,7851230,46,1664
chr5,7868953,7869710,44,757
chr5,7983138,7983449,9,311
chr5,8071498,8071712,5,214
chr5,8158127,8158374,5,247
chr5,8226673,8227117,6,444
chr5,8364298,8364675,5,377
chr5,8424222,8424541,5,319
chr5,8457511,8458079,33,568
chr5,8840436,8840559,12,123
chr5,8870432,8870786,10,354
chr5,9544655,9546727,96,2072
chr5,10065547,10065589,5,42
chr5,10108238,10108326,6,88
chr5,10137924,10138130,7,206
chr5,10153346,10153771,5,425
chr5,10187915,10188074,5,159
chr5,10249754,10251140,42,1386
chr5,10307692,10307791,14,99
chr5,10333025,10334560,50,1535
chr5,10353297,10354253,67,956
chr5,10441760,10442349,39,589
chr5,10459318,10461233,14,1915
chr5,10498088,10498778,7,690
chr5,10533448,10533680,5,232
chr5,10562684,10565551,139,2867
chr5,10574063,10574136,5,73
chr5,10632352,10632450,5,98
chr5,10648683,10649950,44,1267
chr5,10674974,10675621,7,647
chr5,10760842,10762177,62,1335
chr5,10882724,10883007,9,283
chr5,10973140,10973539,9,399
chr5,10991754,10992993,15,1239
chr5,10994211,10994449,9,238
chr5,11113065,11113470,6,405
chr5,11180920,11181429,5,509
chr5,11236802,11237112,5,310
chr5,11384469,11385280,23,811
chr5,11544840,11544889,5,49
chr5,11903539,11904590,52,1051
chr5,11961942,11962321,7,379
chr5,12590354,12590461,5,107
chr5,13277035,13277432,5,397
chr5,13578481,13580238,30,1757
chr5,13889750,13889921,5,171
chr5,13989016,13989576,8,560
chr5,13994091,13994175,6,84
chr5,14011511,14011881,38,370
chr5,14142800,14145147,194,2347
chr5,14205795,14206154,7,359
chr5,14291134,14291645,8,511
chr5,14336644,14336873,6,229
chr5,14357726,14358115,6,389
chr5,14423030,14423121,6,91
chr5,14454874,14456056,13,1182
chr5,14460244,14461106,6,862
chr5,14487255,14487962,19,707
chr5,14506323,14507525,11,1202
chr5,14577317,14577462,12,145
chr5,14581144,14582721,43,1577
chr5,14663899,14664887,82,988
chr5,14706933,14707139,5,206
chr5,14710528,14710686,10,158
chr5,14725087,14725838,8,751
chr5,14729874,14731110,9,1236
chr5,14738892,14740939,7,2047
chr5,14870557,14873330,94,2773
chr5,14897088,14898572,14,1484
chr5,15095941,15096878,16,937
chr5,15500009,15500770,64,761
chr5,15868028,15868076,5,48
chr5,15889973,15890341,5,368
chr5,15928005,15928066,7,61
chr5,15937203,15937295,5,92
chr5,16179045,16180825,71,1780
chr5,16465147,16466257,34,1110
chr5,16615815,16618026,62,2211
chr5,16678960,16680890,6,1930
chr5,16681981,16682463,5,482
chr5,16686603,16686686,5,83
chr5,16699390,16699509,6,119
chr5,16700991,16701316,12,325
chr5,16755357,16755410,5,53
chr5,16814338,16814672,6,334
chr5,16899083,16899372,5,289
chr5,16902657,16902769,5,112
chr5,16917174,16917778,5,604
chr5,16934172,16934442,6,270
chr5,16935455,16936719,90,1264
chr5,16959955,16960004,5,49
chr5,16966624,16966760,8,136
chr5,17010631,17010736,7,105
chr5,17062187,17062245,7,58
chr5,17083431,17083569,16,138
chr5,17097489,17098663,8,1174
chr5,17129338,17130524,8,1186
chr5,17137725,17138043,10,318
chr5,17140938,17141886,19,948
chr5,17152830,17153340,5,510
chr5,17159410,17159544,7,134
chr5,17186810,17186978,7,168
chr5,17201871,17202765,10,894
chr5,17207152,17207676,5,524
chr5,17216448,17218748,47,2300
chr5,17275627,17275822,6,195
chr5,17386852,17387087,7,235
chr5,17464034,17464180,5,146
chr5,17620721,17620878,7,157
chr5,17882669,17882776,5,107
chr5,18054034,18054304,6,270
chr5,18310045,18310094,5,49
chr5,18394383,18394673,6,290
chr5,18731473,18731548,5,75
chr5,19024773,19025020,5,247
chr5,19080922,19081084,5,162
chr5,19288691,19288740,5,49
chr5,19359361,19359561,7,200
chr5,19804045,19804146,5,101
chr5,19839796,19840184,8,388
chr5,19922669,19924016,6,1347
chr5,20123606,20123650,5,44
chr5,20305509,20305709,19,200
chr5,21076089,21076157,5,68
chr5,21087458,21087648,8,190
chr5,21459052,21459374,11,322
chr5,21468999,21469380,5,381
chr5,21483748,21484310,6,562
chr5,21584549,21584650,5,101
chr5,21802277,21802350,7,73
chr5,21875958,21876441,5,483
chr5,22086387,22086437,5,50
chr5,22418523,22419185,10,662
chr5,22535064,22535247,6,183
chr5,22950776,22950995,9,219
chr5,23377500,23378213,6,713
chr5,23413862,23414044,5,182
chr5,23506974,23507453,10,479
chr5,23517508,23517711,7,203
chr5,23563823,23564139,7,316
chr5,23951246,23951606,21,360
chr5,24363285,24363451,6,166
chr5,24451053,24451324,6,271
chr5,24573625,24573954,8,329
chr5,25100880,25101022,5,142
chr5,25190532,25190940,40,408
chr5,25200286,25200337,5,51
chr5,25263352,25263769,10,417
chr5,25344844,25344894,5,50
chr5,25467063,25467229,7,166
chr5,25900632,25901783,5,1151
chr5,25910342,25910465,6,123
chr5,25973505,25973638,5,133
chr5,25991773,25991887,7,114
chr5,26226467,26226842,5,375
chr5,26237165,26237590,8,425
chr5,26485602,26485646,7,44
chr5,26787632,26787705,7,73
chr5,27094072,27094255,6,183
chr5,27407923,27407974,6,51
chr5,27431389,27431533,5,144
chr5,27640401,27640613,5,212
chr5,27743472,27743553,9,81
chr5,27835273,27835798,6,525
chr5,28077731,28078003,10,272
chr5,28404499,28404610,7,111
chr5,28674263,28674356,5,93
chr5,28687552,28687838,6,286
chr5,28809354,28810006,22,652
chr5,28926397,28926740,7,343
chr5,28927813,28928111,7,298
chr5,29127904,29127996,8,92
chr5,29295597,29296910,19,1313
chr5,29361256,29361473,5,217
chr5,29464425,29464501,7,76
chr5,29768476,29768544,5,68
chr5,30345757,30346543,10,786
chr5,30693975,30694075,8,100
chr5,31193804,31194654,38,850
chr5,31317664,31317761,5,97
chr5,31526164,31526187,5,23
chr5,31531882,31532429,25,547
chr5,31638438,31639979,66,1541
chr5,31670611,31670716,6,105
chr5,31692251,31694128,15,1877
chr5,31727624,31727830,12,206
chr5,31757332,31757448,5,116
chr5,31777072,31777193,12,121
chr5,31810188,31810355,7,167
chr5,31854454,31855578,28,1124
chr5,31908007,31908450,14,443
chr5,32058598,32058699,5,101
chr5,32073944,32074164,8,220
chr5,32090513,32090663,8,150
chr5,32095933,32096038,5,105
chr5,32098182,32098519,5,337
chr5,32120588,32120776,8,188
chr5,32128515,32129096,11,581
chr5,32172619,32174774,69,2155
chr5,32180614,32180780,8,166
chr5,32312484,32313261,43,777
chr5,32323290,32323526,12,236
chr5,32358281,32358582,7,301
chr5,32418031,32418116,5,85
chr5,32443728,32445450,35,1722
chr5,32503767,32504563,6,796
chr5,32585577,32586054,45,477
chr5,32641818,32641925,5,107
chr5,32710170,32712060,28,1890
chr5,32713472,32714414,30,942
chr5,32991547,32991702,5,155
chr5,33161891,33162730,7,839
chr5,33440595,33441243,15,648
chr5,33501868,33502333,8,465
chr5,33696345,33696493,5,148
chr5,33724652,33724712,5,60
chr5,33794414,33794651,6,237
chr5,33891643,33892352,21,709
chr5,33935863,33938840,76,2977
chr5,34005780,34008102,21,2322
chr5,34189856,34191302,11,1446
chr5,34282685,34282788,5,103
chr5,34563994,34564284,5,290
chr5,34655784,34657684,85,1900
chr5,34745808,34746198,5,390
chr5,34770095,34770172,5,77
chr5,34837060,34837607,7,547
chr5,34838889,34839518,49,629
chr5,34872773,34873057,8,284
chr5,34915007,34916119,51,1112
chr5,34929394,34930513,55,1119
chr5,35030305,35030422,6,117
chr5,35229295,35230241,40,946
chr5,35528841,35530193,8,1352
chr5,35924822,35925932,12,1110
chr5,35945939,35946116,7,177
chr5,35990822,35991877,11,1055
chr5,36066211,36066655,10,444
chr5,36142586,36142817,7,231
chr5,36151366,36152947,29,1581
chr5,36240914,36242440,84,1526
chr5,36245844,36246495,7,651
chr5,36552273,36552373,5,100
chr5,36606382,36606937,5,555
chr5,36616056,36616764,10,708
chr5,36690258,36690815,19,557
chr5,36692820,36693353,18,533
chr5,36744390,36745479,39,1089
chr5,36782610,36782685,10,75
chr5,36872503,36872570,5,67
chr5,36875648,36877616,69,1968
chr5,37015312,37015644,5,332
chr5,37209014,37209060,5,46
chr5,37237706,37237766,6,60
chr5,37248629,37249574,38,945
chr5,37308554,37308752,5,198
chr5,37332088,37332414,5,326
chr5,37370092,37371119,29,1027
chr5,37378833,37379178,11,345
chr5,37397878,37398174,6,296
chr5,37759357,37759534,6,177
chr5,37834069,37841415,170,7346
chr5,37952329,37952637,17,308
chr5,38113677,38114497,7,820
chr5,38134916,38135049,8,133
chr5,38189138,38189251,5,113
chr5,38193271,38193351,6,80
chr5,38257905,38258906,27,1001
chr5,38290938,38291002,6,64
chr5,38437462,38438290,7,828
chr5,38445672,38446602,17,930
chr5,38454188,38455218,5,1030
chr5,38467306,38467557,8,251
chr5,38556219,38556829,40,610
chr5,38635540,38635599,6,59
chr5,38770161,38770359,10,198
chr5,38844931,38846871,61,1940
chr5,38925240,38925360,5,120
chr5,39054006,39054129,5,123
chr5,39073478,39075089,58,1611
chr5,39428618,39429824,15,1206
chr5,39988137,39988197,6,60
chr5,40042585,40042941,7,356
chr5,40066704,40066957,16,253
chr5,40222549,40222648,6,99
chr5,40679063,40682090,66,3027
chr5,40722723,40722808,7,85
chr5,40755028,40755948,26,920
chr5,40797594,40797937,23,343
chr5,40813148,40813360,5,212
chr5,40833931,40835719,30,1788
chr5,40878250,40879022,6,772
chr5,41510272,41510311,5,39
chr5,41869498,41870544,49,1046
chr5,41903837,41904303,11,466
chr5,41925613,41925899,6,286
chr5,41930779,41930951,6,172
chr5,42329117,42329414,6,297
chr5,42363305,42363503,12,198
chr5,42423893,42424439,23,546
chr5,42756637,42756802,6,165
chr5,42797869,42798185,7,316
chr5,42847211,42847260,5,49
chr5,42894138,42894339,11,201
chr5,42923934,42924481,6,547
chr5,42931734,42931853,5,119
chr5,42948634,42952611,78,3977
chr5,42953894,42953988,5,94
chr5,42991308,42995432,101,4124
chr5,43000304,43000538,13,234
chr5,43006953,43010157,30,3204
chr5,43017249,43020477,31,3228
chr5,43033866,43034113,9,247
chr5,43037530,43038669,19,1139
chr5,43039737,43042561,76,2824
chr5,43064926,43067606,41,2680
chr5,43075009,43075658,5,649
chr5,43078378,43078743,9,365
chr5,43106884,43106944,5,60
chr5,43112309,43112435,5,126
chr5,43120624,43122147,61,1523
chr5,43142266,43143115,6,849
chr5,43182462,43183484,6,1022
chr5,43189298,43189813,8,515
chr5,43191768,43192275,14,507
chr5,43375802,43375891,6,89
chr5,43436790,43436895,5,105
chr5,43483480,43484351,47,871
chr5,43516380,43516839,10,459
chr5,43545830,43546957,7,1127
chr5,43556137,43557487,48,1350
chr5,43588378,43588640,7,262
chr5,43603152,43604064,47,912
chr5,43665909,43665961,8,52
chr5,43745929,43745970,6,41
chr5,43749006,43749446,9,440
chr5,44388856,44388912,6,56
chr5,44483515,44483868,5,353
chr5,45206619,45206720,5,101
chr5,45225692,45225753,7,61
chr5,45262124,45262252,9,128
chr5,45695100,45696236,83,1136
chr5,49601221,49602873,23,1652
chr5,49657171,49661787,59,4616
chr5,49666198,49667164,11,966
chr5,50440960,50442031,35,1071
chr5,50666321,50667942,36,1621
chr5,50922196,50923967,15,1771
chr5,50963130,50964406,17,1276
chr5,50965589,50966021,8,432
chr5,50968590,50969902,53,1312
chr5,51084130,51084761,6,631
chr5,51116903,51117095,13,192
chr5,51313183,51313226,5,43
chr5,51381935,51383112,37,1177
chr5,51384613,51385318,5,705
chr5,51388774,51390278,56,1504
chr5,51399004,51399574,14,570
chr5,51412181,51412250,5,69
chr5,51951846,51951943,5,97
chr5,51999973,52000009,5,36
chr5,52709815,52710242,6,427
chr5,52787786,52788349,17,563
chr5,52799871,52801548,20,1677
chr5,52988951,52990291,33,1340
chr5,53109489,53109869,23,380
chr5,53438170,53438347,10,177
chr5,53479727,53481003,81,1276
chr5,53482021,53482938,25,917
chr5,53560922,53561039,10,117
chr5,54309794,54311081,45,1287
chr5,54473069,54473168,5,99
chr5,54517822,54519520,56,1698
chr5,54637784,54637926,5,142
chr5,54646012,54646485,8,473
chr5,54648445,54649428,14,983
chr5,54865085,54865136,7,51
chr5,54883541,54884246,32,705
chr5,55173014,55173620,32,606
chr5,55176394,55176456,7,62
chr5,55220784,55221038,21,254
chr5,55223535,55223858,15,323
chr5,55226521,55227695,79,1174
chr5,55231799,55234505,115,2706
chr5,55286349,55287297,6,948
chr5,55307382,55307653,16,271
chr5,55534369,55535233,44,864
chr5,55613372,55613464,8,92
chr5,55632178,55633104,5,926
chr5,55712024,55712622,13,598
chr5,55733340,55733392,6,52
chr5,55821746,55822046,29,300
chr5,55881233,55881462,7,229
chr5,55887614,55887964,11,350
chr5,55903304,55903614,9,310
chr5,55994619,55995697,25,1078
chr5,56027650,56028027,5,377
chr5,56083959,56085121,8,1162
chr5,56153761,56154875,7,1114
chr5,56185592,56185848,5,256
chr5,56397948,56398028,6,80
chr5,56480550,56481572,30,1022
chr5,56498732,56499110,11,378
chr5,56589253,56589404,5,151
chr5,56636083,56636115,5,32
chr5,56814961,56816970,91,2009
chr5,56909241,56910516,33,1275
chr5,56950807,56952290,79,1483
chr5,56996410,56996956,9,546
chr5,57041401,57041462,6,61
chr5,57170555,57171444,8,889
chr5,57173421,57174541,38,1120
chr5,57185158,57185421,6,263
chr5,57312800,57312868,6,68
chr5,57423366,57423482,5,116
chr5,57482386,57482811,7,425
chr5,58079988,58080555,6,567
chr5,58171763,58171823,5,60
chr5,58459524,58460732,59,1208
chr5,58582994,58583531,14,537
chr5,58890453,58890605,6,152
chr5,59038532,59039928,48,1396
chr5,59127644,59127898,6,254
chr5,59215801,59215901,7,100
chr5,59893309,59894221,40,912
chr5,59930086,59930157,6,71
chr5,60415425,60415565,14,140
chr5,60699566,60700288,39,722
chr5,60843304,60844470,98,1166
chr5,60893716,60894047,6,331
chr5,60896277,60896309,5,32
chr5,60944721,60945630,21,909
chr5,61162454,61162679,24,225
chr5,61331126,61334403,161,3277
chr5,61418360,61418526,7,166
chr5,61625800,61626867,49,1067
chr5,61792572,61792771,6,199
chr5,62305802,62307295,76,1493
chr5,62403598,62404507,39,909
chr5,62412600,62413082,35,482
chr5,62424642,62426104,6,1462
chr5,62655721,62655809,5,88
chr5,63111005,63111082,6,77
chr5,63310047,63310140,5,93
chr5,63959411,63959898,26,487
chr5,63961011,63962956,24,1945
chr5,64077797,64078188,11,391
chr5,64165478,64166481,55,1003
chr5,64234420,64234692,6,272
chr5,64388360,64388689,5,329
chr5,64505880,64506566,41,686
chr5,64544647,64545634,6,987
chr5,64690529,64691121,40,592
chr5,64768710,64769588,16,878
chr5,65023664,65024119,6,455
chr5,65035545,65035932,18,387
chr5,65102770,65103928,37,1158
chr5,65220466,65220573,6,107
chr5,65389064,65389120,6,56
chr5,65480722,65481556,6,834
chr5,65563021,65563526,7,505
chr5,65623731,65625053,15,1322
chr5,65721421,65722950,69,1529
chr5,65724995,65725100,5,105
chr5,65827942,65828908,9,966
chr5,65925355,65926533,62,1178
chr5,65927912,65928224,6,312
chr5,66144042,66144873,53,831
chr5,66208776,66208868,6,92
chr5,66503311,66503349,6,38
chr5,66596218,66597012,74,794
chr5,67003887,67004759,20,872
chr5,67163713,67164469,9,756
chr5,67165650,67166805,24,1155
chr5,67817877,67818036,6,159
chr5,68020590,68020726,10,136
chr5,68186116,68186198,13,82
chr5,68187215,68187743,19,528
chr5,68215118,68217154,89,2036
chr5,68288489,68288599,14,110
chr5,68876990,68877345,7,355
chr5,68902332,68902412,6,80
chr5,69042691,69043492,11,801
chr5,69074743,69075064,9,321
chr5,69093972,69095467,27,1495
chr5,69114789,69115014,5,225
chr5,69160277,69161399,7,1122
chr5,69166863,69167206,12,343
chr5,69180903,69181892,12,989
chr5,69188390,69190011,42,1621
chr5,69204749,69205258,5,509
chr5,69217784,69218094,14,310
chr5,69295238,69296177,6,939
chr5,69332818,69333533,11,715
chr5,69334633,69335205,20,572
chr5,69369074,69370637,69,1563
chr5,69414991,69415853,54,862
chr5,69419824,69420356,5,532
chr5,69466950,69467045,5,95
chr5,69475392,69475588,5,196
chr5,69480812,69481224,12,412
chr5,69491761,69493886,64,2125
chr5,69560027,69560216,14,189
chr5,70919759,70919859,5,100
chr5,71454483,71456126,10,1643
chr5,71469826,71470744,7,918
chr5,71544629,71544706,5,77
chr5,71587174,71587647,18,473
chr5,71719073,71719835,11,762
chr5,71811211,71811414,5,203
chr5,72107161,72108952,64,1791
chr5,72157942,72158169,8,227
chr5,72307741,72308450,22,709
chr5,72319838,72320966,25,1128
chr5,72390358,72390394,5,36
chr5,72420193,72420959,5,766
chr5,72460830,72461362,11,532
chr5,72556419,72556738,15,319
chr5,72748685,72749485,7,800
chr5,72816142,72817275,60,1133
chr5,72848223,72848926,44,703
chr5,72925633,72925727,7,94
chr5,72935271,72935297,5,26
chr5,72955418,72956345,69,927
chr5,73119743,73120642,60,899
chr5,73202077,73202138,6,61
chr5,73215585,73216505,19,920
chr5,73230240,73230665,16,425
chr5,73232284,73234677,38,2393
chr5,73298182,73299947,49,1765
chr5,73301234,73301478,7,244
chr5,73303138,73303968,40,830
chr5,73380653,73382538,97,1885
chr5,73419433,73420139,43,706
chr5,73436112,73437715,108,1603
chr5,73444638,73444921,7,283
chr5,73446803,73448687,118,1884
chr5,73450860,73451727,44,867
chr5,73463408,73463622,7,214
chr5,73498109,73498892,14,783
chr5,73565226,73566115,52,889
chr5,73625689,73626987,63,1298
chr5,73901122,73901233,6,111
chr5,73909718,73909872,7,154
chr5,74483993,74484261,5,268
chr5,74575995,74576082,5,87
chr5,74616612,74616661,6,49
chr5,74636088,74636304,6,216
chr5,74639858,74642316,77,2458
chr5,74674353,74674520,5,167
chr5,74682282,74682352,5,70
chr5,74684626,74685856,42,1230
chr5,74697655,74697842,5,187
chr5,74765923,74767263,30,1340
chr5,74771569,74772414,6,845
chr5,74794703,74794813,7,110
chr5,74865851,74867055,88,1204
chr5,74886155,74886320,5,165
chr5,74948425,74949367,7,942
chr5,75052548,75053976,89,1428
chr5,75236984,75237010,8,26
chr5,75336676,75337819,18,1143
chr5,75510836,75512128,65,1292
chr5,75611656,75611915,17,259
chr5,75636968,75637159,9,191
chr5,75717075,75717857,23,782
chr5,75741599,75742053,8,454
chr5,76081662,76085009,72,3347
chr5,76174251,76174320,14,69
chr5,76280647,76280740,8,93
chr5,76336541,76336640,7,99
chr5,76347569,76347732,5,163
chr5,76402384,76404241,63,1857
chr5,76509497,76510441,5,944
chr5,76714619,76716374,60,1755
chr5,76726257,76726387,5,130
chr5,76732346,76733153,15,807
chr5,76748074,76748243,9,169
chr5,76773946,76774166,7,220
chr5,76797846,76798077,5,231
chr5,76818913,76820142,31,1229
chr5,76823154,76823886,7,732
chr5,76953098,76954199,55,1101
chr5,77030415,77030759,28,344
chr5,77077445,77077861,41,416
chr5,77086969,77087203,19,234
chr5,77180262,77181288,28,1026
chr5,77210420,77211234,84,814
chr5,77491049,77492599,46,1550
chr5,77608767,77608986,8,219
chr5,77621201,77621418,5,217
chr5,77628032,77628771,30,739
chr5,77629794,77630567,48,773
chr5,77635837,77639010,69,3173
chr5,77640806,77646010,85,5204
chr5,77775855,77776869,50,1014
chr5,77810628,77810789,6,161
chr5,77844251,77845271,40,1020
chr5,77846956,77848192,6,1236
chr5,77850494,77852826,40,2332
chr5,77957780,77958215,30,435
chr5,77967189,77967238,7,49
chr5,77972688,77974151,32,1463
chr5,78081499,78081592,6,93
chr5,78118252,78118353,6,101
chr5,78294002,78295928,59,1926
chr5,78306373,78306894,10,521
chr5,78359257,78361733,74,2476
chr5,78509765,78510512,28,747
chr5,78593088,78593201,5,113
chr5,78626937,78626981,5,44
chr5,78647430,78649968,60,2538
chr5,78682056,78682209,6,153
chr5,78772945,78773072,6,127
chr5,78897995,78898192,7,197
chr5,78913314,78913420,7,106
chr5,78984740,78985532,75,792
chr5,79069526,79070303,31,777
chr5,79150034,79150323,5,289
chr5,79233796,79234348,5,552
chr5,79235759,79237420,87,1661
chr5,79239667,79240403,10,736
chr5,79512895,79514882,49,1987
chr5,79519861,79520056,7,195
chr5,79551054,79551367,6,313
chr5,79555071,79555169,6,98
chr5,79567458,79567518,5,60
chr5,79611972,79612595,19,623
chr5,79689068,79690035,46,967
chr5,79849137,79850291,5,1154
chr5,80035224,80035913,34,689
chr5,80082886,80083016,8,130
chr5,80091402,80092171,5,769
chr5,80141248,80141332,6,84
chr5,80255630,80256445,54,815
chr5,80307584,80307760,8,176
chr5,80310028,80310127,9,99
chr5,80332584,80332619,6,35
chr5,80407526,80408407,41,881
chr5,80487451,80488530,50,1079
chr5,80489785,80489848,5,63
chr5,80569328,80570349,65,1021
chr5,80606841,80606895,5,54
chr5,80654617,80654689,16,72
chr5,80713770,80714221,5,451
chr5,80959312,80961517,65,2205
chr5,81087022,81087542,19,520
chr5,81195220,81195639,10,419
chr5,81233238,81234124,15,886
chr5,81393691,81394644,36,953
chr5,81438087,81438207,5,120
chr5,81749992,81752058,109,2066
chr5,81823073,81823758,14,685
chr5,81851666,81852943,28,1277
chr5,81972143,81972803,28,660
chr5,82278042,82278347,28,305
chr5,82363422,82363729,6,307
chr5,82726702,82726813,12,111
chr5,82859784,82859958,5,174
chr5,83077235,83077595,20,360
chr5,83309688,83309735,5,47
chr5,83472577,83473192,18,615
chr5,83474294,83474716,16,422
chr5,83701850,83702054,6,204
chr5,83722025,83722495,26,470
chr5,84382027,84384938,54,2911
chr5,84535115,84535255,6,140
chr5,84645832,84646053,5,221
chr5,84648206,84648311,5,105
chr5,84830355,84830653,9,298
chr5,85549716,85550467,9,751
chr5,85647658,85647818,6,160
chr5,85675702,85675761,5,59
chr5,86150031,86150457,6,426
chr5,86226213,86226493,11,280
chr5,86239857,86240082,8,225
chr5,86413591,86413792,6,201
chr5,86464208,86464769,5,561
chr5,86466971,86467041,6,70
chr5,86616093,86616136,5,43
chr5,86617808,86618407,22,599
chr5,87157579,87157647,6,68
chr5,87252072,87253051,17,979
chr5,87267411,87268673,38,1262
chr5,87413007,87413117,7,110
chr5,87499870,87500013,8,143
chr5,88141313,88141639,14,326
chr5,88144304,88145373,21,1069
chr5,88207957,88208498,8,541
chr5,88268364,88269423,9,1059
chr5,88313798,88313949,5,151
chr5,88415497,88415565,5,68
chr5,88659877,88661178,39,1301
chr5,88671910,88673023,19,1113
chr5,88674422,88676003,62,1581
chr5,88677923,88678732,17,809
chr5,88680039,88681069,39,1030
chr5,88684462,88685485,23,1023
chr5,88689126,88692209,40,3083
chr5,88693216,88695616,30,2400
chr5,88722664,88722736,9,72
chr5,88884161,88884301,7,140
chr5,88889052,88889771,23,719
chr5,89002754,89004032,19,1278
chr5,90408552,90410016,18,1464
chr5,90473228,90474112,13,884
chr5,90483064,90483216,6,152
chr5,90529375,90529638,28,263
chr5,90558650,90559036,11,386
chr5,90600954,90601065,5,111
chr5,90847682,90847870,9,188
chr5,91279854,91280645,15,791
chr5,91314486,91314917,5,431
chr5,91380314,91381099,30,785
chr5,91382582,91383872,11,1290
chr5,91917244,91918586,22,1342
chr5,92631400,92631433,5,33
chr5,93271897,93272036,7,139
chr5,93341193,93341545,6,352
chr5,93570573,93574902,73,4329
chr5,93578176,93582159,64,3983
chr5,93583629,93585686,116,2057
chr5,93587530,93588561,26,1031
chr5,93594999,93597127,30,2128
chr5,93598634,93599094,12,460
chr5,93602351,93602693,16,342
chr5,93604132,93604481,23,349
chr5,93610781,93612442,19,1661
chr5,93621032,93621597,32,565
chr5,93639969,93640038,6,69
chr5,93741269,93741319,5,50
chr5,94111617,94111995,14,378
chr5,94345796,94346072,7,276
chr5,94356543,94356817,7,274
chr5,94516737,94516921,5,184
chr5,94618325,94618826,25,501
chr5,94835732,94835831,5,99
chr5,94920666,94920736,7,70
chr5,95283659,95285200,106,1541
chr5,95555277,95555335,6,58
chr5,95619996,95621437,51,1441
chr5,95669188,95670179,6,991
chr5,95711157,95711993,9,836
chr5,95731200,95732014,36,814
chr5,95766764,95766830,6,66
chr5,95782530,95782635,5,105
chr5,95822083,95822675,8,592
chr5,95823719,95824686,7,967
chr5,95835022,95835127,9,105
chr5,95851186,95851226,5,40
chr5,95948287,95948354,5,67
chr5,95960216,95961967,59,1751
chr5,96432064,96432450,11,386
chr5,96617684,96618810,9,1126
chr5,96661994,96663267,68,1273
chr5,96702780,96703240,19,460
chr5,96807509,96808340,52,831
chr5,96819114,96819219,6,105
chr5,96935164,96936364,54,1200
chr5,97085180,97085570,13,390
chr5,97407152,97407283,15,131
chr5,97541256,97542239,9,983
chr5,97580234,97580307,5,73
chr5,98303499,98303567,5,68
chr5,98768882,98771153,51,2271
chr5,98772999,98774784,95,1785
chr5,98840737,98840940,5,203
chr5,98928120,98929775,70,1655
chr5,99410626,99410675,7,49
chr5,99818024,99818228,9,204
chr5,99931585,99931850,5,265
chr5,100535407,100536008,19,601
chr5,100656978,100657967,6,989
chr5,100688086,100689012,8,926
chr5,100737274,100737378,6,104
chr5,100774966,100775155,7,189
chr5,100900902,100901981,20,1079
chr5,100904355,100904985,7,630
chr5,101629588,101629841,7,253
chr5,101971825,101972190,5,365
chr5,102154910,102155261,24,351
chr5,102214875,102214933,5,58
chr5,102295739,102297445,27,1706
chr5,102491637,102491718,10,81
chr5,102498611,102498825,10,214
chr5,102754941,102755848,53,907
chr5,102865433,102866161,39,728
chr5,103046741,103046812,5,71
chr5,103119711,103120481,21,770
chr5,103258422,103259695,50,1273
chr5,103562810,103562884,5,74
chr5,103702521,103702583,5,62
chr5,103953859,103954222,24,363
chr5,104162108,104162262,6,154
chr5,104928961,104929153,17,192
chr5,105144767,105144937,5,170
chr5,105658524,105658556,5,32
chr5,105801366,105801457,5,91
chr5,106154397,106154424,6,27
chr5,106218124,106218523,12,399
chr5,106417390,106417442,5,52
chr5,106475585,106475834,5,249
chr5,106707894,106707959,5,65
chr5,107012519,107012621,5,102
chr5,107409980,107410120,7,140
chr5,107494211,107494304,10,93
chr5,107542652,107543152,5,500
chr5,107669075,107672927,202,3852
chr5,108380848,108382528,79,1680
chr5,108748313,108749306,56,993
chr5,109486913,109487944,18,1031
chr5,109689287,109690948,115,1661
chr5,109754885,109755108,5,223
chr5,110692111,110692377,5,266
chr5,110738737,110739269,23,532
chr5,110894191,110894404,12,213
chr5,111070747,111070835,10,88
chr5,111073082,111073764,13,682
chr5,111092344,111092996,25,652
chr5,111223810,111224831,77,1021
chr5,111512232,111512601,23,369
chr5,111531010,111531236,5,226
chr5,111609269,111609553,6,284
chr5,111757110,111757867,23,757
chr5,112147361,112147562,7,201
chr5,112159777,112161027,16,1250
chr5,112181307,112182141,9,834
chr5,112272227,112272299,7,72
chr5,112418704,112420127,84,1423
chr5,112707059,112707798,21,739
chr5,112861153,112861402,20,249
chr5,112921530,112922323,69,793
chr5,112950803,112950901,7,98
chr5,112976467,112978137,30,1670
chr5,113042972,113043716,6,744
chr5,113202989,113203584,9,595
chr5,113293322,113294849,19,1527
chr5,113334441,113334751,7,310
chr5,113372785,113373005,6,220
chr5,113434443,113434664,12,221
chr5,113457294,113457361,5,67
chr5,113487241,113488917,44,1676
chr5,113513679,113514178,35,499
chr5,113741399,113741506,7,107
chr5,113837647,113837789,5,142
chr5,114055189,114056367,48,1178
chr5,114162950,114163046,5,96
chr5,114360827,114363361,80,2534
chr5,114432740,114432773,6,33
chr5,114496124,114496281,5,157
chr5,114695676,114695773,6,97
chr5,114779707,114779990,5,283
chr5,115092591,115092671,5,80
chr5,115169081,115171357,88,2276
chr5,115179129,115180618,62,1489
chr5,115262491,115262897,29,406
chr5,115265398,115265496,7,98
chr5,115296008,115296812,57,804
chr5,115368927,115369482,6,555
chr5,115376656,115376770,5,114
chr5,115544144,115544902,51,758
chr5,115602104,115602394,23,290
chr5,115625660,115626074,29,414
chr5,115815349,115816919,47,1570
chr5,115818993,115819050,5,57
chr5,115841594,115842824,55,1230
chr5,115961644,115963949,44,2305
chr5,116084937,116085467,18,530
chr5,116108902,116109124,8,222
chr5,116361490,116361815,11,325
chr5,116447500,116448099,8,599
chr5,116572462,116575404,98,2942
chr5,116576420,116576605,15,185
chr5,116647665,116647733,6,68
chr5,116697890,116698360,12,470
chr5,116841554,116842380,6,826
chr5,116864278,116864760,5,482
chr5,116997447,116997862,9,415
chr5,117222263,117222580,6,317
chr5,117846224,117846856,8,632
chr5,117964277,117964466,5,189
chr5,118033759,118034134,9,375
chr5,118208271,118208342,5,71
chr5,118884685,118884866,6,181
chr5,118948337,118948672,5,335
chr5,118965313,118965339,5,26
chr5,118973718,118973782,6,64
chr5,118988260,118988523,27,263
chr5,118991317,118991473,6,156
chr5,119070913,119071431,21,518
chr5,119268542,119268991,36,449
chr5,119315038,119315174,5,136
chr5,119355161,119356536,31,1375
chr5,119407552,119407655,5,103
chr5,119452623,119452848,17,225
chr5,119751598,119751683,5,85
chr5,119780688,119780762,6,74
chr5,119818587,119818689,5,102
chr5,120021392,120021509,5,117
chr5,120182073,120182173,6,100
chr5,120464230,120465620,53,1390
chr5,120513017,120513145,6,128
chr5,120909516,120909606,6,90
chr5,121465241,121465339,5,98
chr5,121851132,121852596,39,1464
chr5,121930821,121930965,6,144
chr5,121954195,121954222,7,27
chr5,121961355,121962077,14,722
chr5,122077042,122078320,51,1278
chr5,122311826,122312802,61,976
chr5,122650149,122650210,7,61
chr5,122724749,122725790,14,1041
chr5,122844874,122845929,43,1055
chr5,122932591,122932823,6,232
chr5,123035885,123037033,53,1148
chr5,123086614,123091126,123,4512
chr5,123093514,123095796,35,2282
chr5,123098386,123099945,52,1559
chr5,123285295,123285951,15,656
chr5,123423016,123423351,28,335
chr5,123512050,123512910,55,860
chr5,123573974,123574143,5,169
chr5,123948458,123949538,9,1080
chr5,124301189,124301452,5,263
chr5,124651791,124652018,12,227
chr5,124693874,124694068,5,194
chr5,124735375,124735408,8,33
chr5,124744177,124744296,7,119
chr5,124799831,124799918,6,87
chr5,124892414,124893464,22,1050
chr5,124976354,124976469,6,115
chr5,125088667,125088755,5,88
chr5,125924121,125924258,6,137
chr5,126229124,126230025,7,901
chr5,126366768,126366947,6,179
chr5,126423464,126423733,8,269
chr5,126594650,126596427,40,1777
chr5,126600211,126601827,49,1616
chr5,126638655,126638687,6,32
chr5,126639698,126639828,5,130
chr5,126734499,126734996,10,497
chr5,126755833,126756499,7,666
chr5,126773569,126775246,14,1677
chr5,126776498,126778175,70,1677
chr5,126784441,126785072,7,631
chr5,126851637,126851974,8,337
chr5,126853868,126854880,13,1012
chr5,126869276,126869325,7,49
chr5,126895892,126896041,6,149
chr5,127029911,127031182,56,1271
chr5,127072961,127073553,17,592
chr5,127186424,127186781,5,357
chr5,127229306,127229721,33,415
chr5,127290096,127291663,51,1567
chr5,127422438,127422762,7,324
chr5,127702147,127702237,5,90
chr5,127756057,127756391,10,334
chr5,128082855,128084659,118,1804
chr5,128127027,128127214,6,187
chr5,128201477,128201746,16,269
chr5,128472715,128472878,5,163
chr5,128500543,128500605,6,62
chr5,128537046,128539215,109,2169
chr5,128769004,128769136,6,132
chr5,128965117,128965415,20,298
chr5,129093357,129095237,59,1880
chr5,129459381,129461697,51,2316
chr5,129903999,129906742,119,2743
chr5,130402315,130402471,6,156
chr5,130994299,130996108,17,1809
chr5,131008385,131008426,7,41
chr5,131164566,131165401,19,835
chr5,131238313,131238889,8,576
chr5,131263800,131264675,60,875
chr5,131268546,131269923,7,1377
chr5,131301275,131302272,5,997
chr5,131633252,131633558,7,306
chr5,131635231,131635847,20,616
chr5,131713149,131713275,6,126
chr5,131796287,131797736,70,1449
chr5,131819642,131819868,6,226
chr5,131945315,131945352,6,37
chr5,132011022,132012177,39,1155
chr5,132227007,132228473,41,1466
chr5,132257392,132258532,27,1140
chr5,132259765,132260509,5,744
chr5,132271731,132273186,26,1455
chr5,132293268,132295037,67,1769
chr5,132369510,132370362,28,852
chr5,132410774,132411167,40,393
chr5,132440054,132440405,8,351
chr5,132490012,132491196,93,1184
chr5,132496053,132497240,43,1187
chr5,132552837,132553855,8,1018
chr5,132555657,132557609,43,1952
chr5,132568273,132568382,5,109
chr5,132656146,132656599,14,453
chr5,132687338,132687636,6,298
chr5,132730224,132730709,9,485
chr5,132737325,132737786,13,461
chr5,132740602,132740787,5,185
chr5,132747128,132748021,58,893
chr5,132758608,132758705,5,97
chr5,132776685,132777496,43,811
chr5,132812161,132814977,115,2816
chr5,132819602,132820645,11,1043
chr5,132823019,132823354,33,335
chr5,132825304,132826175,78,871
chr5,132829802,132831051,86,1249
chr5,132866221,132866589,7,368
chr5,132914151,132914772,6,621
chr5,132935695,132936183,7,488
chr5,132940221,132940270,5,49
chr5,132954504,132954960,6,456
chr5,132963157,132964339,55,1182
chr5,132988067,132989015,14,948
chr5,133004548,133004779,8,231
chr5,133025428,133026776,38,1348
chr5,133032054,133032324,5,270
chr5,133040101,133040563,7,462
chr5,133046031,133046293,6,262
chr5,133047567,133047770,5,203
chr5,133051551,133052901,53,1350
chr5,133082756,133083205,8,449
chr5,133110851,133111939,7,1088
chr5,133239018,133239094,8,76
chr5,133423968,133424046,7,78
chr5,133446639,133446811,5,172
chr5,133494796,133495152,5,356
chr5,133570065,133570366,9,301
chr5,133610892,133612909,99,2017
chr5,133828665,133829310,10,645
chr5,133904547,133904831,7,284
chr5,133935867,133936769,13,902
chr5,133968396,133969400,18,1004
chr5,134004032,134006441,74,2409
chr5,134014213,134014400,5,187
chr5,134033260,134033819,8,559
chr5,134039631,134039766,6,135
chr5,134087163,134087291,5,128
chr5,134113066,134116132,156,3066
chr5,134119981,134120062,5,81
chr5,134121440,134121735,6,295
chr5,134146254,134146394,8,140
chr5,134163588,134164244,9,656
chr5,134167502,134167615,5,113
chr5,134176312,134177294,79,982
chr5,134198317,134198628,5,311
chr5,134225419,134227134,64,1715
chr5,134365075,134365266,10,191
chr5,134367235,134367669,7,434
chr5,134370448,134372200,34,1752
chr5,134383096,134383402,7,306
chr5,134389641,134389707,6,66
chr5,134411511,134412233,32,722
chr5,134424671,134427616,8,2945
chr5,134436822,134437883,5,1061
chr5,134465841,134466783,17,942
chr5,134495764,134495882,5,118
chr5,134524337,134527976,128,3639
chr5,134578965,134579080,6,115
chr5,134632590,134634362,20,1772
chr5,134648863,134649277,8,414
chr5,134666076,134666481,6,405
chr5,134737987,134738994,49,1007
chr5,134758170,134759032,34,862
chr5,134762983,134763929,8,946
chr5,134790949,134791376,5,427
chr5,134846245,134846487,16,242
chr5,134848406,134849148,10,742
chr5,134870641,134871357,7,716
chr5,134874374,134875762,37,1388
chr5,134903419,134906405,47,2986
chr5,135027421,135029363,129,1942
chr5,135030699,135031664,11,965
chr5,135032889,135034939,72,2050
chr5,135037990,135039967,93,1977
chr5,135050339,135050360,6,21
chr5,135191548,135191677,7,129
chr5,135247158,135247339,7,181
chr5,135326880,135327310,13,430
chr5,135398435,135400245,41,1810
chr5,135465959,135467699,22,1740
chr5,135487984,135491916,77,3932
chr5,135534559,135536191,87,1632
chr5,135543604,135545444,81,1840
chr5,135565541,135566710,11,1169
chr5,135578231,135579220,38,989
chr5,135746216,135746533,8,317
chr5,135833499,135835490,39,1991
chr5,135851219,135852568,14,1349
chr5,135930382,135931116,48,734
chr5,135933994,135934092,5,98
chr5,135991256,135991549,7,293
chr5,136028923,136029173,9,250
chr5,136046459,136047295,6,836
chr5,136079404,136079569,8,165
chr5,136132759,136133889,54,1130
chr5,136167670,136168029,10,359
chr5,136192551,136193664,64,1113
chr5,136357217,136357350,12,133
chr5,137498401,137499238,47,837
chr5,137753523,137755829,35,2306
chr5,137889326,137889412,13,86
chr5,138032759,138033470,28,711
chr5,138067724,138068014,9,290
chr5,138129679,138129814,6,135
chr5,138134786,138135002,12,216
chr5,138178696,138179353,13,657
chr5,138213182,138214726,21,1544
chr5,138220837,138221031,5,194
chr5,138231030,138232209,10,1179
chr5,138241899,138242274,16,375
chr5,138257750,138258341,8,591
chr5,138270102,138271085,10,983
chr5,138274273,138274499,9,226
chr5,138307976,138308122,6,146
chr5,138326876,138327209,7,333
chr5,138332141,138332694,6,553
chr5,138337654,138338576,21,922
chr5,138352538,138353316,46,778
chr5,138374504,138374552,5,48
chr5,138438955,138440394,33,1439
chr5,138445206,138445710,12,504
chr5,138453737,138454168,8,431
chr5,138457411,138458462,5,1051
chr5,138459481,138459617,6,136
chr5,138463890,138466185,114,2295
chr5,138467831,138467969,7,138
chr5,138474949,138476279,7,1330
chr5,138491626,138492409,71,783
chr5,138502472,138502844,6,372
chr5,138523195,138523448,5,253
chr5,138542251,138543548,58,1297
chr5,138575520,138575708,12,188
chr5,138610360,138610698,8,338
chr5,138752585,138754055,80,1470
chr5,138892940,138893225,8,285
chr5,138948881,138949142,5,261
chr5,139197542,139198373,22,831
chr5,139211519,139211727,5,208
chr5,139231687,139231804,6,117
chr5,139246876,139247534,8,658
chr5,139255195,139255591,20,396
chr5,139269233,139269774,6,541
chr5,139273610,139274849,37,1239
chr5,139292038,139292815,5,777
chr5,139293863,139294726,29,863
chr5,139340877,139341670,8,793
chr5,139343820,139343877,5,57
chr5,139359297,139359434,5,137
chr5,139373338,139374323,6,985
chr5,139378356,139378965,9,609
chr5,139380724,139381537,9,813
chr5,139392060,139395301,125,3241
chr5,139403814,139403907,8,93
chr5,139405580,139405822,6,242
chr5,139470610,139471116,11,506
chr5,139475755,139475889,5,134
chr5,139482064,139482884,7,820
chr5,139516937,139518135,26,1198
chr5,139520908,139521836,9,928
chr5,139525811,139526543,15,732
chr5,139536223,139537039,6,816
chr5,139543573,139543682,5,109
chr5,139549329,139549397,6,68
chr5,139560813,139561974,63,1161
chr5,139568581,139568827,5,246
chr5,139580522,139580607,6,85
chr5,139582997,139583270,10,273
chr5,139587305,139587507,5,202
chr5,139637630,139638357,29,727
chr5,139647138,139651037,144,3899
chr5,139659777,139661040,19,1263
chr5,139665678,139665816,7,138
chr5,139668374,139668680,11,306
chr5,139671550,139671636,8,86
chr5,139681301,139681323,5,22
chr5,139682814,139682893,7,79
chr5,139696198,139697581,26,1383
chr5,139701575,139701959,8,384
chr5,139709287,139712123,91,2836
chr5,139746558,139748710,36,2152
chr5,139764613,139765843,21,1230
chr5,139787680,139788801,20,1121
chr5,139795330,139796719,102,1389
chr5,139848256,139848532,24,276
chr5,139849707,139849913,5,206
chr5,139863447,139863599,6,152
chr5,139864975,139865239,6,264
chr5,139903799,139904696,49,897
chr5,139924229,139924797,5,568
chr5,139968318,139968986,9,668
chr5,140042526,140043460,23,934
chr5,140085663,140085804,5,141
chr5,140107165,140109115,29,1950
chr5,140113375,140114808,52,1433
chr5,140146069,140146605,20,536
chr5,140157026,140157880,19,854
chr5,140175036,140175948,71,912
chr5,140286280,140286621,6,341
chr5,140303149,140303265,5,116
chr5,140314398,140314515,7,117
chr5,140345645,140346666,35,1021
chr5,140357669,140358225,19,556
chr5,140363492,140363562,5,70
chr5,140400960,140402342,44,1382
chr5,140512160,140512209,5,49
chr5,140547154,140549075,20,1921
chr5,140550509,140550888,5,379
chr5,140557210,140557547,28,337
chr5,140563928,140564868,51,940
chr5,140631898,140633153,23,1255
chr5,140638282,140641089,24,2807
chr5,140647072,140648117,44,1045
chr5,140665060,140665829,12,769
chr5,140691088,140692721,34,1633
chr5,140709801,140711261,17,1460
chr5,140723932,140723964,5,32
chr5,140786324,140786490,13,166
chr5,140795238,140795385,9,147
chr5,140802564,140803498,10,934
chr5,140807224,140807776,13,552
chr5,140821568,140822042,21,474
chr5,140828024,140828223,8,199
chr5,140829942,140830053,10,111
chr5,140834576,140834972,11,396
chr5,140836088,140836206,6,118
chr5,140860861,140861024,7,163
chr5,140863348,140863716,11,368
chr5,140869296,140869720,5,424
chr5,140871073,140871301,23,228
chr5,140875498,140876191,12,693
chr5,140877232,140877266,7,34
chr5,140882461,140883674,19,1213
chr5,140926341,140927440,62,1099
chr5,140966318,140967776,34,1458
chr5,140985884,140986246,6,362
chr5,141002160,141002321,5,161
chr5,141031174,141031239,10,65
chr5,141051696,141051898,9,202
chr5,141069388,141069514,5,126
chr5,141094717,141096027,20,1310
chr5,141100923,141101633,12,710
chr5,141122188,141122333,7,145
chr5,141135423,141136093,6,670
chr5,141137657,141137799,7,142
chr5,141150528,141150860,16,332
chr5,141156191,141157732,20,1541
chr5,141173648,141175106,22,1458
chr5,141188659,141189601,7,942
chr5,141202000,141202582,9,582
chr5,141211073,141211133,5,60
chr5,141213760,141213933,6,173
chr5,141234558,141234825,8,267
chr5,141236780,141237109,9,329
chr5,141245450,141246601,18,1151
chr5,141303869,141304431,22,562
chr5,141320338,141321052,48,714
chr5,141330791,141330958,8,167
chr5,141332260,141332427,9,167
chr5,141339055,141340807,28,1752
chr5,141344117,141344307,18,190
chr5,141350429,141352912,21,2483
chr5,141355234,141356044,22,810
chr5,141360088,141361359,12,1271
chr5,141364437,141364989,27,552
chr5,141370171,141370391,5,220
chr5,141383068,141383457,14,389
chr5,141388654,141389873,18,1219
chr5,141392719,141393862,21,1143
chr5,141397974,141399951,33,1977
chr5,141403121,141404337,28,1216
chr5,141407907,141408921,26,1014
chr5,141409954,141410023,7,69
chr5,141413029,141413929,40,900
chr5,141417632,141420064,21,2432
chr5,141421309,141421504,16,195
chr5,141427525,141428114,25,589
chr5,141430781,141432991,62,2210
chr5,141469852,141470036,7,184
chr5,141475820,141478540,72,2720
chr5,141484968,141485887,15,919
chr5,141490454,141492652,64,2198
chr5,141494748,141495269,15,521
chr5,141509067,141509251,9,184
chr5,141513848,141514272,8,424
chr5,141573359,141573511,5,152
chr5,141581776,141581916,5,140
chr5,141615357,141616040,5,683
chr5,141618290,141619102,55,812
chr5,141636812,141638060,65,1248
chr5,141651109,141651558,22,449
chr5,141662171,141662231,7,60
chr5,141665006,141665059,6,53
chr5,141666573,141666632,5,59
chr5,141678005,141679109,7,1104
chr5,141680336,141683187,50,2851
chr5,141695786,141696878,9,1092
chr5,141702372,141703248,37,876
chr5,141753272,141753905,23,633
chr5,141758761,141760784,17,2023
chr5,141774270,141774357,7,87
chr5,141808631,141809719,5,1088
chr5,141836114,141836398,6,284
chr5,141847267,141847356,5,89
chr5,141848867,141851376,62,2509
chr5,141854081,141854391,10,310
chr5,141864607,141865299,7,692
chr5,141873328,141873515,10,187
chr5,141876368,141877112,26,744
chr5,141878279,141879185,36,906
chr5,141883387,141885085,29,1698
chr5,141887866,141888171,5,305
chr5,141914238,141914526,12,288
chr5,141923114,141924068,16,954
chr5,141945708,141945998,7,290
chr5,141957968,141958460,6,492
chr5,141968753,141969263,14,510
chr5,142012903,142013296,13,393
chr5,142024894,142025081,5,187
chr5,142088349,142088551,6,202
chr5,142108842,142109247,39,405
chr5,142172062,142172482,5,420
chr5,142179031,142179342,6,311
chr5,142196475,142197484,5,1009
chr5,142236052,142237381,10,1329
chr5,142282666,142283398,5,732
chr5,142295552,142295970,8,418
chr5,142323865,142326333,49,2468
chr5,142355341,142355581,5,240
chr5,142356939,142357968,41,1029
chr5,142437619,142438531,5,912
chr5,142442376,142442533,5,157
chr5,142452539,142453672,7,1133
chr5,142468168,142468465,5,297
chr5,142494460,142495096,5,636
chr5,142557648,142557840,5,192
chr5,142660070,142660177,5,107
chr5,142713100,142714962,18,1862
chr5,142770287,142770949,39,662
chr5,142869082,142870010,11,928
chr5,142965356,142965454,5,98
chr5,142993141,142993262,8,121
chr5,143254457,143255046,6,589
chr5,143402779,143405452,76,2673
chr5,143530947,143531016,6,69
chr5,143779004,143779284,16,280
chr5,144021377,144021746,5,369
chr5,144170666,144170791,12,125
chr5,144205243,144205531,13,288
chr5,144595081,144595143,6,62
chr5,144598826,144598885,6,59
chr5,145229725,145229982,8,257
chr5,145640400,145640528,9,128
chr5,145647676,145647952,5,276
chr5,145820643,145820954,5,311
chr5,145834863,145835492,26,629
chr5,145856408,145856505,7,97
chr5,146182065,146183166,32,1101
chr5,146203311,146204198,18,887
chr5,146206770,146207593,6,823
chr5,146229763,146229877,7,114
chr5,146337509,146340603,54,3094
chr5,146342885,146343335,22,450
chr5,146344939,146346257,47,1318
chr5,146447417,146447679,9,262
chr5,146877548,146878674,43,1126
chr5,147227029,147227140,5,111
chr5,147230752,147231027,6,275
chr5,147234599,147234953,24,354
chr5,147453283,147454398,62,1115
chr5,147465402,147466530,5,1128
chr5,147494593,147494700,5,107
chr5,147509014,147510148,51,1134
chr5,147555706,147555916,7,210
chr5,147676192,147676451,9,259
chr5,147782468,147782812,8,344
chr5,147921822,147922215,10,393
chr5,148383768,148384102,20,334
chr5,148653970,148654498,49,528
chr5,148825908,148827354,16,1446
chr5,149125273,149125778,8,505
chr5,149141172,149142031,39,859
chr5,149173946,149174090,6,144
chr5,149207015,149207306,7,291
chr5,149240500,149240690,5,190
chr5,149271358,149272276,61,918
chr5,149299018,149299537,11,519
chr5,149345434,149346233,21,799
chr5,149357221,149358457,34,1236
chr5,149378068,149378997,6,929
chr5,149421589,149422671,7,1082
chr5,149549698,149550064,8,366
chr5,149551346,149552755,45,1409
chr5,149561499,149562594,5,1095
chr5,149581214,149582140,35,926
chr5,149729887,149732707,145,2820
chr5,149735853,149735952,6,99
chr5,149777447,149778035,5,588
chr5,149845788,149845881,8,93
chr5,149847773,149848527,7,754
chr5,149932862,149933085,11,223
chr5,149960551,149961373,65,822
chr5,150000577,150001177,35,600
chr5,150046736,150046977,6,241
chr5,150059232,150061091,5,1859
chr5,150081762,150082005,6,243
chr5,150115687,150116042,7,355
chr5,150137030,150137587,5,557
chr5,150166365,150168418,68,2053
chr5,150181904,150182851,6,947
chr5,150190219,150190780,16,561
chr5,150208650,150209629,8,979
chr5,150211171,150212766,13,1595
chr5,150222273,150223255,5,982
chr5,150245099,150245970,12,871
chr5,150256540,150256793,6,253
chr5,150288972,150290168,11,1196
chr5,150297167,150297630,17,463
chr5,150302299,150303313,50,1014
chr5,150357200,150358526,35,1326
chr5,150412455,150412767,10,312
chr5,150430904,150431337,13,433
chr5,150449408,150450173,22,765
chr5,150458580,150458934,6,354
chr5,150483564,150484637,6,1073
chr5,150485664,150486987,64,1323
chr5,150495445,150495545,6,100
chr5,150521229,150521653,5,424
chr5,150598978,150600614,14,1636
chr5,150619702,150619763,5,61
chr5,150624651,150626512,24,1861
chr5,150640555,150640806,6,251
chr5,150649863,150650280,8,417
chr5,150655460,150657810,42,2350
chr5,150671020,150672787,30,1767
chr5,150676734,150677688,5,954
chr5,150683094,150683439,6,345
chr5,150700664,150701070,30,406
chr5,150758206,150759023,13,817
chr5,150778740,150779362,26,622
chr5,150845474,150845516,6,42
chr5,150846700,150846931,13,231
chr5,150904838,150905206,17,368
chr5,150946584,150946825,9,241
chr5,151020594,151020674,7,80
chr5,151031666,151031926,5,260
chr5,151047772,151048180,5,408
chr5,151064995,151065073,6,78
chr5,151080613,151081842,62,1229
chr5,151094168,151094925,7,757
chr5,151156365,151158042,17,1677
chr5,151223551,151224288,34,737
chr5,151234889,151234992,5,103
chr5,151238516,151239618,5,1102
chr5,151252654,151252722,5,68
chr5,151257333,151258268,6,935
chr5,151273662,151273784,7,122
chr5,151301456,151301725,7,269
chr5,151309246,151310194,15,948
chr5,151447520,151448270,28,750
chr5,151454773,151454805,5,32
chr5,151553048,151553311,6,263
chr5,151566014,151566111,5,97
chr5,151686455,151688035,18,1580
chr5,151758438,151758708,10,270
chr5,151769505,151774149,70,4644
chr5,151793220,151793801,5,581
chr5,151871721,151871831,5,110
chr5,151925061,151925556,11,495
chr5,152720482,152720577,5,95
chr5,153296624,153296770,8,146
chr5,154038487,154038988,18,501
chr5,154107974,154108184,5,210
chr5,154189877,154191529,60,1652
chr5,154405145,154405590,15,445
chr5,154406721,154406947,6,226
chr5,154445784,154447014,84,1230
chr5,154472994,154473707,23,713
chr5,154474841,154480140,144,5299
chr5,154482493,154482686,16,193
chr5,154483800,154484923,22,1123
chr5,154493328,154493657,13,329
chr5,154604174,154604258,6,84
chr5,154610241,154611482,36,1241
chr5,154646539,154647416,13,877
chr5,154650543,154650787,6,244
chr5,154661526,154661633,5,107
chr5,154666672,154666819,5,147
chr5,154670326,154671429,5,1103
chr5,154682467,154683298,30,831
chr5,154690761,154691950,33,1189
chr5,154715104,154715357,7,253
chr5,154747054,154747162,6,108
chr5,154754646,154757282,126,2636
chr5,154789135,154789312,7,177
chr5,154793682,154794004,11,322
chr5,154855873,154856508,14,635
chr5,154857607,154858767,16,1160
chr5,154892751,154894105,6,1354
chr5,154938013,154939155,20,1142
chr5,154940555,154940965,10,410
chr5,154954952,154955045,5,93
chr5,155013809,155013961,5,152
chr5,155019352,155019971,13,619
chr5,155026640,155026709,5,69
chr5,155114812,155115019,14,207
chr5,155727670,155729925,58,2255
chr5,155936882,155937224,8,342
chr5,156054179,156054378,7,199
chr5,157131588,157131816,12,228
chr5,157141270,157143675,37,2405
chr5,157265864,157266442,31,578
chr5,157339091,157339255,5,164
chr5,157460176,157460304,19,128
chr5,157488302,157488464,5,162
chr5,157514141,157514419,6,278
chr5,157574561,157576157,60,1596
chr5,157651264,157652424,34,1160
chr5,157670747,157673158,54,2411
chr5,157690085,157691055,14,970
chr5,157731606,157731675,13,69
chr5,157744020,157744283,27,263
chr5,157768800,157768981,5,181
chr5,157775591,157775942,5,351
chr5,157859127,157859327,11,200
chr5,157864762,157864975,7,213
chr5,157919581,157919729,5,148
chr5,158037215,158037779,6,564
chr5,158454663,158454856,6,193
chr5,158485437,158486187,5,750
chr5,158582810,158583072,7,262
chr5,158687637,158687706,7,69
chr5,158863407,158863877,6,470
chr5,158914773,158915233,7,460
chr5,158924574,158924679,7,105
chr5,158970360,158971428,5,1068
chr5,159051371,159051525,19,154
chr5,159061310,159061637,5,327
chr5,159096379,159097903,25,1524
chr5,159098997,159100974,54,1977
chr5,159104085,159105814,23,1729
chr5,159106851,159107177,5,326
chr5,159119143,159119223,10,80
chr5,159208936,159209865,57,929
chr5,159263515,159263914,12,399
chr5,159310541,159311390,13,849
chr5,159331541,159331858,24,317
chr5,159415693,159416320,10,627
chr5,159773385,159773727,31,342
chr5,159916209,159917439,42,1230
chr5,159972094,159973087,76,993
chr5,159986870,159987334,20,464
chr5,160118636,160119419,71,783
chr5,160137938,160139321,12,1383
chr5,160188049,160188799,29,750
chr5,160194236,160194868,7,632
chr5,160199480,160199742,9,262
chr5,160232089,160232195,6,106
chr5,160311756,160313166,48,1410
chr5,160345105,160345670,13,565
chr5,160354717,160354876,6,159
chr5,160370544,160370666,6,122
chr5,160399752,160400019,13,267
chr5,160419176,160419252,9,76
chr5,160439285,160440325,6,1040
chr5,160467987,160468301,6,314
chr5,160667142,160667938,6,796
chr5,161165388,161166466,14,1078
chr5,161517941,161518084,11,143
chr5,161546784,161549106,34,2322
chr5,161630976,161631161,5,185
chr5,161809783,161809841,6,58
chr5,161847203,161848386,17,1183
chr5,162406196,162406399,7,203
chr5,162915874,162916109,8,235
chr5,163318830,163319025,5,195
chr5,163355890,163355970,8,80
chr5,163437274,163437762,21,488
chr5,163457256,163458276,7,1020
chr5,163459902,163460575,22,673
chr5,163505728,163505844,11,116
chr5,164253120,164253169,5,49
chr5,164599632,164600063,10,431
chr5,164856863,164856895,7,32
chr5,165783740,165783979,10,239
chr5,166042439,166042608,9,169
chr5,166204467,166204591,6,124
chr5,166275024,166275123,5,99
chr5,166501061,166501123,6,62
chr5,166538136,166538522,7,386
chr5,166891179,166891416,5,237
chr5,166927094,166927358,21,264
chr5,167145762,167146678,8,916
chr5,167371454,167371522,5,68
chr5,167457393,167457508,6,115
chr5,167465546,167465656,9,110
chr5,167861337,167861656,7,319
chr5,168104473,168105501,7,1028
chr5,168111100,168111373,6,273
chr5,168143910,168143942,5,32
chr5,168246879,168247444,11,565
chr5,168268992,168269576,11,584
chr5,168288457,168288538,5,81
chr5,168291491,168293248,48,1757
chr5,168414424,168414584,9,160
chr5,168423735,168424026,5,291
chr5,168455419,168455518,6,99
chr5,168486440,168487282,19,842
chr5,168529263,168530175,41,912
chr5,168578658,168579658,40,1000
chr5,168819343,168819442,5,99
chr5,168947988,168948417,6,429
chr5,169063760,169064003,5,243
chr5,169283772,169284199,8,427
chr5,169299621,169302843,40,3222
chr5,169583800,169584124,14,324
chr5,169637204,169637441,19,237
chr5,169793938,169794160,7,222
chr5,170045472,170045774,7,302
chr5,170105140,170105939,5,799
chr5,170161795,170162203,5,408
chr5,170182399,170182825,5,426
chr5,170195128,170195244,5,116
chr5,170204481,170204552,5,71
chr5,170267534,170268561,16,1027
chr5,170353005,170353191,5,186
chr5,170435231,170435529,5,298
chr5,170504121,170504938,19,817
chr5,170601233,170601445,5,212
chr5,170638675,170639019,8,344
chr5,170641861,170642234,9,373
chr5,170681046,170681424,16,378
chr5,170744111,170744764,17,653
chr5,170771581,170771701,6,120
chr5,170862100,170862642,25,542
chr5,171077061,171077196,6,135
chr5,171197733,171197854,5,121
chr5,171308233,171312852,167,4619
chr5,171314322,171317353,63,3031
chr5,171335626,171336701,10,1075
chr5,171345419,171345742,7,323
chr5,171374030,171374062,5,32
chr5,171379893,171380417,5,524
chr5,171383103,171383220,5,117
chr5,171387450,171388616,26,1166
chr5,171415815,171415978,7,163
chr5,171418774,171421573,137,2799
chr5,171428050,171428477,5,427
chr5,171448417,171452052,73,3635
chr5,171456622,171456779,12,157
chr5,171466234,171467392,7,1158
chr5,171472773,171473129,5,356
chr5,171499969,171500414,5,445
chr5,171541677,171541791,7,114
chr5,171580377,171581057,6,680
chr5,171593243,171593947,7,704
chr5,171596693,171596812,5,119
chr5,171667660,171668078,10,418
chr5,171782504,171782614,5,110
chr5,171807192,171807574,8,382
chr5,171848191,171848324,6,133
chr5,172005577,172007974,50,2397
chr5,172020918,172021150,5,232
chr5,172091778,172092741,7,963
chr5,172103188,172104290,10,1102
chr5,172107712,172110968,16,3256
chr5,172112809,172113249,6,440
chr5,172114782,172115195,12,413
chr5,172187710,172188894,29,1184
chr5,172209222,172209287,6,65
chr5,172244900,172245018,5,118
chr5,172254168,172255723,18,1555
chr5,172282957,172284102,79,1145
chr5,172289775,172289957,5,182
chr5,172338617,172340116,5,1499
chr5,172350188,172350450,9,262
chr5,172383939,172384139,5,200
chr5,172397209,172397366,5,157
chr5,172420707,172423803,14,3096
chr5,172453802,172455044,35,1242
chr5,172482803,172482869,6,66
chr5,172497229,172498406,8,1177
chr5,172532452,172533306,11,854
chr5,172553888,172554815,7,927
chr5,172570067,172570115,5,48
chr5,172618013,172618047,5,34
chr5,172639961,172642045,67,2084
chr5,172657657,172657792,5,135
chr5,172660040,172660178,5,138
chr5,172668887,172670236,43,1349
chr5,172683590,172684834,75,1244
chr5,172690814,172691001,6,187
chr5,172696491,172698356,11,1865
chr5,172712905,172713433,17,528
chr5,172716967,172717059,7,92
chr5,172731850,172732084,6,234
chr5,172733464,172733872,8,408
chr5,172748478,172751003,47,2525
chr5,172762766,172763247,12,481
chr5,172770275,172772519,113,2244
chr5,172834219,172834689,23,470
chr5,172844861,172845405,5,544
chr5,172851125,172851365,6,240
chr5,172858418,172858568,7,150
chr5,172873079,172873325,8,246
chr5,172902296,172902725,5,429
chr5,172905405,172905702,13,297
chr5,172938658,172939309,5,651
chr5,172957960,172959429,54,1469
chr5,172983486,172984102,16,616
chr5,172997738,172998000,7,262
chr5,173027225,173028088,5,863
chr5,173056128,173057360,51,1232
chr5,173058675,173059357,8,682
chr5,173144533,173145089,17,556
chr5,173156748,173156869,5,121
chr5,173168005,173168253,5,248
chr5,173207018,173207805,8,787
chr5,173213667,173213778,9,111
chr5,173227126,173227276,9,150
chr5,173229143,173229961,15,818
chr5,173232047,173235190,102,3143
chr5,173238364,173238918,32,554
chr5,173242913,173246256,86,3343
chr5,173283720,173284058,23,338
chr5,173298322,173299582,8,1260
chr5,173323264,173324405,16,1141
chr5,173327129,173330071,113,2942
chr5,173412820,173413340,7,520
chr5,173555342,173555448,12,106
chr5,173573174,173574077,13,903
chr5,173616151,173617064,39,913
chr5,173633623,173633720,5,97
chr5,173636379,173636823,9,444
chr5,173689470,173690342,11,872
chr5,173744000,173744777,7,777
chr5,173888148,173888821,26,673
chr5,174098737,174099073,7,336
chr5,174106374,174106888,5,514
chr5,174141615,174142744,5,1129
chr5,174294420,174294556,6,136
chr5,174311732,174312761,58,1029
chr5,174337097,174337251,5,154
chr5,174419152,174419752,13,600
chr5,174527939,174528935,7,996
chr5,174564123,174564425,5,302
chr5,174582606,174583052,6,446
chr5,174607803,174609282,17,1479
chr5,174688516,174688739,10,223
chr5,174708668,174708751,8,83
chr5,174710592,174710850,5,258
chr5,174720565,174721128,24,563
chr5,174723627,174725685,68,2058
chr5,174727040,174727620,13,580
chr5,174731678,174732576,38,898
chr5,174733724,174733938,5,214
chr5,174735452,174736413,29,961
chr5,174751165,174752251,28,1086
chr5,174793807,174795218,20,1411
chr5,174922706,174923261,14,555
chr5,175215368,175216377,11,1009
chr5,175443846,175445252,80,1406
chr5,175478397,175478985,62,588
chr5,175580959,175581004,5,45
chr5,175617590,175618159,9,569
chr5,175652750,175653580,5,830
chr5,175657609,175658586,32,977
chr5,175664695,175665336,6,641
chr5,175678158,175678352,5,194
chr5,175685747,175686892,5,1145
chr5,175694192,175694446,5,254
chr5,175696884,175697711,14,827
chr5,175725144,175725343,5,199
chr5,175728506,175729377,11,871
chr5,175750666,175750734,5,68
chr5,175770074,175770911,5,837
chr5,175773328,175773353,6,25
chr5,175795606,175795660,5,54
chr5,175796742,175797902,80,1160
chr5,175871542,175873372,85,1830
chr5,175877867,175879996,34,2129
chr5,175967946,175968335,16,389
chr5,176061176,176061228,7,52
chr5,176128426,176129341,5,915
chr5,176133054,176133433,9,379
chr5,176150734,176151390,10,656
chr5,176175147,176175268,5,121
chr5,176190665,176192699,9,2034
chr5,176193796,176194502,22,706
chr5,176200705,176201136,5,431
chr5,176202558,176203215,10,657
chr5,176238235,176238307,8,72
chr5,176294680,176294779,5,99
chr5,176360528,176361631,29,1103
chr5,176364379,176366163,77,1784
chr5,176387758,176388959,39,1201
chr5,176397815,176399003,7,1188
chr5,176403853,176404374,6,521
chr5,176408830,176409069,5,239
chr5,176412100,176412308,6,208
chr5,176415221,176416756,81,1535
chr5,176431272,176431331,5,59
chr5,176445101,176446004,6,903
chr5,176447185,176448950,42,1765
chr5,176470405,176470469,6,64
chr5,176471749,176472232,5,483
chr5,176529549,176529601,5,52
chr5,176531080,176532657,15,1577
chr5,176536533,176538028,56,1495
chr5,176542670,176544922,96,2252
chr5,176551961,176552001,5,40
chr5,176577463,176577547,8,84
chr5,176584128,176584721,7,593
chr5,176596450,176597155,27,705
chr5,176609508,176611565,114,2057
chr5,176618901,176620918,56,2017
chr5,176629355,176630499,60,1144
chr5,176646768,176649014,46,2246
chr5,176650079,176650117,5,38
chr5,176651487,176652212,12,725
chr5,176663193,176663436,6,243
chr5,176674799,176675190,6,391
chr5,176679884,176680720,25,836
chr5,176693515,176693710,6,195
chr5,176711937,176712102,5,165
chr5,176713188,176714496,7,1308
chr5,176726008,176729132,24,3124
chr5,176732146,176732834,8,688
chr5,176740758,176741820,10,1062
chr5,176743137,176744318,44,1181
chr5,176746372,176746419,5,47
chr5,176798591,176799207,13,616
chr5,176809987,176811422,84,1435
chr5,176812423,176813008,10,585
chr5,176817187,176818332,57,1145
chr5,176823071,176824155,10,1084
chr5,176850580,176852877,24,2297
chr5,176862455,176868963,39,6508
chr5,176887451,176887736,15,285
chr5,176972660,176973039,6,379
chr5,177005779,177007254,92,1475
chr5,177021713,177023233,34,1520
chr5,177057168,177057266,7,98
chr5,177061036,177061363,6,327
chr5,177079696,177079829,6,133
chr5,177086659,177087603,49,944
chr5,177093495,177093759,8,264
chr5,177095694,177096669,12,975
chr5,177108219,177109276,7,1057
chr5,177115008,177117710,49,2702
chr5,177131876,177134599,118,2723
chr5,177181844,177182052,5,208
chr5,177207249,177207375,5,126
chr5,177265605,177266180,7,575
chr5,177303031,177304656,75,1625
chr5,177311006,177313038,68,2032
chr5,177328147,177328415,9,268
chr5,177331147,177332472,13,1325
chr5,177351578,177351861,12,283
chr5,177357961,177359397,12,1436
chr5,177362618,177364298,30,1680
chr5,177367006,177367822,37,816
chr5,177385904,177386454,7,550
chr5,177397849,177398064,6,215
chr5,177400415,177400468,7,53
chr5,177402339,177405158,105,2819
chr5,177410005,177410392,8,387
chr5,177419015,177420390,14,1375
chr5,177425730,177427176,67,1446
chr5,177430540,177432760,14,2220
chr5,177434085,177435570,10,1485
chr5,177445947,177447695,88,1748
chr5,177454228,177456428,121,2200
chr5,177466794,177467073,17,279
chr5,177472931,177473948,88,1017
chr5,177479667,177480710,5,1043
chr5,177489393,177490859,18,1466
chr5,177492283,177493258,21,975
chr5,177496374,177498352,57,1978
chr5,177503262,177504462,11,1200
chr5,177508237,177508441,11,204
chr5,177516387,177517406,47,1019
chr5,177524697,177525141,9,444
chr5,177553830,177554655,29,825
chr5,177560388,177561648,10,1260
chr5,177592154,177593138,46,984
chr5,177599664,177600504,52,840
chr5,177604197,177604334,6,137
chr5,177607232,177610595,26,3363
chr5,177639494,177639582,5,88
chr5,177672101,177672422,16,321
chr5,177708358,177709763,8,1405
chr5,177782372,177782444,6,72
chr5,177944460,177944610,14,150
chr5,177971015,177971416,9,401
chr5,177983928,177984893,40,965
chr5,177994242,177994412,8,170
chr5,177995814,177996998,12,1184
chr5,178055196,178055781,10,585
chr5,178085531,178086942,23,1411
chr5,178092837,178092942,6,105
chr5,178106698,178107004,5,306
chr5,178112861,178114440,101,1579
chr5,178116175,178119722,18,3547
chr5,178121295,178122013,6,718
chr5,178129866,178131385,73,1519
chr5,178152895,178155128,41,2233
chr5,178164183,178164316,6,133
chr5,178165573,178166085,6,512
chr5,178180829,178181949,5,1120
chr5,178187108,178187280,11,172
chr5,178203352,178205470,68,2118
chr5,178217463,178217806,10,343
chr5,178224012,178224593,6,581
chr5,178229839,178230030,7,191
chr5,178231797,178233035,74,1238
chr5,178240149,178240634,9,485
chr5,178242421,178242870,5,449
chr5,178246198,178246290,5,92
chr5,178248416,178250102,12,1686
chr5,178272666,178273622,6,956
chr5,178274989,178275828,5,839
chr5,178281449,178281535,8,86
chr5,178286812,178287742,15,930
chr5,178305258,178306558,14,1300
chr5,178308870,178309000,8,130
chr5,178310125,178310174,5,49
chr5,178313435,178314839,9,1404
chr5,178340691,178341942,6,1251
chr5,178356777,178357399,7,622
chr5,178381477,178381752,7,275
chr5,178384305,178384770,9,465
chr5,178397246,178397322,5,76
chr5,178404013,178404182,7,169
chr5,178416274,178416905,11,631
chr5,178428530,178429201,11,671
chr5,178434983,178435930,18,947
chr5,178449651,178449926,8,275
chr5,178468551,178469587,5,1036
chr5,178522434,178522564,6,130
chr5,178536244,178536653,10,409
chr5,178542371,178543232,14,861
chr5,178560723,178562381,10,1658
chr5,178576662,178577516,46,854
chr5,178579138,178579546,7,408
chr5,178589574,178590645,68,1071
chr5,178626469,178627547,28,1078
chr5,178659534,178660039,6,505
chr5,178675021,178676365,6,1344
chr5,178697402,178697613,9,211
chr5,178729504,178731399,48,1895
chr5,178777191,178777900,5,709
chr5,178849784,178849925,6,141
chr5,178856869,178857029,7,160
chr5,178860031,178860565,50,534
chr5,178862558,178862669,8,111
chr5,178895867,178896491,42,624
chr5,178940826,178941647,39,821
chr5,178970949,178972002,5,1053
chr5,178974479,178974585,6,106
chr5,178986366,178986404,5,38
chr5,178993395,178995156,63,1761
chr5,178999430,178999967,9,537
chr5,179019115,179019193,5,78
chr5,179023697,179024259,24,562
chr5,179025744,179025955,5,211
chr5,179039818,179039971,5,153
chr5,179051321,179052540,11,1219
chr5,179054740,179055001,5,261
chr5,179060146,179060729,45,583
chr5,179119645,179122047,73,2402
chr5,179124065,179125028,18,963
chr5,179126320,179127241,8,921
chr5,179132137,179132682,6,545
chr5,179135196,179135979,9,783
chr5,179138916,179139322,8,406
chr5,179145896,179145945,6,49
chr5,179150708,179151985,12,1277
chr5,179155924,179156233,5,309
chr5,179166687,179168422,44,1735
chr5,179171555,179172182,9,627
chr5,179178204,179179105,5,901
chr5,179191450,179191731,6,281
chr5,179196473,179196562,5,89
chr5,179227806,179228856,5,1050
chr5,179240878,179241176,5,298
chr5,179258702,179260320,10,1618
chr5,179265027,179265875,20,848
chr5,179288125,179288535,11,410
chr5,179297257,179298061,7,804
chr5,179301872,179302639,21,767
chr5,179325685,179326201,11,516
chr5,179334262,179334545,6,283
chr5,179335966,179337175,19,1209
chr5,179341637,179341934,6,297
chr5,179343467,179346616,107,3149
chr5,179361222,179361512,9,290
chr5,179376658,179377315,6,657
chr5,179416609,179417234,11,625
chr5,179437822,179438432,9,610
chr5,179457830,179458016,6,186
chr5,179492948,179493312,5,364
chr5,179528403,179530879,38,2476
chr5,179548751,179548959,5,208
chr5,179550325,179551515,87,1190
chr5,179559117,179559964,14,847
chr5,179577522,179578408,19,886
chr5,179586487,179587484,5,997
chr5,179590894,179592105,5,1211
chr5,179594226,179594374,5,148
chr5,179607663,179610099,22,2436
chr5,179622427,179624597,78,2170
chr5,179627594,179628967,6,1373
chr5,179632232,179632845,29,613
chr5,179633859,179634778,9,919
chr5,179637291,179637574,6,283
chr5,179639564,179639890,8,326
chr5,179649681,179650878,12,1197
chr5,179654734,179655258,8,524
chr5,179677470,179680142,46,2672
chr5,179694058,179696400,14,2342
chr5,179697812,179699434,39,1622
chr5,179711720,179712958,7,1238
chr5,179726392,179726492,5,100
chr5,179732738,179733416,51,678
chr5,179766578,179767365,7,787
chr5,179773780,179774044,8,264
chr5,179795006,179796772,86,1766
chr5,179797836,179798558,20,722
chr5,179801562,179802464,13,902
chr5,179805588,179807745,111,2157
chr5,179816575,179817399,32,824
chr5,179818852,179821684,91,2832
chr5,179840556,179840748,5,192
chr5,179856762,179857010,8,248
chr5,179858158,179860879,55,2721
chr5,179878383,179879874,11,1491
chr5,179894458,179894605,6,147
chr5,179899801,179900445,8,644
chr5,179906417,179908576,96,2159
chr5,180071303,180073171,62,1868
chr5,180080398,180080650,7,252
chr5,180090615,180090965,21,350
chr5,180105486,180105518,5,32
chr5,180110607,180111331,12,724
chr5,180127080,180127413,19,333
chr5,180131389,180133234,9,1845
chr5,180136519,180137645,27,1126
chr5,180170222,180171402,12,1180
chr5,180177314,180177451,7,137
chr5,180178721,180178784,6,63
chr5,180193078,180193148,5,70
chr5,180194166,180194491,13,325
chr5,180195686,180195821,5,135
chr5,180199251,180200402,15,1151
chr5,180207399,180210026,56,2627
chr5,180247865,180249014,7,1149
chr5,180291394,180293365,121,1971
chr5,180313514,180314253,16,739
chr5,180318870,180318933,5,63
chr5,180328128,180329400,15,1272
chr5,180330955,180331761,8,806
chr5,180338469,180339060,11,591
chr5,180352237,180354264,109,2027
chr5,180371367,180371504,6,137
chr5,180379612,180380393,18,781
chr5,180391515,180392787,13,1272
chr5,180398725,180398997,7,272
chr5,180426305,180426730,9,425
chr5,180459201,180460207,11,1006
chr5,180474866,180475384,5,518
chr5,180493624,180496069,42,2445
chr5,180509504,180509682,6,178
chr5,180517428,180517636,5,208
chr5,180552570,180552741,8,171
chr5,180590310,180591806,104,1496
chr5,180602912,180603731,10,819
chr5,180618725,180619478,34,753
chr5,180642546,180645733,25,3187
chr5,180647566,180650265,120,2699
chr5,180657507,180657811,9,304
chr5,180658823,180659504,25,681
chr5,180673566,180674264,47,698
chr5,180792324,180792848,10,524
chr5,180802164,180803767,58,1603
chr5,180809408,180812160,68,2752
chr5,180831293,180832285,38,992
chr5,180860580,180862334,45,1754
chr5,181032463,181032652,13,189
chr5,181052608,181054530,82,1922
chr5,181055626,181055693,5,67
chr5,181059205,181060441,55,1236
chr5,181070058,181070817,10,759
chr5,181084772,181085097,10,325
chr5,181114324,181115247,11,923
chr5,181126917,181127677,5,760
chr5,181164616,181164883,17,267
chr5,181170659,181170748,6,89
chr5,181173473,181175818,24,2345
chr5,181184122,181184168,8,46
chr5,181188268,181192448,83,4180
chr5,181203579,181207264,96,3685
chr5,181208882,181209398,11,516
chr5,181216653,181218742,42,2089
chr5,181222364,181223286,28,922
chr5,181240980,181241547,6,567
chr5,181243309,181244495,24,1186
chr5,181245798,181247140,34,1342
chr5,181261238,181262046,22,808
chr5,181264967,181265337,10,370
chr5,181268374,181269361,8,987
chr5,181273286,181274033,23,747
chr6,148239,148338,7,99
chr6,179632,179779,8,147
chr6,189843,190210,5,367
chr6,198033,198194,7,161
chr6,208934,209895,8,961
chr6,219998,220090,6,92
chr6,291709,293331,87,1622
chr6,295369,295415,6,46
chr6,341149,341192,6,43
chr6,347794,349208,15,1414
chr6,350537,351116,10,579
chr6,358622,359331,7,709
chr6,365532,365999,7,467
chr6,374510,375945,9,1435
chr6,378710,382264,25,3554
chr6,390685,394277,155,3592
chr6,401453,401501,5,48
chr6,435801,435951,11,150
chr6,446959,448174,12,1215
chr6,450015,450094,9,79
chr6,526601,526707,5,106
chr6,557933,558989,10,1056
chr6,589422,589719,7,297
chr6,656693,657204,21,511
chr6,692663,693728,27,1065
chr6,710638,711630,25,992
chr6,736229,736433,8,204
chr6,761505,761619,6,114
chr6,783316,783475,6,159
chr6,868022,868558,9,536
chr6,1003485,1003734,5,249
chr6,1016863,1017146,5,283
chr6,1039119,1039498,7,379
chr6,1072309,1073394,9,1085
chr6,1080362,1080664,14,302
chr6,1082826,1083937,6,1111
chr6,1100472,1100588,5,116
chr6,1169712,1169802,6,90
chr6,1244920,1245024,7,104
chr6,1281814,1283050,10,1236
chr6,1310925,1313926,122,3001
chr6,1316261,1318432,23,2171
chr6,1377319,1382343,136,5024
chr6,1383475,1385260,67,1785
chr6,1387681,1390777,82,3096
chr6,1392175,1394329,80,2154
chr6,1416522,1417489,10,967
chr6,1418658,1418743,5,85
chr6,1457248,1457329,10,81
chr6,1499521,1499946,6,425
chr6,1523503,1524528,32,1025
chr6,1536718,1536792,5,74
chr6,1540459,1540636,5,177
chr6,1554788,1555201,13,413
chr6,1585835,1585965,8,130
chr6,1593997,1594216,11,219
chr6,1598686,1599153,6,467
chr6,1601458,1601959,27,501
chr6,1603977,1605650,73,1673
chr6,1607985,1612074,208,4089
chr6,1613957,1615104,97,1147
chr6,1618769,1620894,95,2125
chr6,1624016,1624652,38,636
chr6,1645487,1646592,8,1105
chr6,1708479,1708720,5,241
chr6,1746794,1746862,5,68
chr6,1766564,1767887,8,1323
chr6,2104910,2105098,6,188
chr6,2191220,2191490,6,270
chr6,2244835,2247147,64,2312
chr6,2283014,2283083,6,69
chr6,2375617,2375681,7,64
chr6,2450601,2450743,11,142
chr6,2461678,2463418,11,1740
chr6,2496018,2496266,5,248
chr6,2633866,2634675,40,809
chr6,2690209,2690347,7,138
chr6,2763552,2764335,19,783
chr6,2765381,2767063,78,1682
chr6,2788834,2788879,5,45
chr6,2798324,2798413,6,89
chr6,2841602,2842005,46,403
chr6,2857624,2858424,6,800
chr6,2875576,2876164,14,588
chr6,2902719,2903309,31,590
chr6,2935830,2936169,10,339
chr6,2938829,2940512,14,1683
chr6,2951023,2952729,15,1706
chr6,2956745,2956876,7,131
chr6,2970866,2972146,69,1280
chr6,2988686,2991771,60,3085
chr6,2998861,3001182,80,2321
chr6,3023692,3024547,21,855
chr6,3027710,3027744,9,34
chr6,3053324,3054650,34,1326
chr6,3063956,3065069,34,1113
chr6,3068221,3068995,80,774
chr6,3118356,3118936,63,580
chr6,3126578,3127056,15,478
chr6,3131629,3131965,12,336
chr6,3135855,3136079,5,224
chr6,3157325,3157973,50,648
chr6,3162847,3163243,23,396
chr6,3224708,3225797,7,1089
chr6,3226812,3232038,96,5226
chr6,3247434,3248117,10,683
chr6,3252583,3253870,26,1287
chr6,3258831,3259250,35,419
chr6,3280012,3280416,7,404
chr6,3293137,3293563,7,426
chr6,3298198,3298270,5,72
chr6,3311942,3312942,6,1000
chr6,3314435,3314809,5,374
chr6,3319048,3319267,5,219
chr6,3356065,3356317,8,252
chr6,3389892,3390117,7,225
chr6,3396274,3396714,6,440
chr6,3422700,3423108,5,408
chr6,3427588,3428090,8,502
chr6,3455276,3458343,123,3067
chr6,3527091,3527264,7,173
chr6,3574433,3574560,5,127
chr6,3627638,3627904,5,266
chr6,3646410,3646809,6,399
chr6,3725721,3726734,19,1013
chr6,3732722,3733684,10,962
chr6,3737643,3737975,8,332
chr6,3742651,3743050,5,399
chr6,3744319,3744586,5,267
chr6,3750437,3752347,103,1910
chr6,3758134,3758174,5,40
chr6,3761448,3761511,11,63
chr6,3771467,3771942,26,475
chr6,3849198,3850395,27,1197
chr6,3887265,3887865,6,600
chr6,3933131,3933513,5,382
chr6,3955524,3955628,6,104
chr6,3990497,3991406,10,909
chr6,4018510,4018606,7,96
chr6,4021226,4021734,32,508
chr6,4078347,4079801,51,1454
chr6,4090173,4090255,10,82
chr6,4098366,4098459,5,93
chr6,4135007,4136243,73,1236
chr6,4158554,4158683,7,129
chr6,4405607,4405762,7,155
chr6,4460913,4461151,10,238
chr6,4482571,4482778,16,207
chr6,4725587,4725621,6,34
chr6,4775361,4777236,108,1875
chr6,4780391,4780428,6,37
chr6,4892095,4893414,9,1319
chr6,5003303,5004353,36,1050
chr6,5026318,5026760,11,442
chr6,5084306,5086866,113,2560
chr6,5144213,5144795,12,582
chr6,5154767,5154813,6,46
chr6,5260637,5261751,49,1114
chr6,5638286,5638519,5,233
chr6,5692136,5692209,7,73
chr6,5700499,5701295,7,796
chr6,5783844,5783905,6,61
chr6,5851486,5851761,6,275
chr6,5891905,5892038,11,133
chr6,5965205,5965384,6,179
chr6,5994294,5995415,28,1121
chr6,5996864,5997920,37,1056
chr6,5998924,6000134,41,1210
chr6,6001799,6004104,68,2305
chr6,6006165,6009349,65,3184
chr6,6224748,6225108,5,360
chr6,6468129,6468216,5,87
chr6,6488139,6488437,5,298
chr6,6534522,6534606,7,84
chr6,6536431,6536601,5,170
chr6,6546142,6547281,25,1139
chr6,6606508,6606740,16,232
chr6,6613529,6613659,20,130
chr6,6685873,6687258,10,1385
chr6,6722384,6725139,25,2755
chr6,6737117,6737310,5,193
chr6,6745883,6745996,14,113
chr6,6762825,6762840,5,15
chr6,6860783,6860865,6,82
chr6,6892541,6893999,10,1458
chr6,6901232,6901592,6,360
chr6,6940100,6940242,16,142
chr6,6973963,6975212,11,1249
chr6,6993281,6993456,8,175
chr6,7050970,7052497,61,1527
chr6,7107067,7110314,158,3247
chr6,7140897,7141342,28,445
chr6,7142369,7142519,8,150
chr6,7150869,7150972,5,103
chr6,7173735,7174701,6,966
chr6,7200983,7201222,5,239
chr6,7231856,7232217,13,361
chr6,7235839,7237188,6,1349
chr6,7246619,7247338,29,719
chr6,7261239,7261384,10,145
chr6,7268223,7268998,8,775
chr6,7312587,7313817,45,1230
chr6,7315205,7315425,15,220
chr6,7317006,7317056,8,50
chr6,7324504,7325684,5,1180
chr6,7389343,7390083,52,740
chr6,7425769,7426030,19,261
chr6,7449881,7450014,6,133
chr6,7456391,7456478,14,87
chr6,7479036,7479721,6,685
chr6,7481572,7482298,9,726
chr6,7540585,7544144,141,3559
chr6,7585537,7585959,9,422
chr6,7590336,7590692,32,356
chr6,7725609,7728690,134,3081
chr6,7782627,7783212,5,585
chr6,7834997,7835969,7,972
chr6,7887841,7889548,11,1707
chr6,7909791,7911602,86,1811
chr6,7961892,7961920,5,28
chr6,7985983,7986593,11,610
chr6,8064202,8064416,13,214
chr6,8067854,8068511,8,657
chr6,8102363,8102740,13,377
chr6,8114065,8114170,5,105
chr6,8164358,8164379,5,21
chr6,8282577,8282809,20,232
chr6,8336439,8337237,7,798
chr6,8434410,8436040,31,1630
chr6,8725886,8726201,5,315
chr6,9025381,9025641,11,260
chr6,9040770,9040878,6,108
chr6,9290465,9290585,13,120
chr6,9399004,9399365,20,361
chr6,9493892,9494558,11,666
chr6,9728054,9728177,6,123
chr6,10074782,10075000,24,218
chr6,10113017,10113415,8,398
chr6,10292135,10292723,7,588
chr6,10326757,10327029,5,272
chr6,10349116,10349148,5,32
chr6,10380060,10382069,37,2009
chr6,10383995,10385194,24,1199
chr6,10390255,10391101,15,846
chr6,10398253,10398664,11,411
chr6,10403970,10404932,56,962
chr6,10409440,10410089,18,649
chr6,10411656,10413477,90,1821
chr6,10414929,10417754,71,2825
chr6,10419197,10420054,22,857
chr6,10421209,10421326,10,117
chr6,10425279,10426589,46,1310
chr6,10482606,10482934,18,328
chr6,10488016,10488146,9,130
chr6,10529583,10529835,6,252
chr6,10536544,10537615,8,1071
chr6,10560278,10561141,5,863
chr6,10579740,10579884,5,144
chr6,10617298,10617339,5,41
chr6,10659856,10659922,6,66
chr6,10693980,10695307,26,1327
chr6,10720049,10720316,9,267
chr6,10721750,10721864,5,114
chr6,10723042,10723223,14,181
chr6,10747546,10747810,10,264
chr6,10807791,10807960,6,169
chr6,10837445,10838801,36,1356
chr6,10848151,10848388,5,237
chr6,10881692,10884327,74,2635
chr6,10886506,10887747,23,1241
chr6,10889723,10889909,6,186
chr6,10927651,10927736,5,85
chr6,11043681,11044467,73,786
chr6,11059709,11059786,6,77
chr6,11087284,11087330,7,46
chr6,11093991,11094906,30,915
chr6,11117129,11117256,6,127
chr6,11198080,11198253,6,173
chr6,11232271,11232400,5,129
chr6,11235941,11236367,5,426
chr6,11241826,11241902,7,76
chr6,11279455,11279949,9,494
chr6,11416953,11417406,46,453
chr6,11536924,11538631,59,1707
chr6,11770989,11771138,5,149
chr6,11931857,11933275,13,1418
chr6,12006887,12007218,6,331
chr6,12008701,12009166,35,465
chr6,12010838,12012945,83,2107
chr6,12041353,12041447,7,94
chr6,12108557,12108750,11,193
chr6,12290089,12290340,7,251
chr6,12484456,12485171,5,715
chr6,12716960,12717799,5,839
chr6,12749375,12750132,53,757
chr6,12957465,12957844,7,379
chr6,13013354,13014874,25,1520
chr6,13164131,13164890,5,759
chr6,13328337,13328852,30,515
chr6,13364322,13365189,23,867
chr6,13486367,13488297,93,1930
chr6,13511243,13511441,23,198
chr6,13547908,13548261,7,353
chr6,13572971,13575286,48,2315
chr6,13578476,13578541,5,65
chr6,13614606,13616408,68,1802
chr6,13706617,13706751,5,134
chr6,13710656,13712512,85,1856
chr6,13716721,13716810,10,89
chr6,13742769,13743323,11,554
chr6,13756046,13756137,6,91
chr6,13769255,13769792,19,537
chr6,13813809,13814787,57,978
chr6,13859964,13860494,34,530
chr6,13873277,13874189,24,912
chr6,14001366,14002440,6,1074
chr6,14018056,14018242,19,186
chr6,14094513,14094662,6,149
chr6,14099047,14099425,6,378
chr6,14117368,14117757,18,389
chr6,14140105,14140743,11,638
chr6,14211085,14212244,63,1159
chr6,14222684,14222965,5,281
chr6,14282628,14282775,6,147
chr6,14622119,14622195,5,76
chr6,14770558,14770738,5,180
chr6,14783845,14783889,6,44
chr6,14844593,14844643,5,50
chr6,14847843,14848027,5,184
chr6,14887646,14887818,5,172
chr6,14916010,14916125,5,115
chr6,14998064,14998927,10,863
chr6,15000947,15001058,6,111
chr6,15017144,15018461,13,1317
chr6,15022740,15023366,6,626
chr6,15033148,15034058,6,910
chr6,15056287,15056494,7,207
chr6,15079986,15080320,6,334
chr6,15189656,15189677,5,21
chr6,15199069,15199426,6,357
chr6,15203450,15204199,18,749
chr6,15236407,15236658,5,251
chr6,15244545,15245278,51,733
chr6,15247950,15249681,84,1731
chr6,15286345,15286987,11,642
chr6,15331603,15331960,5,357
chr6,15400692,15400940,7,248
chr6,15469525,15470131,8,606
chr6,15496694,15496863,18,169
chr6,15505114,15505254,9,140
chr6,15512215,15514616,17,2401
chr6,15516711,15517719,7,1008
chr6,15520492,15521821,6,1329
chr6,15661514,15663089,76,1575
chr6,15686968,15687056,6,88
chr6,15693914,15694119,6,205
chr6,15759043,15759169,11,126
chr6,15774144,15774779,6,635
chr6,15832184,15832629,9,445
chr6,16055327,16055450,5,123
chr6,16069365,16069509,6,144
chr6,16128635,16130609,75,1974
chr6,16181054,16181128,8,74
chr6,16198010,16198862,10,852
chr6,16216786,16216935,15,149
chr6,16218205,16218349,8,144
chr6,16219523,16220621,5,1098
chr6,16227173,16227809,11,636
chr6,16231535,16231948,8,413
chr6,16238519,16239748,44,1229
chr6,16251296,16251341,5,45
chr6,16266775,16267859,14,1084
chr6,16326976,16328232,12,1256
chr6,16388463,16389165,6,702
chr6,16703785,16704663,9,878
chr6,16759979,16763312,85,3333
chr6,16807616,16807861,5,245
chr6,16836196,16836853,5,657
chr6,16993575,16993709,5,134
chr6,17016051,17016192,13,141
chr6,17086688,17086874,7,186
chr6,17101665,17102667,44,1002
chr6,17174249,17174876,7,627
chr6,17199872,17200850,23,978
chr6,17205379,17206798,16,1419
chr6,17212708,17212872,5,164
chr6,17280341,17282053,106,1712
chr6,17300288,17300485,5,197
chr6,17320074,17320220,5,146
chr6,17332720,17333240,15,520
chr6,17393332,17394189,51,857
chr6,17513639,17513741,5,102
chr6,17580237,17581975,18,1738
chr6,17598948,17601108,52,2160
chr6,17706158,17706620,37,462
chr6,17728256,17729111,5,855
chr6,17745532,17745667,8,135
chr6,17749983,17750354,6,371
chr6,17778957,17779077,6,120
chr6,17952854,17952953,5,99
chr6,17986815,17988275,99,1460
chr6,18006484,18007455,13,971
chr6,18011452,18012009,17,557
chr6,18019652,18020226,22,574
chr6,18030456,18030659,6,203
chr6,18122216,18123001,21,785
chr6,18155262,18156268,66,1006
chr6,18215039,18215109,5,70
chr6,18262943,18265251,68,2308
chr6,18277353,18277804,18,451
chr6,18387240,18387663,23,423
chr6,19288464,19288532,5,68
chr6,19612920,19613046,5,126
chr6,19673841,19673901,5,60
chr6,19690838,19692152,23,1314
chr6,19719811,19719868,5,57
chr6,19804889,19805086,30,197
chr6,19837224,19839072,146,1848
chr6,19892182,19892373,6,191
chr6,20024080,20024315,8,235
chr6,20032332,20032737,38,405
chr6,20068375,20068908,8,533
chr6,20102039,20102208,6,169
chr6,20212272,20212713,50,441
chr6,20239027,20239077,5,50
chr6,20301232,20301354,10,122
chr6,20318889,20320153,27,1264
chr6,20321360,20321492,6,132
chr6,20341964,20342355,7,391
chr6,20345672,20345801,6,129
chr6,20401134,20404796,160,3662
chr6,20653544,20653707,7,163
chr6,20891475,20891627,5,152
chr6,21318122,21318246,6,124
chr6,21323845,21324702,16,857
chr6,21332203,21332529,9,326
chr6,21383078,21383160,5,82
chr6,21387170,21387425,8,255
chr6,21394121,21394465,6,344
chr6,21479377,21479541,7,164
chr6,21545621,21545802,10,181
chr6,21588598,21589430,34,832
chr6,21594471,21596892,91,2421
chr6,21629173,21629727,6,554
chr6,21636339,21636450,5,111
chr6,21648964,21649430,11,466
chr6,21658212,21658416,6,204
chr6,21664345,21664903,22,558
chr6,21666160,21666568,24,408
chr6,21685689,21686600,7,911
chr6,21702011,21702528,8,517
chr6,21746342,21746798,5,456
chr6,21757721,21758296,13,575
chr6,21759321,21759427,5,106
chr6,21761452,21762939,26,1487
chr6,21776020,21776376,6,356
chr6,21805814,21806048,6,234
chr6,21814318,21814554,5,236
chr6,22014935,22015808,7,873
chr6,22266187,22266536,8,349
chr6,22569469,22570475,32,1006
chr6,22646258,22646353,5,95
chr6,22721232,22721269,5,37
chr6,23228669,23229300,6,631
chr6,23404759,23404972,5,213
chr6,23964470,23964674,8,204
chr6,24035039,24035126,6,87
chr6,24104710,24105089,5,379
chr6,24357527,24358499,6,972
chr6,24403059,24403433,22,374
chr6,24483968,24484008,5,40
chr6,24494748,24495344,39,596
chr6,24645969,24646497,20,528
chr6,24666582,24667090,15,508
chr6,24682000,24682299,5,299
chr6,24718649,24720893,41,2244
chr6,24748667,24749009,5,342
chr6,24769322,24769597,8,275
chr6,24775191,24775281,10,90
chr6,24848967,24849719,6,752
chr6,24909924,24911538,19,1614
chr6,24935914,24935967,5,53
chr6,25023147,25024112,14,965
chr6,25041910,25042450,10,540
chr6,25139713,25139757,7,44
chr6,25179238,25180215,7,977
chr6,25219053,25219191,5,138
chr6,25278849,25280285,43,1436
chr6,25480863,25480881,5,18
chr6,25688524,25688573,6,49
chr6,25962695,25962794,5,99
chr6,25992550,25992618,8,68
chr6,26019952,26021194,13,1242
chr6,26027108,26027200,9,92
chr6,26045541,26045600,8,59
chr6,26055443,26056221,19,778
chr6,26104045,26104731,16,686
chr6,26107775,26108249,14,474
chr6,26121843,26124647,44,2804
chr6,26125732,26126550,16,818
chr6,26154889,26154983,7,94
chr6,26156167,26159298,55,3131
chr6,26171673,26173118,32,1445
chr6,26182870,26184020,9,1150
chr6,26188445,26188550,9,105
chr6,26195682,26196057,19,375
chr6,26199105,26199762,19,657
chr6,26203855,26204750,28,895
chr6,26214215,26218355,44,4140
chr6,26233397,26235191,23,1794
chr6,26241191,26242260,14,1069
chr6,26250919,26251875,10,956
chr6,26254064,26254368,7,304
chr6,26259380,26259447,5,67
chr6,26270977,26271003,5,26
chr6,26273142,26274389,12,1247
chr6,26285393,26285862,18,469
chr6,26313545,26314398,13,853
chr6,26320035,26320138,7,103
chr6,26322260,26322815,10,555
chr6,26331243,26331509,6,266
chr6,26349111,26349329,5,218
chr6,26383344,26383511,6,167
chr6,26385134,26386001,7,867
chr6,26421370,26421830,17,460
chr6,26457893,26458223,8,330
chr6,26501198,26501722,17,524
chr6,26521024,26522193,42,1169
chr6,26538119,26538606,34,487
chr6,26550693,26551266,9,573
chr6,26553564,26554125,8,561
chr6,26555331,26556539,8,1208
chr6,26568942,26570860,22,1918
chr6,26572566,26572762,6,196
chr6,26576617,26577880,14,1263
chr6,26587580,26589119,18,1539
chr6,26595896,26597909,29,2013
chr6,26601828,26602021,7,193
chr6,26613730,26614255,19,525
chr6,26659800,26659916,11,116
chr6,26745090,26746411,6,1321
chr6,26754804,26754907,5,103
chr6,26756281,26756555,5,274
chr6,26896432,26896925,10,493
chr6,26899577,26900155,7,578
chr6,27020001,27020257,26,256
chr6,27046272,27046348,6,76
chr6,27047573,27048170,9,597
chr6,27050262,27050480,10,218
chr6,27091803,27092302,14,499
chr6,27096865,27097003,9,138
chr6,27131480,27132005,12,525
chr6,27142390,27142729,5,339
chr6,27146793,27147982,6,1189
chr6,27167398,27167456,7,58
chr6,27176991,27179016,33,2025
chr6,27188591,27189252,9,661
chr6,27205566,27206109,12,543
chr6,27208791,27208848,5,57
chr6,27210079,27211271,18,1192
chr6,27212656,27213410,8,754
chr6,27216708,27216785,7,77
chr6,27217985,27218644,12,659
chr6,27228239,27228309,6,70
chr6,27235585,27236166,13,581
chr6,27237917,27238274,17,357
chr6,27241799,27241886,5,87
chr6,27250647,27251731,22,1084
chr6,27259981,27261277,26,1296
chr6,27276465,27276732,10,267
chr6,27277766,27278079,8,313
chr6,27279611,27280766,13,1155
chr6,27283731,27284082,15,351
chr6,27288648,27288954,5,306
chr6,27296338,27296471,7,133
chr6,27299940,27300855,8,915
chr6,27312085,27312993,26,908
chr6,27374758,27375211,22,453
chr6,27381330,27382278,14,948
chr6,27425118,27425150,6,32
chr6,27472645,27474193,33,1548
chr6,27477791,27478287,7,496
chr6,27503512,27503783,7,271
chr6,27518803,27519254,19,451
chr6,27539289,27539694,12,405
chr6,27544280,27545230,16,950
chr6,27548557,27549324,8,767
chr6,27552546,27554414,17,1868
chr6,27556894,27557463,7,569
chr6,27560935,27561452,5,517
chr6,27566508,27566581,5,73
chr6,27568543,27569165,6,622
chr6,27577077,27577285,6,208
chr6,27583004,27583473,18,469
chr6,27592377,27592587,7,210
chr6,27615075,27615479,8,404
chr6,27617400,27618640,13,1240
chr6,27628354,27629382,7,1028
chr6,27631136,27631340,8,204
chr6,27658426,27659166,9,740
chr6,27672186,27672781,9,595
chr6,27683937,27685084,16,1147
chr6,27686440,27688142,15,1702
chr6,27693791,27694020,6,229
chr6,27697049,27697331,6,282
chr6,27739627,27739976,7,349
chr6,27752558,27753406,18,848
chr6,27757407,27757489,12,82
chr6,27790044,27790145,6,101
chr6,27792011,27792885,17,874
chr6,27807595,27807708,6,113
chr6,27810078,27810978,14,900
chr6,27815241,27815690,22,449
chr6,27823817,27824607,7,790
chr6,27830871,27830920,5,49
chr6,27838667,27839436,12,769
chr6,27864263,27867524,28,3261
chr6,27872125,27872992,21,867
chr6,27875400,27875793,7,393
chr6,27884562,27884832,5,270
chr6,27893473,27894687,27,1214
chr6,27902939,27903532,14,593
chr6,27906670,27906745,5,75
chr6,28001035,28001218,5,183
chr6,28063371,28063482,6,111
chr6,28080177,28081096,21,919
chr6,28091067,28091195,12,128
chr6,28124491,28124797,13,306
chr6,28136745,28137536,22,791
chr6,28141799,28142115,6,316
chr6,28161638,28161720,7,82
chr6,28207659,28208343,27,684
chr6,28218709,28219100,27,391
chr6,28225233,28225639,16,406
chr6,28251763,28251795,6,32
chr6,28281422,28281927,23,505
chr6,28335485,28336384,29,899
chr6,28349930,28350281,9,351
chr6,28356081,28356425,9,344
chr6,28359722,28359782,10,60
chr6,28383351,28383574,9,223
chr6,28398426,28400248,30,1822
chr6,28443312,28443538,11,226
chr6,28469540,28469675,8,135
chr6,28479140,28479310,7,170
chr6,28489862,28491450,30,1588
chr6,28537351,28538019,5,668
chr6,28543871,28544326,20,455
chr6,28554016,28554533,12,517
chr6,28583239,28583275,5,36
chr6,28587341,28587453,6,112
chr6,28589905,28590451,20,546
chr6,28606747,28607196,8,449
chr6,28616194,28617105,30,911
chr6,28634842,28635535,17,693
chr6,28638427,28640102,12,1675
chr6,28686264,28686694,10,430
chr6,28695354,28695560,7,206
chr6,28708924,28709063,5,139
chr6,28737153,28737258,8,105
chr6,28738995,28739472,11,477
chr6,28742530,28742989,11,459
chr6,28757483,28758019,7,536
chr6,28763854,28764442,12,588
chr6,28768204,28770155,15,1951
chr6,28772677,28773748,21,1071
chr6,28775198,28776454,34,1256
chr6,28783263,28784134,10,871
chr6,28785637,28785984,6,347
chr6,28795959,28797353,14,1394
chr6,28805168,28805964,8,796
chr6,28813449,28814671,14,1222
chr6,28822446,28823574,10,1128
chr6,28836842,28839497,42,2655
chr6,28861536,28861656,11,120
chr6,28862801,28862916,5,115
chr6,28864180,28864340,8,160
chr6,28865503,28866852,23,1349
chr6,28872654,28873010,12,356
chr6,28880705,28881525,10,820
chr6,28885169,28885295,9,126
chr6,28891685,28891929,12,244
chr6,28894830,28896866,18,2036
chr6,28923114,28924235,51,1121
chr6,28950160,28950794,9,634
chr6,28957878,28958239,7,361
chr6,28970149,28970401,7,252
chr6,28972254,28973357,17,1103
chr6,28977378,28977935,43,557
chr6,28981644,28982565,11,921
chr6,28988470,28988888,9,418
chr6,29005310,29005649,10,339
chr6,29011433,29011677,12,244
chr6,29014917,29015502,27,585
chr6,29016646,29017042,15,396
chr6,29035853,29036694,10,841
chr6,29129620,29130182,5,562
chr6,29440452,29440815,9,363
chr6,29621768,29621854,5,86
chr6,29627729,29628952,14,1223
chr6,29630508,29633553,70,3045
chr6,29637526,29638426,6,900
chr6,29651090,29651353,12,263
chr6,29661548,29662754,9,1206
chr6,29679741,29681288,32,1547
chr6,29690233,29690321,5,88
chr6,29722989,29724159,21,1170
chr6,29747237,29748476,13,1239
chr6,29752525,29752919,19,394
chr6,29755524,29755806,8,282
chr6,29792212,29792832,24,620
chr6,29827720,29828373,18,653
chr6,29850186,29850523,16,337
chr6,29863988,29864280,15,292
chr6,29887890,29888441,22,551
chr6,29925828,29927260,43,1432
chr6,29942546,29943234,19,688
chr6,29976654,29977111,26,457
chr6,30006529,30007898,38,1369
chr6,30060787,30061662,31,875
chr6,30074849,30076482,43,1633
chr6,30100716,30102565,58,1849
chr6,30111313,30111503,14,190
chr6,30127231,30128117,31,886
chr6,30146218,30146504,7,286
chr6,30162001,30162250,7,249
chr6,30171864,30172428,34,564
chr6,30185937,30186067,6,130
chr6,30198740,30198823,7,83
chr6,30212471,30214409,55,1938
chr6,30237275,30237891,14,616
chr6,30259517,30260286,36,769
chr6,30325741,30327226,34,1485
chr6,30444551,30444619,5,68
chr6,30451186,30451637,15,451
chr6,30453118,30453498,7,380
chr6,30463993,30464666,18,673
chr6,30466295,30467409,13,1114
chr6,30480537,30481903,20,1366
chr6,30487296,30490122,38,2826
chr6,30516039,30516310,10,271
chr6,30540764,30541865,10,1101
chr6,30555672,30557259,42,1587
chr6,30571035,30571687,25,652
chr6,30626920,30627178,7,258
chr6,30647154,30649092,55,1938
chr6,30662891,30662978,5,87
chr6,30664918,30665609,11,691
chr6,30671228,30673013,19,1785
chr6,30679127,30679306,12,179
chr6,30684570,30687266,65,2696
chr6,30690604,30693314,35,2710
chr6,30717212,30717283,9,71
chr6,30720091,30722615,28,2524
chr6,30731003,30731159,5,156
chr6,30732757,30732870,5,113
chr6,30742607,30744740,59,2133
chr6,30751274,30751810,5,536
chr6,30764153,30764830,9,677
chr6,30803153,30803305,6,152
chr6,30807764,30807802,7,38
chr6,30828220,30828535,5,315
chr6,30883752,30885000,50,1248
chr6,30907680,30908167,27,487
chr6,30910717,30911434,10,717
chr6,30913335,30916209,46,2874
chr6,30937470,30938081,7,611
chr6,30955351,30955652,13,301
chr6,30980552,30980850,5,298
chr6,31016825,31017149,9,324
chr6,31079876,31080295,8,419
chr6,31137079,31138167,12,1088
chr6,31149603,31150632,8,1029
chr6,31158000,31158822,56,822
chr6,31170222,31170643,8,421
chr6,31180515,31181433,34,918
chr6,31197382,31198905,23,1523
chr6,31271026,31272323,18,1297
chr6,31306743,31309020,22,2277
chr6,31356487,31357185,31,698
chr6,31399457,31400320,21,863
chr6,31403234,31404197,43,963
chr6,31462864,31462993,7,129
chr6,31490974,31491606,12,632
chr6,31494752,31494924,11,172
chr6,31498023,31499219,47,1196
chr6,31506222,31506463,7,241
chr6,31534632,31535154,12,522
chr6,31542098,31542386,10,288
chr6,31558084,31558216,6,132
chr6,31572196,31572278,8,82
chr6,31580681,31581416,17,735
chr6,31606857,31607122,9,265
chr6,31612725,31612793,5,68
chr6,31618023,31618202,5,179
chr6,31620044,31621846,29,1802
chr6,31630513,31630674,5,161
chr6,31631743,31632571,18,828
chr6,31638742,31639871,17,1129
chr6,31647608,31648684,7,1076
chr6,31651926,31655541,37,3615
chr6,31660273,31661158,21,885
chr6,31664063,31664471,6,408
chr6,31665598,31666515,43,917
chr6,31672547,31672711,5,164
chr6,31680903,31681456,20,553
chr6,31682707,31683667,27,960
chr6,31702757,31703515,28,758
chr6,31723590,31724024,16,434
chr6,31728118,31731394,41,3276
chr6,31736516,31737067,9,551
chr6,31739788,31740589,25,801
chr6,31750951,31751357,8,406
chr6,31765766,31765988,8,222
chr6,31768670,31769853,7,1183
chr6,31779620,31781530,8,1910
chr6,31794999,31796800,29,1801
chr6,31806828,31807742,6,914
chr6,31814779,31815753,18,974
chr6,31821326,31822370,7,1044
chr6,31827734,31827947,19,213
chr6,31834258,31836210,26,1952
chr6,31862457,31863861,57,1404
chr6,31873966,31874029,5,63
chr6,31878758,31878992,10,234
chr6,31880691,31880757,6,66
chr6,31887956,31888996,9,1040
chr6,31896459,31897491,33,1032
chr6,31900356,31902462,54,2106
chr6,31941570,31941911,10,341
chr6,31947107,31947421,7,314
chr6,31954620,31954710,12,90
chr6,31958930,31959162,17,232
chr6,31970967,31972778,42,1811
chr6,31977584,31978055,7,471
chr6,32055152,32055902,7,750
chr6,32069810,32070970,8,1160
chr6,32079111,32079297,5,186
chr6,32087329,32088039,30,710
chr6,32096172,32097234,40,1062
chr6,32118984,32119151,9,167
chr6,32127915,32128909,11,994
chr6,32130080,32131311,21,1231
chr6,32142535,32143279,5,744
chr6,32145235,32145478,6,243
chr6,32148495,32150686,31,2191
chr6,32151908,32152070,8,162
chr6,32154659,32155038,14,379
chr6,32166790,32166971,14,181
chr6,32175957,32176418,8,461
chr6,32177840,32178496,6,656
chr6,32179918,32180117,5,199
chr6,32188492,32190662,26,2170
chr6,32195646,32197414,64,1768
chr6,32200917,32202311,9,1394
chr6,32254891,32254971,5,80
chr6,32459961,32460109,7,148
chr6,32584262,32584738,11,476
chr6,32664951,32664980,7,29
chr6,32762031,32762084,7,53
chr6,32829254,32829476,5,222
chr6,32838315,32838679,20,364
chr6,32843860,32844288,16,428
chr6,32853270,32853615,17,345
chr6,32894254,32895007,21,753
chr6,32968990,32971029,28,2039
chr6,32972277,32973019,19,742
chr6,33080752,33081160,26,408
chr6,33117037,33117384,11,347
chr6,33161329,33161940,38,611
chr6,33166766,33167098,6,332
chr6,33191584,33193559,36,1975
chr6,33199189,33200937,43,1748
chr6,33204423,33205017,15,594
chr6,33206941,33208860,80,1919
chr6,33213093,33214199,19,1106
chr6,33248381,33249221,14,840
chr6,33271550,33272282,34,732
chr6,33277045,33278138,39,1093
chr6,33288618,33289705,35,1087
chr6,33296135,33297536,12,1401
chr6,33298565,33299388,20,823
chr6,33300592,33300615,5,23
chr6,33312744,33316391,36,3647
chr6,33317616,33318467,15,851
chr6,33321187,33323278,33,2091
chr6,33330609,33332075,5,1466
chr6,33334974,33335926,6,952
chr6,33345519,33345823,9,304
chr6,33378834,33379824,6,990
chr6,33391440,33392179,30,739
chr6,33400747,33400947,6,200
chr6,33405134,33406600,16,1466
chr6,33410156,33411346,36,1190
chr6,33414543,33416402,12,1859
chr6,33417576,33417921,13,345
chr6,33425335,33428395,87,3060
chr6,33432751,33433717,8,966
chr6,33452220,33454554,28,2334
chr6,33456325,33456463,5,138
chr6,33508363,33508633,7,270
chr6,33521638,33521881,15,243
chr6,33551255,33551317,5,62
chr6,33558721,33559068,8,347
chr6,33571477,33571543,6,66
chr6,33576255,33576841,10,586
chr6,33578570,33580283,17,1713
chr6,33593162,33593196,6,34
chr6,33599155,33599825,5,670
chr6,33620448,33621997,78,1549
chr6,33633425,33634575,37,1150
chr6,33659062,33659107,5,45
chr6,33665680,33665932,5,252
chr6,33685716,33689134,17,3418
chr6,33694556,33694892,5,336
chr6,33703950,33704105,6,155
chr6,33711309,33711896,27,587
chr6,33722881,33723033,6,152
chr6,33725153,33725544,11,391
chr6,33733884,33734320,11,436
chr6,33735340,33735449,8,109
chr6,33745038,33746358,9,1320
chr6,33751338,33751825,8,487
chr6,33771674,33772719,17,1045
chr6,33774069,33774472,5,403
chr6,33777464,33778286,6,822
chr6,33788287,33789102,83,815
chr6,33798591,33798706,6,115
chr6,33812719,33812876,5,157
chr6,33838417,33838500,5,83
chr6,33843582,33844682,8,1100
chr6,33857746,33858749,7,1003
chr6,33880965,33881104,5,139
chr6,33888225,33888604,8,379
chr6,33908501,33909021,5,520
chr6,33925405,33926105,7,700
chr6,33958125,33959245,7,1120
chr6,33985477,33985667,6,190
chr6,34017212,34017238,6,26
chr6,34021426,34023113,5,1687
chr6,34025686,34026051,7,365
chr6,34027485,34028262,10,777
chr6,34036560,34036735,5,175
chr6,34056533,34056679,10,146
chr6,34086930,34087343,7,413
chr6,34092735,34092975,6,240
chr6,34094953,34095228,5,275
chr6,34107467,34107528,6,61
chr6,34116117,34116214,5,97
chr6,34128215,34128470,8,255
chr6,34133218,34133427,8,209
chr6,34143456,34145939,148,2483
chr6,34151425,34151563,8,138
chr6,34154822,34155435,28,613
chr6,34162721,34164170,11,1449
chr6,34193665,34194448,6,783
chr6,34196016,34197031,8,1015
chr6,34221270,34221540,5,270
chr6,34223429,34224423,20,994
chr6,34235337,34238415,131,3078
chr6,34248879,34249430,46,551
chr6,34345611,34346366,7,755
chr6,34391865,34393659,74,1794
chr6,34424752,34426523,18,1771
chr6,34427784,34428670,6,886
chr6,34447270,34447521,5,251
chr6,34464610,34466352,52,1742
chr6,34526730,34526818,5,88
chr6,34537219,34539445,18,2226
chr6,34552102,34554300,19,2198
chr6,34562547,34563120,10,573
chr6,34567952,34568158,8,206
chr6,34574898,34576259,6,1361
chr6,34696349,34697534,36,1185
chr6,34756809,34757528,33,719
chr6,34767448,34767564,5,116
chr6,34780077,34781131,11,1054
chr6,34791192,34792373,67,1181
chr6,34802367,34802462,5,95
chr6,34839174,34839296,6,122
chr6,34887685,34887874,9,189
chr6,34889251,34889777,28,526
chr6,34902727,34902884,8,157
chr6,35059314,35059564,9,250
chr6,35084249,35084949,5,700
chr6,35141102,35142116,45,1014
chr6,35151030,35151248,6,218
chr6,35182202,35182839,25,637
chr6,35213571,35215249,71,1678
chr6,35259391,35259981,46,590
chr6,35297611,35298064,13,453
chr6,35318201,35321192,20,2991
chr6,35326280,35326722,6,442
chr6,35342674,35342845,19,171
chr6,35420135,35420219,5,84
chr6,35452404,35452952,32,548
chr6,35467943,35469537,46,1594
chr6,35486292,35486616,31,324
chr6,35496343,35498182,114,1839
chr6,35502586,35503626,9,1040
chr6,35511047,35512376,35,1329
chr6,35625660,35625872,8,212
chr6,35656821,35657171,7,350
chr6,35687882,35689059,97,1177
chr6,35690190,35690297,6,107
chr6,35727712,35728331,42,619
chr6,35731640,35732194,47,554
chr6,35736372,35738074,6,1702
chr6,35764844,35766042,20,1198
chr6,35776576,35777527,10,951
chr6,35786842,35787456,13,614
chr6,35804061,35805333,17,1272
chr6,35825341,35825452,6,111
chr6,35873678,35874078,5,400
chr6,35915125,35915279,5,154
chr6,35919828,35921065,39,1237
chr6,35976641,35976701,5,60
chr6,36024438,36024914,16,476
chr6,36027165,36028786,57,1621
chr6,36120097,36121313,6,1216
chr6,36129610,36131465,53,1855
chr6,36196437,36197055,66,618
chr6,36270346,36270565,7,219
chr6,36285303,36285430,9,127
chr6,36306001,36306416,5,415
chr6,36330074,36330655,12,581
chr6,36340612,36341430,22,818
chr6,36366648,36366971,8,323
chr6,36387703,36388194,33,491
chr6,36442324,36443208,46,884
chr6,36509362,36509963,9,601
chr6,36546580,36547461,25,881
chr6,36593116,36594855,34,1739
chr6,36596113,36597197,12,1084
chr6,36640124,36640195,5,71
chr6,36660810,36660936,17,126
chr6,36678035,36681752,68,3717
chr6,36685257,36686090,6,833
chr6,36693044,36693946,5,902
chr6,36776925,36777103,8,178
chr6,36792289,36792510,6,221
chr6,36839264,36840896,74,1632
chr6,36874630,36874932,14,302
chr6,36962116,36963064,22,948
chr6,36986107,36986419,21,312
chr6,36998426,36999054,5,628
chr6,37025578,37025819,5,241
chr6,37059538,37059614,6,76
chr6,37065476,37065774,5,298
chr6,37078032,37078376,5,344
chr6,37102786,37104305,18,1519
chr6,37115926,37116017,8,91
chr6,37120559,37121151,6,592
chr6,37125538,37126187,12,649
chr6,37131307,37131513,5,206
chr6,37132989,37133181,7,192
chr6,37164803,37165420,10,617
chr6,37168950,37172596,101,3646
chr6,37222286,37222892,28,606
chr6,37229467,37229503,5,36
chr6,37257297,37258152,18,855
chr6,37352461,37353229,8,768
chr6,37354245,37354803,28,558
chr6,37420704,37421083,7,379
chr6,37433076,37433622,31,546
chr6,37499620,37500281,16,661
chr6,37509330,37509430,5,100
chr6,37517091,37517179,5,88
chr6,37520343,37520516,5,173
chr6,37535392,37537737,34,2345
chr6,37555270,37557485,9,2215
chr6,37565317,37566896,17,1579
chr6,37615854,37616540,9,686
chr6,37625057,37625220,11,163
chr6,37637380,37638618,9,1238
chr6,37648844,37650229,46,1385
chr6,37658628,37658827,6,199
chr6,37684895,37685672,6,777
chr6,37695914,37699218,203,3304
chr6,37705289,37706087,9,798
chr6,37744661,37745005,7,344
chr6,37783114,37783940,21,826
chr6,37789303,37789538,5,235
chr6,37817809,37820470,83,2661
chr6,37839305,37839607,6,302
chr6,37934205,37934731,6,526
chr6,38078113,38078898,6,785
chr6,38164898,38165961,6,1063
chr6,38170509,38170856,5,347
chr6,38176935,38177349,8,414
chr6,38313890,38314281,5,391
chr6,38580218,38580296,6,78
chr6,38596725,38596757,5,32
chr6,38639632,38640962,55,1330
chr6,38702871,38702913,6,42
chr6,38715388,38716318,9,930
chr6,39048498,39049424,48,926
chr6,39066086,39066295,9,209
chr6,39114751,39114894,11,143
chr6,39190391,39191801,16,1410
chr6,39228312,39229331,29,1019
chr6,39238030,39238232,5,202
chr6,39243366,39244048,8,682
chr6,39313041,39314332,67,1291
chr6,39725012,39725896,44,884
chr6,39752891,39753241,5,350
chr6,39791997,39793114,24,1117
chr6,39896829,39896924,6,95
chr6,39925641,39925697,5,56
chr6,39934135,39934500,30,365
chr6,40349135,40350035,10,900
chr6,40391989,40392247,19,258
chr6,40431809,40431894,5,85
chr6,40468861,40469351,5,490
chr6,40477935,40478075,5,140
chr6,40489447,40490931,9,1484
chr6,40538060,40538725,8,665
chr6,40586040,40588829,65,2789
chr6,40599576,40599668,8,92
chr6,40894969,40895110,5,141
chr6,41027683,41028410,17,727
chr6,41029523,41030443,6,920
chr6,41072414,41073939,44,1525
chr6,41088876,41089077,5,201
chr6,41100839,41101451,10,612
chr6,41239478,41239762,15,284
chr6,41306159,41306297,6,138
chr6,41369172,41370344,18,1172
chr6,41371541,41375369,117,3828
chr6,41406342,41409407,39,3065
chr6,41413462,41413601,5,139
chr6,41427131,41428721,55,1590
chr6,41442852,41443566,21,714
chr6,41451615,41451679,5,64
chr6,41469007,41470917,47,1910
chr6,41492411,41492603,9,192
chr6,41503286,41505840,56,2554
chr6,41531766,41532115,10,349
chr6,41545428,41548706,115,3278
chr6,41560547,41561121,22,574
chr6,41587802,41588693,8,891
chr6,41593554,41593651,8,97
chr6,41598858,41600024,11,1166
chr6,41603103,41603339,11,236
chr6,41623760,41623831,5,71
chr6,41636762,41639663,110,2901
chr6,41647903,41648327,10,424
chr6,41649741,41650850,6,1109
chr6,41677656,41677742,11,86
chr6,41682935,41684037,38,1102
chr6,41733416,41735717,108,2301
chr6,41765285,41765415,5,130
chr6,41779427,41780921,92,1494
chr6,41786268,41786495,14,227
chr6,41787511,41788838,30,1327
chr6,41806466,41807936,24,1470
chr6,41809751,41810108,13,357
chr6,41843588,41843814,5,226
chr6,41894690,41895920,30,1230
chr6,41904025,41904150,6,125
chr6,41920631,41921719,41,1088
chr6,41925553,41925778,8,225
chr6,41941012,41942971,70,1959
chr6,41947775,41948054,5,279
chr6,42016745,42017932,6,1187
chr6,42020442,42020828,5,386
chr6,42027935,42028042,5,107
chr6,42044226,42044945,8,719
chr6,42048129,42050865,61,2736
chr6,42099548,42100032,8,484
chr6,42104314,42104871,50,557
chr6,42123103,42123123,5,20
chr6,42128084,42128248,5,164
chr6,42141960,42144069,51,2109
chr6,42162270,42163053,5,783
chr6,42178153,42179385,22,1232
chr6,42216585,42218025,23,1440
chr6,42236310,42236591,5,281
chr6,42243291,42243366,6,75
chr6,42254759,42254851,5,92
chr6,42367392,42367516,5,124
chr6,42419045,42419326,5,281
chr6,42429378,42429472,5,94
chr6,42448650,42453898,98,5248
chr6,42554199,42554401,14,202
chr6,42564157,42565721,32,1564
chr6,42699478,42700326,8,848
chr6,42710576,42710626,5,50
chr6,42727887,42728141,5,254
chr6,42743540,42747131,54,3591
chr6,42781935,42784006,58,2071
chr6,42825116,42825539,6,423
chr6,42846292,42846346,6,54
chr6,42847779,42848166,7,387
chr6,42878379,42878895,6,516
chr6,42890447,42891124,24,677
chr6,42898983,42899069,6,86
chr6,42911054,42912717,14,1663
chr6,42918875,42920887,17,2012
chr6,42924284,42925267,9,983
chr6,42929487,42930163,37,676
chr6,42956701,42956882,7,181
chr6,42958620,42961246,44,2626
chr6,42966812,42967062,6,250
chr6,42977596,42979193,52,1597
chr6,42984565,42984957,16,392
chr6,42995962,42997602,16,1640
chr6,43013628,43014338,29,710
chr6,43021518,43022506,29,988
chr6,43053829,43054057,12,228
chr6,43056436,43056760,6,324
chr6,43076093,43077229,94,1136
chr6,43080890,43081155,6,265
chr6,43123737,43124038,5,301
chr6,43151413,43151937,14,524
chr6,43170656,43172750,120,2094
chr6,43174216,43174704,18,488
chr6,43182029,43182304,25,275
chr6,43198736,43198819,5,83
chr6,43203160,43203546,8,386
chr6,43224709,43225328,5,619
chr6,43228750,43229590,42,840
chr6,43243606,43243725,17,119
chr6,43246632,43247744,34,1112
chr6,43255063,43255340,9,277
chr6,43257770,43257944,5,174
chr6,43259075,43259402,11,327
chr6,43269783,43269833,6,50
chr6,43274341,43277630,41,3289
chr6,43281232,43281506,7,274
chr6,43283458,43283793,8,335
chr6,43284885,43285641,34,756
chr6,43302359,43302413,5,54
chr6,43308557,43308733,5,176
chr6,43367881,43370037,96,2156
chr6,43426766,43428401,23,1635
chr6,43453513,43453621,5,108
chr6,43454795,43456115,36,1320
chr6,43457270,43457530,5,260
chr6,43477576,43477968,7,392
chr6,43509484,43510360,60,876
chr6,43516693,43517389,19,696
chr6,43535706,43536062,9,356
chr6,43575519,43576026,45,507
chr6,43577810,43578225,7,415
chr6,43628290,43630657,48,2367
chr6,43635807,43636036,16,229
chr6,43675225,43675565,5,340
chr6,43687227,43687820,19,593
chr6,43702782,43702967,5,185
chr6,43769828,43772098,105,2270
chr6,43780210,43780784,11,574
chr6,43784785,43784858,5,73
chr6,43923757,43924571,5,814
chr6,43926462,43926902,10,440
chr6,44002148,44003293,29,1145
chr6,44063255,44064267,8,1012
chr6,44073170,44073730,25,560
chr6,44076520,44076810,24,290
chr6,44083626,44083754,5,128
chr6,44112947,44113366,6,419
chr6,44127004,44128348,90,1344
chr6,44151915,44152493,5,578
chr6,44183866,44184152,6,286
chr6,44186879,44188115,7,1236
chr6,44218912,44219858,27,946
chr6,44223530,44223880,29,350
chr6,44237440,44238193,25,753
chr6,44243190,44243258,6,68
chr6,44244526,44244588,5,62
chr6,44247762,44247939,12,177
chr6,44255472,44255570,6,98
chr6,44256588,44257706,66,1118
chr6,44265068,44265601,42,533
chr6,44270591,44271130,36,539
chr6,44275042,44276658,40,1616
chr6,44286213,44286256,7,43
chr6,44297401,44297754,32,353
chr6,44313295,44313485,10,190
chr6,44342494,44342796,16,302
chr6,44469624,44470009,11,385
chr6,44560207,44561517,21,1310
chr6,44654032,44654133,5,101
chr6,44704422,44704734,7,312
chr6,44899601,44900236,7,635
chr6,44956376,44956606,5,230
chr6,45377449,45378273,53,824
chr6,45397264,45397404,5,140
chr6,45419610,45419794,18,184
chr6,45421621,45424268,96,2647
chr6,45641351,45642519,9,1168
chr6,45663318,45663938,37,620
chr6,45740616,45741130,5,514
chr6,46015190,46015932,31,742
chr6,46129514,46129913,11,399
chr6,46170793,46171220,18,427
chr6,46490593,46491984,61,1391
chr6,46652834,46653376,43,542
chr6,46687890,46689230,40,1340
chr6,46734212,46735774,25,1562
chr6,46775718,46775835,5,117
chr6,46849090,46849131,6,41
chr6,47308760,47309955,55,1195
chr6,47321473,47321764,5,291
chr6,47378735,47378990,6,255
chr6,47409776,47409922,7,146
chr6,47421860,47422013,6,153
chr6,47477564,47477744,23,180
chr6,47482439,47482471,5,32
chr6,47512082,47512195,7,113
chr6,47635235,47635441,10,206
chr6,47743021,47743110,5,89
chr6,48068295,48068911,19,616
chr6,48411218,48411935,10,717
chr6,48569367,48569612,5,245
chr6,48874229,48875356,6,1127
chr6,49463247,49463475,14,228
chr6,49526590,49526768,6,178
chr6,49550442,49551549,47,1107
chr6,49713359,49713517,6,158
chr6,50287222,50287389,5,167
chr6,50706928,50707127,5,199
chr6,50708523,50708698,11,175
chr6,50713907,50715993,38,2086
chr6,50721810,50723262,8,1452
chr6,50724501,50724719,7,218
chr6,50817251,50817621,10,370
chr6,50819926,50820319,22,393
chr6,50823281,50823838,17,557
chr6,50836018,50836395,7,377
chr6,50843132,50844025,22,893
chr6,50845123,50845977,7,854
chr6,50849341,50850547,44,1206
chr6,51453951,51454144,5,193
chr6,51855036,51855112,6,76
chr6,52264694,52265023,7,329
chr6,52270047,52271417,7,1370
chr6,52279444,52279516,5,72
chr6,52284367,52285093,39,726
chr6,52292116,52292221,9,105
chr6,52306643,52307640,11,997
chr6,52361956,52363202,66,1246
chr6,52402295,52402940,7,645
chr6,52420045,52421294,27,1249
chr6,52521047,52521957,7,910
chr6,52533947,52534041,5,94
chr6,52576664,52577553,44,889
chr6,52664430,52664852,8,422
chr6,52670956,52671166,15,210
chr6,52757889,52758447,5,558
chr6,52922390,52922548,5,158
chr6,52961279,52961479,8,200
chr6,52994802,52996268,41,1466
chr6,53028003,53028141,5,138
chr6,53061581,53061852,24,271
chr6,53064022,53064294,8,272
chr6,53065401,53066240,37,839
chr6,53204855,53204941,6,86
chr6,53347938,53349413,92,1475
chr6,53358795,53359692,17,897
chr6,53544165,53545176,75,1011
chr6,53547516,53548278,30,762
chr6,53651644,53652089,20,445
chr6,53665740,53665871,9,131
chr6,53793607,53796158,102,2551
chr6,53900162,53900198,5,36
chr6,53922870,53922988,7,118
chr6,54576984,54577513,7,529
chr6,54846423,54847284,26,861
chr6,54851597,54851740,6,143
chr6,54979295,54979430,7,135
chr6,55174298,55174988,21,690
chr6,55277470,55277527,5,57
chr6,55579000,55580807,14,1807
chr6,56099079,56099326,8,247
chr6,56247521,56247601,6,80
chr6,56542746,56543097,22,351
chr6,56723420,56723902,6,482
chr6,56843201,56844252,62,1051
chr6,56851503,56851883,13,380
chr6,56894630,56895179,9,549
chr6,56954908,56955593,49,685
chr6,57005604,57005851,6,247
chr6,57046604,57046657,6,53
chr6,57089965,57090247,33,282
chr6,57171798,57172900,38,1102
chr6,57221604,57222243,20,639
chr6,57311835,57311916,9,81
chr6,57316671,57316970,5,299
chr6,57502498,57502681,5,183
chr6,57808829,57809133,13,304
chr6,57822702,57823250,14,548
chr6,57834334,57835082,9,748
chr6,57937711,57937997,7,286
chr6,57939050,57939102,5,52
chr6,57961304,57961882,24,578
chr6,58073484,58073584,7,100
chr6,60788467,60788672,5,205
chr6,61042471,61043287,7,816
chr6,61932660,61933026,6,366
chr6,61957365,61957905,7,540
chr6,62285825,62285971,5,146
chr6,62538670,62538884,8,214
chr6,62638082,62638187,6,105
chr6,62863814,62864435,8,621
chr6,63275126,63275282,6,156
chr6,63332670,63332859,6,189
chr6,63495696,63496019,5,323
chr6,63572446,63573826,67,1380
chr6,63590985,63591463,6,478
chr6,63635622,63636722,26,1100
chr6,64198137,64198302,7,165
chr6,64502279,64502382,8,103
chr6,64758964,64759055,6,91
chr6,65005487,65005590,5,103
chr6,65277357,65277530,5,173
chr6,65627602,65627684,5,82
chr6,65663821,65664031,7,210
chr6,65787904,65788826,14,922
chr6,65998640,65999591,17,951
chr6,66094648,66094841,9,193
chr6,66949226,66949328,8,102
chr6,66993901,66994102,6,201
chr6,67663234,67663414,6,180
chr6,67887407,67889156,18,1749
chr6,68363283,68363332,5,49
chr6,68635035,68636037,57,1002
chr6,68940627,68940764,7,137
chr6,69101911,69102094,6,183
chr6,69467223,69467399,6,176
chr6,69745229,69745351,7,122
chr6,69796530,69796891,21,361
chr6,69866598,69867679,69,1081
chr6,70260399,70260683,5,284
chr6,70280857,70283404,29,2547
chr6,70412975,70414183,67,1208
chr6,70566839,70567291,14,452
chr6,70627319,70627384,5,65
chr6,70667698,70668580,40,882
chr6,70955750,70958010,96,2260
chr6,71288529,71289184,36,655
chr6,71419887,71421314,90,1427
chr6,71578218,71578368,5,150
chr6,71687113,71687212,8,99
chr6,71832634,71832698,6,64
chr6,71856412,71856616,7,204
chr6,71886389,71887367,28,978
chr6,72182463,72183142,52,679
chr6,72486265,72486346,5,81
chr6,72620965,72623117,89,2152
chr6,72737021,72737255,5,234
chr6,73157424,73158359,15,935
chr6,73224632,73224999,14,367
chr6,73254752,73254918,6,166
chr6,73263155,73263405,31,250
chr6,73290024,73290191,9,167
chr6,73308544,73308784,7,240
chr6,73310110,73310231,11,121
chr6,73314694,73315280,20,586
chr6,73334210,73334272,5,62
chr6,73348399,73349267,22,868
chr6,73353291,73356100,49,2809
chr6,73360070,73361243,9,1173
chr6,73363668,73363827,9,159
chr6,73369949,73370300,7,351
chr6,73386155,73386388,7,233
chr6,73389123,73390103,19,980
chr6,73419814,73420006,8,192
chr6,73449851,73455043,85,5192
chr6,73461079,73462135,23,1056
chr6,73514333,73514449,5,116
chr6,73520297,73521668,48,1371
chr6,73522898,73524946,16,2048
chr6,73559483,73559965,11,482
chr6,73580257,73580783,14,526
chr6,73589074,73589852,8,778
chr6,73591289,73591321,5,32
chr6,73628079,73629494,7,1415
chr6,73651703,73651761,5,58
chr6,73653383,73653936,42,553
chr6,73695670,73696170,21,500
chr6,73725412,73725601,6,189
chr6,73914953,73914981,5,28
chr6,74227249,74228086,7,837
chr6,74922542,74923107,13,565
chr6,75085204,75085297,13,93
chr6,75201928,75202620,13,692
chr6,75204927,75206849,60,1922
chr6,75208038,75209149,17,1111
chr6,75243850,75243932,7,82
chr6,75284582,75284690,10,108
chr6,75319690,75320022,9,332
chr6,75349348,75350010,6,662
chr6,75441953,75442042,9,89
chr6,75552250,75552583,6,333
chr6,75601717,75602771,65,1054
chr6,75748737,75749549,61,812
chr6,75767612,75767970,5,358
chr6,75783373,75784161,5,788
chr6,76165299,76165853,10,554
chr6,76426963,76427145,8,182
chr6,77351584,77351723,6,139
chr6,77462560,77464457,39,1897
chr6,77577712,77577772,6,60
chr6,77650166,77650360,11,194
chr6,77698913,77699282,5,369
chr6,78629177,78629901,9,724
chr6,78865798,78865865,6,67
chr6,78867478,78868033,29,555
chr6,78910614,78911177,29,563
chr6,79077048,79078535,83,1487
chr6,79233625,79234758,34,1133
chr6,79525726,79526418,8,692
chr6,79536784,79537300,6,516
chr6,79591567,79591686,5,119
chr6,79630880,79631695,32,815
chr6,79777556,79778284,20,728
chr6,79947139,79947869,58,730
chr6,80004331,80004730,16,399
chr6,80106360,80106968,28,608
chr6,80257694,80257764,5,70
chr6,80308785,80308876,6,91
chr6,80659114,80659158,6,44
chr6,80774242,80774436,8,194
chr6,80861881,80862071,6,190
chr6,81058236,81058791,7,555
chr6,81214803,81215023,7,220
chr6,81337747,81338031,7,284
chr6,81752860,81754069,43,1209
chr6,81879017,81879055,5,38
chr6,82247326,82248339,33,1013
chr6,82284469,82284599,5,130
chr6,82297942,82298005,5,63
chr6,82363028,82365258,96,2230
chr6,83065606,83065713,7,107
chr6,83067601,83068038,31,437
chr6,83192923,83194094,61,1171
chr6,83275753,83276028,12,275
chr6,83405611,83405814,5,203
chr6,83431148,83431828,23,680
chr6,83512021,83512633,13,612
chr6,83708214,83709709,51,1495
chr6,83853238,83853904,37,666
chr6,83859442,83859754,13,312
chr6,84033306,84034073,45,767
chr6,84037664,84037801,5,137
chr6,84227273,84227846,16,573
chr6,84290574,84290621,5,47
chr6,84552554,84552942,8,388
chr6,84762548,84764867,60,2319
chr6,84766190,84768874,37,2684
chr6,84773422,84774839,83,1417
chr6,85061800,85061898,6,98
chr6,85117506,85118798,6,1292
chr6,85126831,85127113,5,282
chr6,85196632,85196666,5,34
chr6,85325473,85326083,9,610
chr6,85449353,85450611,36,1258
chr6,85532797,85533019,5,222
chr6,85571075,85571274,7,199
chr6,85593415,85594306,43,891
chr6,85642185,85644195,93,2010
chr6,85654661,85655088,7,427
chr6,85678467,85681257,39,2790
chr6,85975178,85975261,5,83
chr6,86603176,86603346,6,170
chr6,86937158,86937988,39,830
chr6,87038889,87039161,6,272
chr6,87077502,87077884,6,382
chr6,87122447,87122784,14,337
chr6,87151868,87152215,25,347
chr6,87155476,87155515,8,39
chr6,87322457,87322514,8,57
chr6,87407990,87408435,25,445
chr6,87473217,87473463,9,246
chr6,87589236,87590037,19,801
chr6,87678426,87678854,5,428
chr6,87701706,87703512,58,1806
chr6,87752676,87752880,5,204
chr6,87766795,87767724,7,929
chr6,87844420,87844578,6,158
chr6,87866269,87867216,12,947
chr6,87968692,87969119,8,427
chr6,88047634,88048010,18,376
chr6,88165936,88167673,80,1737
chr6,88196434,88196634,5,200
chr6,88466290,88466384,5,94
chr6,88587132,88587506,9,374
chr6,88744354,88744418,5,64
chr6,88962627,88963547,21,920
chr6,89007453,89007976,6,523
chr6,89081326,89081986,28,660
chr6,89116210,89118278,59,2068
chr6,89146032,89146716,46,684
chr6,89148073,89148274,11,201
chr6,89240494,89240644,5,150
chr6,89351060,89351242,8,182
chr6,89352396,89353374,37,978
chr6,89410370,89413319,67,2949
chr6,89433346,89433985,28,639
chr6,89604694,89605108,6,414
chr6,89609370,89609704,8,334
chr6,89638316,89638836,37,520
chr6,89795808,89795879,7,71
chr6,89803674,89803742,6,68
chr6,89804961,89805070,6,109
chr6,89812174,89812306,5,132
chr6,89819746,89820213,32,467
chr6,89821703,89822027,6,324
chr6,89830085,89830123,6,38
chr6,89870457,89871537,5,1080
chr6,89872801,89872870,5,69
chr6,89886200,89886427,5,227
chr6,89887581,89887805,19,224
chr6,89900937,89901565,9,628
chr6,89920421,89920802,8,381
chr6,89934583,89935104,8,521
chr6,89950622,89951302,11,680
chr6,90295105,90297439,105,2334
chr6,90454274,90454792,7,518
chr6,90586348,90587327,45,979
chr6,90606511,90606624,6,113
chr6,90610582,90611486,39,904
chr6,90947267,90947433,12,166
chr6,91675351,91675419,5,68
chr6,91926588,91927073,14,485
chr6,92723565,92723611,9,46
chr6,93019532,93019599,5,67
chr6,93068568,93068924,6,356
chr6,93143126,93143165,5,39
chr6,93212280,93212508,7,228
chr6,93282617,93282699,7,82
chr6,93416555,93417382,40,827
chr6,93418607,93419701,51,1094
chr6,93853937,93853986,5,49
chr6,93972448,93973509,7,1061
chr6,94511257,94511885,12,628
chr6,94676796,94676944,6,148
chr6,94824264,94824490,7,226
chr6,94968206,94968341,5,135
chr6,95085015,95085153,12,138
chr6,95354756,95355832,5,1076
chr6,95434560,95434830,5,270
chr6,96522176,96522223,7,47
chr6,96693777,96694240,6,463
chr6,96836931,96837836,43,905
chr6,96897019,96898036,43,1017
chr6,96924323,96924413,9,90
chr6,96991695,96992522,14,827
chr6,97014150,97014211,6,61
chr6,97109640,97110803,8,1163
chr6,97279205,97279327,5,122
chr6,97282754,97283420,45,666
chr6,97762647,97762719,7,72
chr6,97979198,97979313,5,115
chr6,98530407,98530542,5,135
chr6,98701208,98701510,5,302
chr6,98825251,98825462,6,211
chr6,98827720,98828881,22,1161
chr6,98830941,98834945,89,4004
chr6,98842591,98843872,51,1281
chr6,98845043,98845502,33,459
chr6,98847914,98848555,26,641
chr6,98879632,98879917,10,285
chr6,98947747,98948254,21,507
chr6,99006391,99006552,6,161
chr6,99348945,99349918,58,973
chr6,99364630,99364816,5,186
chr6,99393747,99394372,38,625
chr6,99425190,99425427,15,237
chr6,99515035,99516238,28,1203
chr6,99521014,99521063,5,49
chr6,99568254,99569191,32,937
chr6,99588402,99589484,37,1082
chr6,99590832,99590994,18,162
chr6,99602925,99603918,52,993
chr6,99605621,99608863,36,3242
chr6,99613003,99614998,98,1995
chr6,99618822,99618860,7,38
chr6,99993425,99993972,46,547
chr6,100193974,100194069,5,95
chr6,100229148,100229215,11,67
chr6,100447605,100447991,15,386
chr6,100449338,100449744,29,406
chr6,100453628,100456179,54,2551
chr6,100457524,100458572,41,1048
chr6,100461073,100461362,5,289
chr6,100464036,100467966,56,3930
chr6,100880928,100881494,48,566
chr6,100937022,100937290,9,268
chr6,100952217,100952371,6,154
chr6,101393476,101394302,15,826
chr6,101398774,101399756,27,982
chr6,101402341,101403039,29,698
chr6,101783005,101783137,5,132
chr6,102776902,102777005,8,103
chr6,102905169,102905216,5,47
chr6,103018001,103018287,8,286
chr6,104026243,104026564,9,321
chr6,104206609,104206752,6,143
chr6,104446357,104447388,6,1031
chr6,104695889,104695996,6,107
chr6,104859297,104859901,39,604
chr6,104885336,104886110,12,774
chr6,104940394,104941634,91,1240
chr6,105136365,105137606,38,1241
chr6,105174016,105174418,9,402
chr6,105178940,105180194,24,1254
chr6,105402293,105403471,75,1178
chr6,105449215,105449493,8,278
chr6,105609656,105609774,5,118
chr6,105912502,105912705,6,203
chr6,105981503,105981735,20,232
chr6,105985941,105986577,17,636
chr6,105992346,105992605,14,259
chr6,105994213,105995190,37,977
chr6,106099366,106099527,6,161
chr6,106105657,106107055,11,1398
chr6,106117928,106118420,7,492
chr6,106143517,106143713,5,196
chr6,106269593,106269766,11,173
chr6,106325413,106326493,34,1080
chr6,106360326,106361187,27,861
chr6,106461929,106462263,5,334
chr6,106510358,106510575,14,217
chr6,106511893,106513060,67,1167
chr6,106629469,106630079,25,610
chr6,106647483,106647736,6,253
chr6,106690183,106690398,5,215
chr6,106722661,106722728,5,67
chr6,106805992,106806184,7,192
chr6,106825919,106825980,5,61
chr6,106871965,106872191,5,226
chr6,106924984,106925117,9,133
chr6,106939834,106940814,11,980
chr6,106973530,106975358,64,1828
chr6,106979232,106979576,6,344
chr6,107027577,107028359,25,782
chr6,107040793,107041118,5,325
chr6,107068824,107069941,34,1117
chr6,107103872,107103914,6,42
chr6,107105285,107105736,5,451
chr6,107113014,107115888,91,2874
chr6,107122492,107122596,5,104
chr6,107145157,107145266,6,109
chr6,107149396,107149735,5,339
chr6,107288746,107288852,5,106
chr6,107372276,107372544,6,268
chr6,107459548,107460302,26,754
chr6,107488438,107492191,159,3753
chr6,107633714,107635481,81,1767
chr6,107660885,107661016,6,131
chr6,107772180,107772307,6,127
chr6,107845210,107845469,6,259
chr6,107847728,107848668,21,940
chr6,107875446,107875581,6,135
chr6,107957407,107959008,49,1601
chr6,107965515,107965748,10,233
chr6,108032048,108032120,5,72
chr6,108074229,108075378,42,1149
chr6,108115338,108115809,12,471
chr6,108117078,108119681,70,2603
chr6,108133869,108134215,25,346
chr6,108156789,108158353,33,1564
chr6,108164500,108171915,160,7415
chr6,108174552,108175976,25,1424
chr6,108229116,108229335,5,219
chr6,108260527,108261880,32,1353
chr6,108286839,108286897,5,58
chr6,108451811,108451924,5,113
chr6,108557825,108562127,211,4302
chr6,108680310,108680511,6,201
chr6,108716723,108717223,15,500
chr6,108736967,108738065,6,1098
chr6,108742953,108742985,5,32
chr6,108848327,108849058,33,731
chr6,108953184,108953261,8,77
chr6,108959636,108960207,5,571
chr6,109009208,109009304,10,96
chr6,109094513,109095450,56,937
chr6,109290276,109290895,13,619
chr6,109381572,109384170,38,2598
chr6,109439459,109441382,41,1923
chr6,109448750,109449299,6,549
chr6,109455008,109456287,61,1279
chr6,109482967,109483625,24,658
chr6,109488629,109488862,5,233
chr6,109559049,109559260,5,211
chr6,109690483,109691393,24,910
chr6,109879593,109879758,6,165
chr6,109881307,109881493,7,186
chr6,109977908,109979414,34,1506
chr6,110040176,110040571,7,395
chr6,110179082,110180696,46,1614
chr6,110356367,110358759,77,2392
chr6,110399526,110401117,22,1591
chr6,110475731,110476990,19,1259
chr6,110811878,110812213,5,335
chr6,110814401,110814869,53,468
chr6,110868984,110869223,7,239
chr6,110874033,110876531,90,2498
chr6,110951547,110951671,6,124
chr6,110958462,110959027,32,565
chr6,110974507,110974612,6,105
chr6,110981912,110982201,14,289
chr6,111019685,111020806,6,1121
chr6,111087646,111087904,36,258
chr6,111259061,111260378,32,1317
chr6,111424930,111425283,9,353
chr6,111429765,111430148,5,383
chr6,111482451,111484127,43,1676
chr6,111493783,111494712,7,929
chr6,111525775,111525865,6,90
chr6,111605543,111606232,10,689
chr6,111661775,111661981,7,206
chr6,111742862,111743059,5,197
chr6,111866501,111866637,6,136
chr6,111871858,111874346,72,2488
chr6,112043197,112043884,11,687
chr6,112053933,112054436,9,503
chr6,112087314,112087814,8,500
chr6,112366898,112367474,12,576
chr6,112578623,112578730,6,107
chr6,112688708,112689585,14,877
chr6,113221971,113222465,9,494
chr6,113565077,113565311,6,234
chr6,113702963,113703068,7,105
chr6,113743439,113743516,6,77
chr6,113854756,113855041,11,285
chr6,113858936,113860387,65,1451
chr6,113970314,113971539,54,1225
chr6,113974271,113974675,7,404
chr6,114299514,114299617,5,103
chr6,114341272,114343849,117,2577
chr6,114590776,114591894,9,1118
chr6,114865341,114865460,7,119
chr6,114998402,114998737,6,335
chr6,115889172,115890056,11,884
chr6,115928361,115928434,10,73
chr6,116100094,116101294,26,1200
chr6,116120648,116121816,6,1168
chr6,116241847,116242273,14,426
chr6,116252972,116253963,20,991
chr6,116258262,116258709,9,447
chr6,116278795,116280028,19,1233
chr6,116370495,116371905,74,1410
chr6,116458296,116458472,5,176
chr6,116461837,116462316,23,479
chr6,116565010,116565053,5,43
chr6,116570883,116571508,32,625
chr6,116668923,116669183,9,260
chr6,116681468,116682283,11,815
chr6,116764601,116765658,53,1057
chr6,116779400,116779605,10,205
chr6,116876764,116877518,51,754
chr6,117263265,117266471,65,3206
chr6,117270438,117270529,11,91
chr6,117445394,117445456,6,62
chr6,117482396,117483887,76,1491
chr6,117547799,117548361,32,562
chr6,117601809,117602255,13,446
chr6,117675006,117676094,36,1088
chr6,117907243,117908529,85,1286
chr6,117920134,117920302,6,168
chr6,118647403,118648208,13,805
chr6,118650788,118652101,56,1313
chr6,118716550,118717708,14,1158
chr6,118722004,118722138,5,134
chr6,118893790,118895085,63,1295
chr6,118934469,118935029,45,560
chr6,119040266,119040733,7,467
chr6,119041775,119042092,5,317
chr6,119078010,119079215,64,1205
chr6,119097972,119099105,5,1133
chr6,119161865,119161903,5,38
chr6,119277686,119277763,5,77
chr6,119348512,119350294,69,1782
chr6,119440970,119441290,18,320
chr6,119667792,119667954,6,162
chr6,120748623,120748673,6,50
chr6,120953196,120953397,5,201
chr6,121436945,121437246,21,301
chr6,121440965,121441247,9,282
chr6,121512689,121512776,5,87
chr6,121686735,121686773,7,38
chr6,121760330,121760381,5,51
chr6,122273338,122273504,7,166
chr6,122280258,122280795,9,537
chr6,122399583,122400149,11,566
chr6,122471638,122471831,6,193
chr6,122472968,122473011,5,43
chr6,122610019,122611311,48,1292
chr6,122789403,122790243,37,840
chr6,122853669,122854118,5,449
chr6,122996276,122996878,25,602
chr6,123077499,123077531,6,32
chr6,123472023,123472139,5,116
chr6,123802815,123803674,24,859
chr6,124397969,124398069,6,100
chr6,124609695,124609824,5,129
chr6,124961854,124962931,48,1077
chr6,125099744,125099818,6,74
chr6,125154504,125154593,11,89
chr6,125252306,125252584,5,278
chr6,125300589,125301830,43,1241
chr6,125362920,125363603,15,683
chr6,125534193,125534243,7,50
chr6,125644439,125645451,12,1012
chr6,125747721,125748492,32,771
chr6,125749599,125749662,10,63
chr6,125780481,125780820,8,339
chr6,125790144,125791812,47,1668
chr6,125956885,125957227,23,342
chr6,125986391,125986853,18,462
chr6,126340019,126340182,20,163
chr6,126643949,126644084,6,135
chr6,126845603,126845661,6,58
chr6,127117270,127121274,101,4004
chr6,127211659,127211717,6,58
chr6,127266732,127267553,69,821
chr6,127343206,127343515,18,309
chr6,127379927,127380026,7,99
chr6,127422065,127422307,6,242
chr6,127474371,127475534,21,1163
chr6,127514870,127516528,66,1658
chr6,127518391,127519600,25,1209
chr6,127592293,127593352,8,1059
chr6,127879838,127879959,6,121
chr6,128416457,128416564,5,107
chr6,128508800,128509218,7,418
chr6,128519315,128521260,85,1945
chr6,128882980,128883395,18,415
chr6,128895398,128895564,8,166
chr6,128930122,128930160,5,38
chr6,129159422,129159457,5,35
chr6,129490670,129491182,9,512
chr6,129767363,129767544,14,181
chr6,129957590,129958583,5,993
chr6,130018384,130021164,132,2780
chr6,130292400,130292779,6,379
chr6,130365119,130367192,95,2073
chr6,130456570,130457608,5,1038
chr6,130801476,130801583,12,107
chr6,131062608,131063531,63,923
chr6,131132169,131132229,6,60
chr6,131135397,131135993,53,596
chr6,131281286,131281730,5,444
chr6,131559662,131559728,5,66
chr6,131627995,131628411,27,416
chr6,131696959,131698217,5,1258
chr6,131807757,131808155,45,398
chr6,131887719,131887953,6,234
chr6,131950737,131951507,44,770
chr6,132400992,132401761,67,769
chr6,132512678,132513801,30,1123
chr6,132786267,132786372,5,105
chr6,132813787,132815208,19,1421
chr6,132827024,132827240,6,216
chr6,133039518,133039639,6,121
chr6,133131928,133132891,6,963
chr6,133240855,133242066,88,1211
chr6,133563028,133563089,5,61
chr6,133837128,133838234,30,1106
chr6,133854527,133855362,15,835
chr6,133888901,133890048,14,1147
chr6,133891049,133891831,26,782
chr6,133892851,133893009,13,158
chr6,133895794,133896245,9,451
chr6,133951983,133953924,49,1941
chr6,134017778,134017810,5,32
chr6,134069054,134069130,7,76
chr6,134096700,134096915,6,215
chr6,134115231,134116459,11,1228
chr6,134159430,134160134,14,704
chr6,134174175,134176407,74,2232
chr6,134211822,134213092,13,1270
chr6,134268302,134268679,6,377
chr6,134751380,134751441,5,61
chr6,134932765,134932934,8,169
chr6,134941685,134942525,12,840
chr6,135035374,135035511,7,137
chr6,135054378,135055359,11,981
chr6,135072310,135072415,5,105
chr6,135180536,135183465,134,2929
chr6,135497364,135498011,37,647
chr6,136191527,136191646,6,119
chr6,136249910,136250840,29,930
chr6,136288920,136290727,32,1807
chr6,136360688,136360879,10,191
chr6,136549714,136551051,75,1337
chr6,136791919,136793886,80,1967
chr6,136822595,136822822,25,227
chr6,136836809,136837176,5,367
chr6,136920392,136924273,150,3881
chr6,136989653,136990150,8,497
chr6,137043499,137044593,28,1094
chr6,137219136,137219466,16,330
chr6,137486510,137490243,64,3733
chr6,137493238,137494126,44,888
chr6,137495396,137498196,76,2800
chr6,137503633,137503678,6,45
chr6,137513457,137513873,8,416
chr6,137583623,137584476,7,853
chr6,137776236,137776310,5,74
chr6,137866715,137867624,48,909
chr6,137878888,137879159,13,271
chr6,137881191,137881492,10,301
chr6,138034807,138035187,6,380
chr6,138102955,138103447,11,492
chr6,138107524,138108055,11,531
chr6,138161553,138162467,64,914
chr6,138255789,138255867,5,78
chr6,138291470,138292681,8,1211
chr6,138334702,138334789,5,87
chr6,138403491,138405327,76,1836
chr6,138423924,138424324,6,400
chr6,138431202,138432393,7,1191
chr6,138601541,138602642,9,1101
chr6,138682776,138682957,9,181
chr6,138691812,138693664,115,1852
chr6,138773396,138773794,20,398
chr6,138795904,138796236,17,332
chr6,138799088,138799346,5,258
chr6,138987330,138988828,76,1498
chr6,139028819,139029794,41,975
chr6,139134867,139136720,93,1853
chr6,139166783,139167573,5,790
chr6,139362357,139362450,5,93
chr6,139373443,139375594,82,2151
chr6,139495079,139495111,5,32
chr6,139532587,139532686,5,99
chr6,139620796,139620940,6,144
chr6,139687891,139688445,6,554
chr6,139771739,139771860,5,121
chr6,140148384,140148480,14,96
chr6,141175064,141175256,6,192
chr6,141417126,141417186,5,60
chr6,141497390,141497636,5,246
chr6,141562423,141562720,5,297
chr6,141618182,141618290,11,108
chr6,141835788,141836231,9,443
chr6,142088365,142089098,23,733
chr6,142301099,142302706,25,1607
chr6,142377154,142377501,5,347
chr6,142504433,142504661,5,228
chr6,142537193,142537309,6,116
chr6,142926533,142927261,29,728
chr6,142944583,142947712,137,3129
chr6,143060354,143060867,32,513
chr6,143287017,143287489,5,472
chr6,143430430,143430644,6,214
chr6,143450304,143450883,13,579
chr6,143511672,143512508,16,836
chr6,143536622,143538601,66,1979
chr6,143565474,143565749,10,275
chr6,143677862,143678264,29,402
chr6,143759201,143760428,5,1227
chr6,143842938,143844549,34,1611
chr6,143942214,143942313,5,99
chr6,144007269,144008555,50,1286
chr6,144062675,144064756,57,2081
chr6,144094842,144096511,39,1669
chr6,144149776,144150661,42,885
chr6,144186726,144187980,21,1254
chr6,144216365,144216398,6,33
chr6,144268429,144268550,7,121
chr6,144271694,144271838,6,144
chr6,144284196,144287078,78,2882
chr6,144322010,144322053,5,43
chr6,144334212,144334473,9,261
chr6,144348802,144349101,5,299
chr6,144495134,144495516,5,382
chr6,144717492,144717728,5,236
chr6,145491248,145491540,6,292
chr6,145734772,145735811,54,1039
chr6,145814468,145815321,23,853
chr6,145963700,145964288,35,588
chr6,146027754,146030003,48,2249
chr6,146423558,146424213,5,655
chr6,146434391,146434609,6,218
chr6,146543370,146544165,62,795
chr6,146803727,146803852,17,125
chr6,146857211,146858016,8,805
chr6,147203678,147204629,76,951
chr6,147421283,147421764,7,481
chr6,147506973,147509195,74,2222
chr6,147537568,147537670,6,102
chr6,147734438,147734637,11,199
chr6,148304359,148304533,7,174
chr6,148334359,148335389,11,1030
chr6,148342440,148342985,21,545
chr6,148349200,148350006,6,806
chr6,148392006,148392113,5,107
chr6,148402677,148402769,7,92
chr6,148509695,148510002,6,307
chr6,148519978,148520124,7,146
chr6,148559881,148560325,41,444
chr6,148698076,148698920,10,844
chr6,148746486,148748189,73,1703
chr6,148759501,148759675,5,174
chr6,148874568,148874991,5,423
chr6,148977501,148977578,5,77
chr6,148992362,148992463,5,101
chr6,149247780,149247866,5,86
chr6,149316985,149318306,48,1321
chr6,149450761,149451669,65,908
chr6,149456666,149456744,7,78
chr6,149474343,149475435,13,1092
chr6,149482303,149482480,7,177
chr6,149492306,149492422,6,116
chr6,149545708,149548024,70,2316
chr6,149562410,149562524,5,114
chr6,149565075,149567165,62,2090
chr6,149630552,149630744,5,192
chr6,149648418,149648764,19,346
chr6,149713484,149714095,7,611
chr6,149717723,149719071,49,1348
chr6,149744993,149746427,24,1434
chr6,149749536,149751246,33,1710
chr6,149757992,149758304,5,312
chr6,149862900,149864789,69,1889
chr6,149910667,149910823,5,156
chr6,149922637,149922773,8,136
chr6,149925637,149926533,33,896
chr6,149938634,149939059,30,425
chr6,149941239,149942465,41,1226
chr6,149954576,149955211,23,635
chr6,149963565,149965015,54,1450
chr6,149989418,149990948,50,1530
chr6,150004920,150005431,23,511
chr6,150012450,150012601,5,151
chr6,150014245,150014660,12,415
chr6,150025134,150026329,21,1195
chr6,150037516,150038644,37,1128
chr6,150052693,150053029,10,336
chr6,150054349,150055308,12,959
chr6,150056358,150057096,6,738
chr6,150068667,150069331,40,664
chr6,150071380,150072248,20,868
chr6,150081199,150081423,10,224
chr6,150088317,150089364,7,1047
chr6,150115840,150117150,15,1310
chr6,150142679,150143939,83,1260
chr6,150207398,150207496,6,98
chr6,150341891,150341941,6,50
chr6,150599332,150601171,83,1839
chr6,150682497,150683485,5,988
chr6,150805630,150806651,5,1021
chr6,150813229,150813615,10,386
chr6,150826207,150826314,6,107
chr6,150856330,150856685,12,355
chr6,150865878,150867516,92,1638
chr6,150897041,150897126,5,85
chr6,151110220,151110473,5,253
chr6,151122781,151124001,8,1220
chr6,151180056,151180229,6,173
chr6,151239737,151241171,59,1434
chr6,151250101,151250691,8,590
chr6,151251921,151251981,5,60
chr6,151325405,151325968,19,563
chr6,151338558,151338737,5,179
chr6,151341523,151341566,6,43
chr6,151349496,151351453,20,1957
chr6,151389725,151392093,133,2368
chr6,151401097,151401266,8,169
chr6,151424218,151424319,5,101
chr6,151451659,151452770,42,1111
chr6,151493679,151494588,28,909
chr6,151681743,151681937,8,194
chr6,151685181,151685226,5,45
chr6,151807393,151809487,74,2094
chr6,151911837,151911940,5,103
chr6,152183258,152183515,5,257
chr6,152238991,152239886,5,895
chr6,152269229,152269326,5,97
chr6,152302085,152302171,8,86
chr6,152362981,152363646,10,665
chr6,152606252,152607077,7,825
chr6,152636699,152637396,44,697
chr6,152875801,152875900,5,99
chr6,152959583,152959635,5,52
chr6,152982482,152984298,63,1816
chr6,153002728,153003153,25,425
chr6,153037586,153038121,5,535
chr6,153129858,153131895,142,2037
chr6,153282657,153282708,6,51
chr6,153626172,153626221,5,49
chr6,153937998,153939331,11,1333
chr6,154039670,154039726,6,56
chr6,154083664,154083771,6,107
chr6,154229372,154229510,6,138
chr6,154441971,154443042,8,1071
chr6,154463180,154463230,5,50
chr6,154509542,154510850,80,1308
chr6,154553657,154553831,6,174
chr6,154649448,154649931,9,483
chr6,154730734,154731481,14,747
chr6,154733053,154734334,66,1281
chr6,154735616,154736491,5,875
chr6,154737676,154737817,5,141
chr6,154894857,154895804,5,947
chr6,154990126,154990270,5,144
chr6,154995019,154996025,88,1006
chr6,155112921,155113190,6,269
chr6,155129678,155129717,5,39
chr6,155173975,155175020,5,1045
chr6,155248038,155248240,14,202
chr6,155256536,155256900,7,364
chr6,155314085,155314773,36,688
chr6,155458556,155458680,5,124
chr6,155736052,155736203,5,151
chr6,156053768,156053893,6,125
chr6,156111705,156112114,5,409
chr6,156339572,156339692,5,120
chr6,156396701,156396916,7,215
chr6,156445626,156445867,6,241
chr6,156595459,156596200,5,741
chr6,156598333,156599321,12,988
chr6,156630966,156631052,7,86
chr6,156686747,156688218,52,1471
chr6,156719322,156720164,19,842
chr6,156777084,156779847,149,2763
chr6,156961379,156961497,7,118
chr6,156980627,156980737,5,110
chr6,156989842,156990332,5,490
chr6,157020983,157021814,46,831
chr6,157084733,157084819,6,86
chr6,157118201,157118447,5,246
chr6,157136473,157136776,5,303
chr6,157197292,157197331,6,39
chr6,157200394,157200898,7,504
chr6,157217082,157219402,16,2320
chr6,157221037,157222150,10,1113
chr6,157227338,157228665,26,1327
chr6,157235609,157237747,73,2138
chr6,157273523,157275195,57,1672
chr6,157312628,157314069,12,1441
chr6,157323364,157324350,32,986
chr6,157374410,157374627,5,217
chr6,157380244,157382439,152,2195
chr6,157421417,157421768,8,351
chr6,157447043,157447525,10,482
chr6,157455682,157456120,8,438
chr6,157465898,157465949,5,51
chr6,157492005,157492370,7,365
chr6,157510750,157510901,7,151
chr6,157516805,157517403,8,598
chr6,157539463,157540061,5,598
chr6,157542579,157542690,6,111
chr6,157548394,157549268,10,874
chr6,157556717,157557082,9,365
chr6,157593190,157593663,11,473
chr6,157635697,157636019,7,322
chr6,157645528,157645612,5,84
chr6,157672851,157672930,10,79
chr6,157721205,157722410,10,1205
chr6,157731154,157731280,5,126
chr6,157756813,157756897,5,84
chr6,157763499,157764681,8,1182
chr6,157774595,157775530,5,935
chr6,157822530,157824058,123,1528
chr6,157858224,157858339,5,115
chr6,157944688,157945154,6,466
chr6,157954652,157954698,5,46
chr6,157981065,157982334,69,1269
chr6,157990645,157991537,10,892
chr6,158017878,158018181,5,303
chr6,158037067,158037494,8,427
chr6,158060078,158060841,5,763
chr6,158087415,158089923,8,2508
chr6,158167884,158168539,29,655
chr6,158204785,158205067,6,282
chr6,158214862,158215353,7,491
chr6,158216791,158217062,14,271
chr6,158220518,158220751,6,233
chr6,158230745,158232833,73,2088
chr6,158242761,158242946,6,185
chr6,158403500,158403626,7,126
chr6,158408516,158408716,6,200
chr6,158421286,158421492,7,206
chr6,158435544,158436750,17,1206
chr6,158479781,158479841,5,60
chr6,158506204,158506392,7,188
chr6,158516390,158516548,19,158
chr6,158530913,158531181,6,268
chr6,158536417,158537165,31,748
chr6,158548942,158549203,5,261
chr6,158558862,158561008,44,2146
chr6,158564793,158565163,5,370
chr6,158573208,158573375,7,167
chr6,158627907,158629070,13,1163
chr6,158631250,158631910,9,660
chr6,158644271,158645138,52,867
chr6,158648267,158648507,6,240
chr6,158660121,158660259,5,138
chr6,158663016,158663055,6,39
chr6,158665423,158665477,5,54
chr6,158703374,158705503,22,2129
chr6,158744456,158744614,5,158
chr6,158757114,158757373,9,259
chr6,158758711,158759012,6,301
chr6,158766990,158767417,10,427
chr6,158818222,158819480,88,1258
chr6,158827523,158827885,6,362
chr6,158838151,158838365,5,214
chr6,158869673,158869922,24,249
chr6,158892724,158893642,5,918
chr6,158939073,158939885,12,812
chr6,158995789,158995866,5,77
chr6,158999453,159000060,24,607
chr6,159044914,159045063,5,149
chr6,159098745,159098995,9,250
chr6,159127462,159128295,7,833
chr6,159168565,159170273,101,1708
chr6,159218020,159218298,9,278
chr6,159232157,159232249,7,92
chr6,159233539,159233626,8,87
chr6,159315333,159316409,15,1076
chr6,159455762,159456092,7,330
chr6,159630256,159630510,5,254
chr6,159692547,159694688,53,2141
chr6,159727041,159727923,56,882
chr6,159761415,159762659,48,1244
chr6,159763732,159763829,8,97
chr6,159788927,159791019,86,2092
chr6,159800435,159801049,7,614
chr6,159837364,159837700,6,336
chr6,159897064,159898083,6,1019
chr6,159967743,159967792,6,49
chr6,159968858,159970906,85,2048
chr6,160004608,160006061,24,1453
chr6,160081057,160081698,5,641
chr6,160134289,160134625,11,336
chr6,160140152,160140741,5,589
chr6,160161464,160161555,5,91
chr6,160258346,160258609,19,263
chr6,160347325,160349575,55,2250
chr6,160363002,160363450,7,448
chr6,160487282,160487455,7,173
chr6,160520087,160520678,32,591
chr6,160564641,160564773,6,132
chr6,160608281,160608687,5,406
chr6,160678976,160679568,19,592
chr6,160766957,160767576,40,619
chr6,160925885,160926472,20,587
chr6,160931053,160931353,17,300
chr6,160991360,160992319,62,959
chr6,161152044,161152441,6,397
chr6,161162390,161162835,10,445
chr6,161243313,161243693,5,380
chr6,161261323,161261558,6,235
chr6,161273620,161273994,11,374
chr6,161355207,161355813,6,606
chr6,161363897,161364382,6,485
chr6,161366791,161367083,5,292
chr6,161439139,161440043,21,904
chr6,161743344,161743654,5,310
chr6,161797180,161797335,5,155
chr6,161813353,161813540,5,187
chr6,161833113,161833615,9,502
chr6,161873250,161873513,8,263
chr6,161880561,161881376,6,815
chr6,161916722,161916962,11,240
chr6,161953204,161953610,5,406
chr6,161961384,161962083,5,699
chr6,161973989,161974087,7,98
chr6,161977647,161977708,5,61
chr6,162272551,162272915,6,364
chr6,162293839,162294188,9,349
chr6,162366823,162367058,5,235
chr6,162429737,162429885,5,148
chr6,162727269,162727973,49,704
chr6,163078427,163078677,5,250
chr6,163137408,163137791,11,383
chr6,163148924,163150936,30,2012
chr6,163186952,163187059,5,107
chr6,163283841,163285850,11,2009
chr6,163309764,163310904,12,1140
chr6,163312528,163312620,5,92
chr6,163317957,163318210,5,253
chr6,163323335,163323472,8,137
chr6,163335217,163336121,25,904
chr6,163346460,163346634,7,174
chr6,163349628,163349837,5,209
chr6,163353978,163354267,5,289
chr6,163377847,163378110,5,263
chr6,163399628,163399972,7,344
chr6,163413720,163416607,71,2887
chr6,163590615,163590681,6,66
chr6,163602815,163603123,12,308
chr6,163607869,163608092,6,223
chr6,163609230,163610261,5,1031
chr6,163630238,163631707,39,1469
chr6,163635752,163635924,6,172
chr6,163645453,163645738,7,285
chr6,163714281,163714603,7,322
chr6,163819395,163820593,6,1198
chr6,163824427,163824904,9,477
chr6,163834530,163835029,8,499
chr6,163844053,163844103,6,50
chr6,163863779,163864397,11,618
chr6,163866958,163867472,8,514
chr6,163918788,163919528,9,740
chr6,163935577,163935782,5,205
chr6,163971992,163972056,5,64
chr6,163988163,163988264,5,101
chr6,164085372,164086617,9,1245
chr6,164144522,164145384,10,862
chr6,164337238,164337300,6,62
chr6,164686211,164686243,5,32
chr6,164927740,164927762,6,22
chr6,165001913,165001986,6,73
chr6,165203852,165203929,6,77
chr6,165577967,165578095,5,128
chr6,165599859,165600672,8,813
chr6,165660344,165664646,203,4302
chr6,165708206,165708306,5,100
chr6,165712830,165712935,5,105
chr6,165726172,165726528,8,356
chr6,165792370,165792613,6,243
chr6,165804635,165805860,24,1225
chr6,165819513,165819742,11,229
chr6,165823005,165823121,5,116
chr6,165827091,165827363,22,272
chr6,165850222,165850346,7,124
chr6,165854274,165854580,22,306
chr6,165917752,165918020,9,268
chr6,165974964,165975209,5,245
chr6,165988096,165989316,47,1220
chr6,166005469,166006134,15,665
chr6,166008511,166008683,16,172
chr6,166097698,166097874,11,176
chr6,166158456,166158543,7,87
chr6,166165569,166165675,7,106
chr6,166166744,166169691,134,2947
chr6,166228215,166229410,6,1195
chr6,166244263,166244860,6,597
chr6,166252610,166254123,40,1513
chr6,166275860,166275900,5,40
chr6,166298074,166298260,8,186
chr6,166306726,166308636,55,1910
chr6,166333445,166333608,10,163
chr6,166342587,166343952,35,1365
chr6,166382140,166384244,90,2104
chr6,166393713,166393757,6,44
chr6,166399776,166399864,7,88
chr6,166400878,166402662,11,1784
chr6,166412003,166412609,17,606
chr6,166422650,166423259,8,609
chr6,166436899,166437942,7,1043
chr6,166441765,166441964,6,199
chr6,166455315,166455827,21,512
chr6,166460538,166463550,10,3012
chr6,166470282,166471259,13,977
chr6,166478357,166478471,5,114
chr6,166488204,166488366,9,162
chr6,166493370,166493747,13,377
chr6,166497469,166497614,8,145
chr6,166501509,166502487,10,978
chr6,166505242,166506133,27,891
chr6,166508216,166508413,7,197
chr6,166532446,166534312,14,1866
chr6,166563192,166563364,10,172
chr6,166615573,166616595,8,1022
chr6,166625613,166628638,111,3025
chr6,166656552,166658608,14,2056
chr6,166691113,166691503,5,390
chr6,166713168,166713734,5,566
chr6,166748274,166748455,8,181
chr6,166782422,166782733,6,311
chr6,166810562,166810960,5,398
chr6,166852566,166852678,7,112
chr6,166862238,166863055,36,817
chr6,166898848,166902541,105,3693
chr6,166903704,166904163,6,459
chr6,166954905,166958100,74,3195
chr6,166998245,166999699,101,1454
chr6,167098442,167098609,5,167
chr6,167116778,167119043,17,2265
chr6,167130866,167131476,11,610
chr6,167146298,167146400,7,102
chr6,167157206,167158096,12,890
chr6,167201082,167201216,7,134
chr6,167218522,167218629,5,107
chr6,167221538,167221786,10,248
chr6,167237439,167237826,6,387
chr6,167239231,167240241,6,1010
chr6,167248028,167248721,18,693
chr6,167286743,167287179,10,436
chr6,167295212,167295344,6,132
chr6,167339973,167340187,7,214
chr6,167350331,167351373,30,1042
chr6,167408082,167409135,12,1053
chr6,167420398,167420433,5,35
chr6,167424263,167424391,5,128
chr6,167437355,167437992,9,637
chr6,167468161,167468471,9,310
chr6,167497516,167497766,5,250
chr6,167522139,167523993,13,1854
chr6,167531156,167531206,6,50
chr6,167546865,167547118,6,253
chr6,167551053,167551692,5,639
chr6,167570240,167570802,8,562
chr6,167666325,167666559,5,234
chr6,167676340,167676595,8,255
chr6,167678197,167679138,31,941
chr6,167690523,167691315,9,792
chr6,167700812,167701118,6,306
chr6,167704040,167704612,7,572
chr6,167706285,167707108,5,823
chr6,167714768,167715261,7,493
chr6,167721927,167721975,5,48
chr6,167737475,167738606,13,1131
chr6,167758009,167758434,8,425
chr6,167767674,167768686,11,1012
chr6,167795435,167796671,26,1236
chr6,167815844,167815981,5,137
chr6,167825790,167827854,126,2064
chr6,167965885,167965908,5,23
chr6,167977879,167978529,33,650
chr6,167985975,167986118,11,143
chr6,167989506,167991845,41,2339
chr6,167995721,167996731,9,1010
chr6,167999161,167999199,5,38
chr6,168016373,168017063,12,690
chr6,168035234,168035815,9,581
chr6,168042250,168042577,12,327
chr6,168044085,168044718,7,633
chr6,168051250,168053302,20,2052
chr6,168060586,168061130,6,544
chr6,168064926,168065088,11,162
chr6,168072028,168072605,8,577
chr6,168078340,168080723,21,2383
chr6,168082323,168082428,5,105
chr6,168093783,168093988,5,205
chr6,168095845,168096394,7,549
chr6,168097780,168098578,11,798
chr6,168101226,168101974,42,748
chr6,168111177,168112149,6,972
chr6,168125618,168125768,6,150
chr6,168128089,168128564,6,475
chr6,168130574,168131652,7,1078
chr6,168132827,168133358,18,531
chr6,168148898,168149200,5,302
chr6,168156044,168156222,6,178
chr6,168193791,168193853,5,62
chr6,168195284,168195930,7,646
chr6,168212893,168213547,24,654
chr6,168217487,168218051,11,564
chr6,168225064,168225165,5,101
chr6,168229387,168229689,14,302
chr6,168259788,168260881,12,1093
chr6,168279620,168280530,11,910
chr6,168299771,168299798,5,27
chr6,168301091,168301458,7,367
chr6,168307582,168308006,23,424
chr6,168311280,168312329,6,1049
chr6,168319070,168320242,54,1172
chr6,168344895,168346268,15,1373
chr6,168370378,168370938,30,560
chr6,168374852,168374963,5,111
chr6,168377011,168377789,13,778
chr6,168384226,168385286,15,1060
chr6,168396568,168396643,5,75
chr6,168413450,168413951,14,501
chr6,168417331,168417489,5,158
chr6,168440498,168442813,122,2315
chr6,168454611,168455951,9,1340
chr6,168458160,168459835,15,1675
chr6,168495397,168495715,7,318
chr6,168496943,168497563,12,620
chr6,168516810,168518183,15,1373
chr6,168535806,168537216,11,1410
chr6,168555125,168556163,21,1038
chr6,168562678,168563897,13,1219
chr6,168571331,168571471,5,140
chr6,168574474,168574760,7,286
chr6,168581480,168582923,16,1443
chr6,168607097,168607223,5,126
chr6,168649888,168650687,7,799
chr6,168674847,168676428,10,1581
chr6,168686156,168686235,7,79
chr6,168697554,168698286,6,732
chr6,168729510,168730338,7,828
chr6,168761495,168761619,6,124
chr6,168788825,168788957,6,132
chr6,168826323,168826784,11,461
chr6,168838063,168838999,5,936
chr6,168860523,168861252,13,729
chr6,168867479,168868606,7,1127
chr6,168873747,168874042,10,295
chr6,168884748,168884947,7,199
chr6,168887167,168887817,12,650
chr6,168890137,168890924,8,787
chr6,168927358,168929101,11,1743
chr6,168932485,168932730,5,245
chr6,168934777,168934937,5,160
chr6,168962726,168964389,15,1663
chr6,168999601,168999809,6,208
chr6,169024345,169024603,22,258
chr6,169072802,169072883,5,81
chr6,169094022,169094682,5,660
chr6,169097451,169097559,5,108
chr6,169139515,169139809,17,294
chr6,169157500,169158449,11,949
chr6,169160279,169161109,7,830
chr6,169167184,169167755,26,571
chr6,169185494,169187096,17,1602
chr6,169191892,169192417,11,525
chr6,169213043,169214354,35,1311
chr6,169222206,169223260,24,1054
chr6,169234829,169235078,12,249
chr6,169240347,169241193,13,846
chr6,169248460,169248859,21,399
chr6,169251928,169253810,26,1882
chr6,169326060,169326204,6,144
chr6,169340660,169340771,7,111
chr6,169377830,169378010,5,180
chr6,169419801,169421053,10,1252
chr6,169502101,169502722,20,621
chr6,169525236,169525392,7,156
chr6,169577208,169577797,22,589
chr6,169625479,169625740,9,261
chr6,169642581,169642646,5,65
chr6,169665503,169665881,6,378
chr6,169697445,169697592,8,147
chr6,169701476,169702918,61,1442
chr6,169722890,169725701,124,2811
chr6,169751411,169751904,22,493
chr6,169766828,169767152,7,324
chr6,169789558,169790115,7,557
chr6,169810623,169810836,6,213
chr6,169824068,169824361,5,293
chr6,169838961,169839200,14,239
chr6,169848627,169849093,9,466
chr6,169851821,169852679,6,858
chr6,169864651,169865074,15,423
chr6,169887617,169887985,7,368
chr6,169899202,169900062,15,860
chr6,169903259,169903294,5,35
chr6,169905574,169905763,5,189
chr6,169921864,169922657,9,793
chr6,169932394,169933028,12,634
chr6,169934498,169936846,23,2348
chr6,169938536,169940993,35,2457
chr6,169957808,169957933,8,125
chr6,169959437,169959786,5,349
chr6,169961885,169964197,69,2312
chr6,169969623,169972013,19,2390
chr6,169975433,169978187,25,2754
chr6,169983316,169983360,5,44
chr6,169984577,169985278,5,701
chr6,169988672,169988852,6,180
chr6,170006987,170007765,6,778
chr6,170009495,170009589,5,94
chr6,170011057,170011376,5,319
chr6,170022991,170024188,51,1197
chr6,170048944,170050990,13,2046
chr6,170058292,170058737,6,445
chr6,170064029,170064379,5,350
chr6,170075076,170076651,14,1575
chr6,170080999,170081146,10,147
chr6,170083383,170083888,9,505
chr6,170087191,170087714,23,523
chr6,170088738,170090031,6,1293
chr6,170094390,170094639,11,249
chr6,170098222,170099222,11,1000
chr6,170102935,170103102,7,167
chr6,170129703,170130655,6,952
chr6,170134124,170134462,6,338
chr6,170136366,170138274,59,1908
chr6,170147083,170148202,5,1119
chr6,170151948,170154181,34,2233
chr6,170158628,170160490,29,1862
chr6,170161539,170162660,12,1121
chr6,170172894,170172987,6,93
chr6,170175755,170177324,35,1569
chr6,170178764,170178849,6,85
chr6,170209595,170209790,10,195
chr6,170212727,170213839,10,1112
chr6,170227177,170227760,5,583
chr6,170236190,170236349,5,159
chr6,170238630,170238975,8,345
chr6,170241974,170242079,5,105
chr6,170247386,170249241,16,1855
chr6,170250665,170250763,5,98
chr6,170256698,170256843,5,145
chr6,170260619,170260816,6,197
chr6,170264850,170265745,7,895
chr6,170268500,170269549,13,1049
chr6,170271951,170272173,9,222
chr6,170276824,170277045,9,221
chr6,170280442,170280799,7,357
chr6,170283570,170285099,12,1529
chr6,170286903,170287190,5,287
chr6,170288331,170292710,122,4379
chr6,170295532,170297620,138,2088
chr6,170306091,170306953,51,862
chr6,170326941,170327935,15,994
chr6,170421200,170421386,11,186
chr6,170422957,170423298,21,341
chr6,170438465,170438531,6,66
chr6,170445585,170445685,6,100
chr6,170450028,170450101,12,73
chr6,170451622,170452446,7,824
chr6,170455219,170455604,9,385
chr6,170499855,170499981,5,126
chr6,170552940,170554609,24,1669
chr6,170583913,170584792,44,879
chr7,30864,31602,12,738
chr7,56499,56863,11,364
chr7,68801,68961,9,160
chr7,79712,79914,5,202
chr7,85763,85989,5,226
chr7,119443,120629,8,1186
chr7,129856,130040,6,184
chr7,134496,134659,6,163
chr7,142775,143040,5,265
chr7,149191,150651,33,1460
chr7,156838,156974,5,136
chr7,162421,162890,8,469
chr7,169964,170064,5,100
chr7,171592,171707,7,115
chr7,185134,186798,15,1664
chr7,188885,188970,5,85
chr7,190685,193941,140,3256
chr7,195593,196076,11,483
chr7,201014,201793,7,779
chr7,205281,205327,7,46
chr7,207586,207860,7,274
chr7,209964,211802,19,1838
chr7,213703,214920,21,1217
chr7,216899,218310,18,1411
chr7,219442,219526,8,84
chr7,223452,223758,9,306
chr7,226623,226665,6,42
chr7,229162,229323,6,161
chr7,230970,235316,34,4346
chr7,236744,236846,9,102
chr7,241283,241492,8,209
chr7,246008,246630,10,622
chr7,253402,254220,19,818
chr7,256531,257944,10,1413
chr7,259735,260081,18,346
chr7,264486,265381,14,895
chr7,266492,267577,19,1085
chr7,269271,270499,16,1228
chr7,282835,283874,8,1039
chr7,289107,291555,98,2448
chr7,321685,322343,24,658
chr7,328173,328496,9,323
chr7,329954,330827,8,873
chr7,332085,333682,47,1597
chr7,341084,341833,6,749
chr7,343352,343715,7,363
chr7,346132,346835,24,703
chr7,348040,349574,18,1534
chr7,351329,353912,38,2583
chr7,359596,360721,21,1125
chr7,362597,362674,7,77
chr7,368442,369981,34,1539
chr7,372264,373561,25,1297
chr7,374683,380285,109,5602
chr7,391436,391837,7,401
chr7,405053,405841,6,788
chr7,409003,411894,34,2891
chr7,414970,415817,11,847
chr7,421270,423775,29,2505
chr7,425270,425413,9,143
chr7,429651,430034,16,383
chr7,433304,436660,33,3356
chr7,437708,437920,14,212
chr7,441028,441938,10,910
chr7,444762,447305,19,2543
chr7,452258,453724,27,1466
chr7,454882,455820,25,938
chr7,460148,465728,57,5580
chr7,469740,469803,5,63
chr7,471701,473286,23,1585
chr7,475282,477430,17,2148
chr7,480271,480852,6,581
chr7,491417,495229,60,3812
chr7,500924,501313,20,389
chr7,506898,508146,8,1248
chr7,510126,510857,8,731
chr7,511926,512314,6,388
chr7,513716,513842,9,126
chr7,515322,522964,298,7642
chr7,526719,526830,6,111
chr7,530266,530559,15,293
chr7,537074,538065,7,991
chr7,539301,539784,11,483
chr7,543174,543435,7,261
chr7,548256,548665,6,409
chr7,551778,556717,40,4939
chr7,559469,559674,12,205
chr7,561544,564178,10,2634
chr7,568501,571953,47,3452
chr7,573034,573974,32,940
chr7,576597,578774,34,2177
chr7,582613,584865,20,2252
chr7,589888,595514,76,5626
chr7,599173,599422,9,249
chr7,600586,602691,29,2105
chr7,604324,604793,16,469
chr7,615349,616486,13,1137
chr7,617771,618092,8,321
chr7,627548,628226,5,678
chr7,631457,632924,12,1467
chr7,636963,637212,7,249
chr7,638244,638406,5,162
chr7,659496,660326,17,830
chr7,666067,666408,7,341
chr7,670790,670929,14,139
chr7,676461,677176,8,715
chr7,681970,682287,5,317
chr7,684297,684534,5,237
chr7,691723,692784,11,1061
chr7,694209,694310,5,101
chr7,697376,697501,7,125
chr7,705748,706091,5,343
chr7,710417,712777,55,2360
chr7,716356,716497,5,141
chr7,726370,727496,42,1126
chr7,755687,756715,8,1028
chr7,767766,768001,17,235
chr7,773885,774641,20,756
chr7,777308,778063,11,755
chr7,781371,782584,29,1213
chr7,794609,794999,13,390
chr7,801105,802723,15,1618
chr7,806392,806704,5,312
chr7,812969,817569,116,4600
chr7,835816,836050,6,234
chr7,837257,837330,5,73
chr7,847251,848185,17,934
chr7,856099,856966,17,867
chr7,866559,867331,12,772
chr7,876117,878089,102,1972
chr7,882539,882602,9,63
chr7,883858,885071,14,1213
chr7,886103,887464,16,1361
chr7,891468,891573,11,105
chr7,895925,896842,10,917
chr7,898113,898180,5,67
chr7,899516,899774,10,258
chr7,901741,901962,10,221
chr7,903868,905115,11,1247
chr7,907029,910410,62,3381
chr7,913791,914404,14,613
chr7,916865,916948,6,83
chr7,919459,926933,101,7474
chr7,928521,929031,8,510
chr7,935102,935815,31,713
chr7,937871,938662,11,791
chr7,945850,946614,11,764
chr7,951912,955385,93,3473
chr7,959071,960787,29,1716
chr7,963652,965940,20,2288
chr7,967552,968663,13,1111
chr7,970323,971698,6,1375
chr7,974972,975877,67,905
chr7,982512,985249,44,2737
chr7,986748,988977,30,2229
chr7,990927,991818,9,891
chr7,993454,998154,46,4700
chr7,999326,1000599,12,1273
chr7,1005668,1005803,5,135
chr7,1012414,1013143,16,729
chr7,1022890,1022909,7,19
chr7,1027353,1028553,63,1200
chr7,1030319,1031885,9,1566
chr7,1044568,1044843,22,275
chr7,1048087,1048589,5,502
chr7,1054244,1054489,7,245
chr7,1055654,1057102,15,1448
chr7,1064191,1064309,9,118
chr7,1065506,1066499,37,993
chr7,1075396,1076968,12,1572
chr7,1078585,1078765,5,180
chr7,1086955,1087318,13,363
chr7,1091717,1092443,11,726
chr7,1093505,1093807,7,302
chr7,1098069,1099267,13,1198
chr7,1103836,1104680,10,844
chr7,1107991,1108363,7,372
chr7,1117444,1117699,6,255
chr7,1119434,1121248,6,1814
chr7,1122631,1123867,30,1236
chr7,1138017,1139053,54,1036
chr7,1153966,1154416,5,450
chr7,1158908,1160981,74,2073
chr7,1172632,1173670,8,1038
chr7,1175936,1176407,18,471
chr7,1180388,1182018,14,1630
chr7,1193949,1194480,10,531
chr7,1202081,1203018,5,937
chr7,1210490,1211763,9,1273
chr7,1214595,1214682,6,87
chr7,1219287,1220793,13,1506
chr7,1223883,1227449,104,3566
chr7,1229118,1239792,326,10674
chr7,1240846,1244340,94,3494
chr7,1245378,1249728,109,4350
chr7,1253963,1256283,23,2320
chr7,1257491,1258237,10,746
chr7,1259813,1260428,10,615
chr7,1262110,1262207,5,97
chr7,1263507,1264642,18,1135
chr7,1269504,1270740,11,1236
chr7,1274686,1276564,53,1878
chr7,1278270,1279421,10,1151
chr7,1284955,1286363,15,1408
chr7,1288487,1291217,80,2730
chr7,1292551,1294631,23,2080
chr7,1296085,1301098,39,5013
chr7,1310551,1312267,20,1716
chr7,1316996,1317644,11,648
chr7,1323101,1326242,43,3141
chr7,1330616,1332065,17,1449
chr7,1340606,1340741,7,135
chr7,1345376,1349755,32,4379
chr7,1358081,1358579,5,498
chr7,1359782,1360366,10,584
chr7,1361937,1362937,8,1000
chr7,1364168,1364756,13,588
chr7,1366866,1366965,6,99
chr7,1368728,1370058,45,1330
chr7,1372898,1373506,10,608
chr7,1385021,1388123,32,3102
chr7,1389210,1389264,5,54
chr7,1395424,1396341,19,917
chr7,1398782,1400769,12,1987
chr7,1403495,1405355,26,1860
chr7,1407556,1409148,18,1592
chr7,1411485,1414197,29,2712
chr7,1419339,1421460,29,2121
chr7,1422648,1422760,6,112
chr7,1426455,1426588,5,133
chr7,1428607,1429237,19,630
chr7,1430783,1432945,15,2162
chr7,1434361,1435174,10,813
chr7,1438197,1438248,5,51
chr7,1439807,1440298,9,491
chr7,1441713,1442367,9,654
chr7,1444379,1444753,15,374
chr7,1446642,1449721,26,3079
chr7,1450811,1454054,21,3243
chr7,1456988,1457896,8,908
chr7,1458968,1460316,75,1348
chr7,1461544,1465084,26,3540
chr7,1466756,1470529,38,3773
chr7,1471923,1472657,13,734
chr7,1474458,1474852,16,394
chr7,1476417,1477606,24,1189
chr7,1478744,1480519,36,1775
chr7,1482458,1482747,17,289
chr7,1486960,1487271,8,311
chr7,1489155,1489872,8,717
chr7,1491124,1493689,17,2565
chr7,1495774,1496523,10,749
chr7,1497805,1498041,5,236
chr7,1499726,1499867,6,141
chr7,1501209,1504751,106,3542
chr7,1506179,1507944,10,1765
chr7,1509156,1509477,9,321
chr7,1510664,1512056,24,1392
chr7,1513201,1514490,15,1289
chr7,1520594,1520962,5,368
chr7,1523022,1523974,10,952
chr7,1528713,1535880,146,7167
chr7,1537187,1539187,17,2000
chr7,1542337,1542779,9,442
chr7,1544489,1544576,8,87
chr7,1547567,1548143,10,576
chr7,1550136,1551204,21,1068
chr7,1552947,1556688,32,3741
chr7,1557776,1562287,36,4511
chr7,1564225,1564812,9,587
chr7,1569517,1570619,80,1102
chr7,1575514,1576305,8,791
chr7,1580738,1580889,5,151
chr7,1585626,1588515,45,2889
chr7,1590346,1590905,8,559
chr7,1592211,1593305,11,1094
chr7,1598249,1598460,6,211
chr7,1601330,1602763,16,1433
chr7,1603896,1604369,19,473
chr7,1610056,1610446,12,390
chr7,1612504,1612674,7,170
chr7,1619504,1621963,61,2459
chr7,1634306,1634500,5,194
chr7,1638376,1640075,11,1699
chr7,1641351,1642022,5,671
chr7,1644876,1645508,17,632
chr7,1649377,1650036,6,659
chr7,1664152,1672460,299,8308
chr7,1674082,1676418,31,2336
chr7,1696855,1697691,5,836
chr7,1713021,1713279,6,258
chr7,1720245,1720701,5,456
chr7,1723957,1724705,5,748
chr7,1730053,1730253,5,200
chr7,1734313,1735190,13,877
chr7,1738466,1738763,8,297
chr7,1742271,1743768,28,1497
chr7,1745438,1750347,46,4909
chr7,1759295,1759592,8,297
chr7,1769346,1769843,29,497
chr7,1810686,1810770,6,84
chr7,1812482,1813904,22,1422
chr7,1815056,1815848,11,792
chr7,1817117,1819053,42,1936
chr7,1824420,1824868,12,448
chr7,1826616,1826873,14,257
chr7,1841704,1844240,19,2536
chr7,1849860,1853988,47,4128
chr7,1863246,1864330,13,1084
chr7,1867337,1869566,11,2229
chr7,1872938,1874226,20,1288
chr7,1879831,1881179,7,1348
chr7,1883850,1884460,6,610
chr7,1892685,1892777,5,92
chr7,1895630,1895743,5,113
chr7,1896782,1899072,35,2290
chr7,1901796,1902614,6,818
chr7,1906691,1909660,22,2969
chr7,1914461,1915408,13,947
chr7,1932683,1934296,7,1613
chr7,1936602,1936651,5,49
chr7,1938943,1942755,34,3812
chr7,1946650,1949865,26,3215
chr7,1966990,1969276,24,2286
chr7,1970906,1971057,5,151
chr7,1985825,1987896,34,2071
chr7,1995850,1996162,6,312
chr7,1999748,2001094,10,1346
chr7,2004391,2004574,8,183
chr7,2007598,2009370,12,1772
chr7,2010841,2011071,6,230
chr7,2014403,2017470,35,3067
chr7,2020125,2020644,12,519
chr7,2030657,2030808,9,151
chr7,2051612,2053298,12,1686
chr7,2061261,2061630,7,369
chr7,2068200,2070395,15,2195
chr7,2071735,2071870,5,135
chr7,2073642,2076177,28,2535
chr7,2077776,2078272,7,496
chr7,2079745,2082138,20,2393
chr7,2084422,2084468,5,46
chr7,2090791,2091334,5,543
chr7,2094714,2095234,7,520
chr7,2097247,2097392,6,145
chr7,2103975,2105102,13,1127
chr7,2106808,2107972,6,1164
chr7,2109242,2110381,9,1139
chr7,2114788,2115650,39,862
chr7,2123229,2126132,24,2903
chr7,2130659,2130979,10,320
chr7,2146254,2146350,8,96
chr7,2148565,2148631,5,66
chr7,2156500,2156648,5,148
chr7,2161882,2161923,5,41
chr7,2164971,2165287,6,316
chr7,2166965,2167505,7,540
chr7,2168746,2170080,15,1334
chr7,2193230,2193758,6,528
chr7,2223430,2223795,7,365
chr7,2232349,2233890,44,1541
chr7,2241297,2242430,43,1133
chr7,2245788,2247203,7,1415
chr7,2249403,2249462,7,59
chr7,2255779,2256289,6,510
chr7,2257890,2258103,5,213
chr7,2263615,2264991,10,1376
chr7,2299435,2299732,5,297
chr7,2306389,2307926,10,1537
chr7,2313450,2314791,48,1341
chr7,2319066,2319245,6,179
chr7,2320876,2321792,9,916
chr7,2336632,2337263,12,631
chr7,2350036,2351073,5,1037
chr7,2353955,2356428,79,2473
chr7,2365836,2366156,7,320
chr7,2380647,2383224,32,2577
chr7,2392821,2394711,7,1890
chr7,2402058,2404606,91,2548
chr7,2426713,2427264,7,551
chr7,2436661,2436965,12,304
chr7,2438978,2439706,7,728
chr7,2444208,2445523,9,1315
chr7,2448028,2448563,10,535
chr7,2451072,2452866,13,1794
chr7,2460271,2460435,9,164
chr7,2471209,2472101,14,892
chr7,2474904,2475772,10,868
chr7,2476825,2477667,6,842
chr7,2478709,2479107,16,398
chr7,2494410,2500393,36,5983
chr7,2501399,2501725,6,326
chr7,2502844,2503236,10,392
chr7,2504932,2505593,10,661
chr7,2507359,2509555,22,2196
chr7,2510915,2511981,20,1066
chr7,2518107,2521158,69,3051
chr7,2524589,2527542,42,2953
chr7,2529129,2530280,14,1151
chr7,2531298,2531973,27,675
chr7,2543471,2543578,6,107
chr7,2554402,2556259,59,1857
chr7,2558917,2559744,62,827
chr7,2563475,2563850,6,375
chr7,2567570,2567915,7,345
chr7,2570045,2570481,8,436
chr7,2576925,2577083,10,158
chr7,2586278,2586535,7,257
chr7,2594960,2595564,9,604
chr7,2598523,2598644,6,121
chr7,2601299,2602169,7,870
chr7,2603419,2603728,11,309
chr7,2605182,2607311,26,2129
chr7,2608600,2609066,5,466
chr7,2618980,2619114,5,134
chr7,2621328,2623702,16,2374
chr7,2624781,2625300,5,519
chr7,2630317,2635198,89,4881
chr7,2637294,2639731,24,2437
chr7,2641708,2641936,6,228
chr7,2643279,2647334,40,4055
chr7,2652419,2652754,5,335
chr7,2659653,2662753,43,3100
chr7,2665066,2665870,21,804
chr7,2676662,2677541,7,879
chr7,2679083,2680486,10,1403
chr7,2684673,2685188,11,515
chr7,2687925,2689278,58,1353
chr7,2692398,2692901,11,503
chr7,2697348,2697572,6,224
chr7,2698942,2699291,8,349
chr7,2700335,2700494,10,159
chr7,2702660,2703288,16,628
chr7,2707424,2707553,5,129
chr7,2708715,2710023,7,1308
chr7,2713658,2714141,6,483
chr7,2717679,2718912,20,1233
chr7,2724556,2724946,7,390
chr7,2731178,2731495,8,317
chr7,2734840,2735041,12,201
chr7,2736599,2737449,6,850
chr7,2787200,2787599,9,399
chr7,2843998,2844458,42,460
chr7,2863020,2863766,6,746
chr7,2865457,2865773,8,316
chr7,2892843,2893478,5,635
chr7,2894822,2895278,8,456
chr7,2906277,2906363,6,86
chr7,2913615,2914296,13,681
chr7,2918422,2919606,12,1184
chr7,2921362,2922351,6,989
chr7,2928648,2929797,24,1149
chr7,2931833,2932278,7,445
chr7,2943935,2944113,7,178
chr7,2960789,2961199,8,410
chr7,2978624,2980954,24,2330
chr7,2982466,2982808,8,342
chr7,2993627,2993774,6,147
chr7,2995678,2997389,11,1711
chr7,3034735,3035393,15,658
chr7,3042543,3044495,34,1952
chr7,3086659,3087529,5,870
chr7,3094509,3095022,9,513
chr7,3100830,3101943,8,1113
chr7,3178937,3179529,5,592
chr7,3252172,3252297,5,125
chr7,3279865,3280297,5,432
chr7,3285831,3286598,8,767
chr7,3300315,3301963,112,1648
chr7,3612816,3612880,5,64
chr7,3695783,3696050,7,267
chr7,3787999,3788200,5,201
chr7,3880445,3881119,10,674
chr7,3891090,3893281,12,2191
chr7,3910502,3910854,5,352
chr7,3918508,3919811,11,1303
chr7,3949041,3949140,5,99
chr7,3950650,3951864,13,1214
chr7,3963875,3963989,5,114
chr7,3998191,3998266,5,75
chr7,4010994,4011754,14,760
chr7,4026495,4026807,6,312
chr7,4040353,4040525,6,172
chr7,4091863,4092732,8,869
chr7,4102039,4102991,9,952
chr7,4106659,4106751,7,92
chr7,4107783,4108609,10,826
chr7,4134544,4135072,15,528
chr7,4137219,4137322,6,103
chr7,4144682,4144776,5,94
chr7,4145824,4145935,7,111
chr7,4160911,4161831,5,920
chr7,4163659,4163723,5,64
chr7,4166524,4166694,5,170
chr7,4170823,4173693,16,2870
chr7,4174804,4175628,14,824
chr7,4178328,4181268,12,2940
chr7,4185916,4186525,6,609
chr7,4190319,4190753,6,434
chr7,4196461,4196627,5,166
chr7,4199234,4199326,5,92
chr7,4203489,4204801,14,1312
chr7,4216043,4217197,18,1154
chr7,4228563,4229285,6,722
chr7,4235225,4236107,14,882
chr7,4259991,4261443,14,1452
chr7,4265293,4265660,17,367
chr7,4270050,4270910,5,860
chr7,4284516,4285119,5,603
chr7,4306282,4306467,8,185
chr7,4330828,4331397,10,569
chr7,4410164,4410275,5,111
chr7,4416304,4416746,6,442
chr7,4479388,4480501,8,1113
chr7,4601209,4601269,7,60
chr7,4612763,4613947,9,1184
chr7,4631691,4632041,8,350
chr7,4633845,4635062,8,1217
chr7,4641590,4642409,35,819
chr7,4650864,4650902,5,38
chr7,4676663,4676709,5,46
chr7,4682223,4684128,50,1905
chr7,4685867,4687335,13,1468
chr7,4688812,4690289,11,1477
chr7,4706842,4707639,18,797
chr7,4711934,4712353,9,419
chr7,4715487,4715800,6,313
chr7,4725263,4725751,14,488
chr7,4729914,4730227,5,313
chr7,4739711,4741421,30,1710
chr7,4742984,4745631,21,2647
chr7,4747268,4747628,7,360
chr7,4755320,4755391,5,71
chr7,4756689,4757274,13,585
chr7,4761158,4761275,11,117
chr7,4762455,4763939,26,1484
chr7,4765030,4766824,7,1794
chr7,4768596,4769948,9,1352
chr7,4775461,4776545,26,1084
chr7,4777548,4777656,6,108
chr7,4780475,4785389,48,4914
chr7,4788162,4789236,6,1074
chr7,4790376,4792372,24,1996
chr7,4793493,4793580,10,87
chr7,4801677,4804030,16,2353
chr7,4809153,4809921,23,768
chr7,4814764,4815012,6,248
chr7,4816261,4816555,12,294
chr7,4819393,4822125,28,2732
chr7,4824249,4824672,11,423
chr7,4827517,4827748,7,231
chr7,4832077,4832435,5,358
chr7,4834821,4835415,18,594
chr7,4837848,4838041,9,193
chr7,4845563,4845946,8,383
chr7,4861827,4861872,9,45
chr7,4876489,4883984,93,7495
chr7,4903864,4904892,6,1028
chr7,4910681,4912798,11,2117
chr7,4926120,4926383,5,263
chr7,4931913,4932586,6,673
chr7,4940237,4940790,12,553
chr7,4958784,4959286,28,502
chr7,4972847,4974981,69,2134
chr7,5012755,5013236,8,481
chr7,5045808,5046536,47,728
chr7,5070888,5071392,6,504
chr7,5072456,5073086,11,630
chr7,5082636,5083468,14,832
chr7,5085666,5086113,5,447
chr7,5113750,5114003,6,253
chr7,5134691,5135661,7,970
chr7,5144512,5144678,11,166
chr7,5146008,5146897,8,889
chr7,5160758,5161520,10,762
chr7,5166447,5166652,5,205
chr7,5174626,5176316,12,1690
chr7,5182108,5182678,9,570
chr7,5190107,5190640,55,533
chr7,5214790,5215520,9,730
chr7,5217948,5218122,8,174
chr7,5225798,5226052,9,254
chr7,5237146,5237403,13,257
chr7,5239824,5241355,23,1531
chr7,5248045,5248480,12,435
chr7,5273997,5274424,8,427
chr7,5283014,5284708,47,1694
chr7,5287825,5289786,11,1961
chr7,5295023,5297124,16,2101
chr7,5299447,5300905,11,1458
chr7,5303174,5304113,22,939
chr7,5315224,5316372,14,1148
chr7,5321577,5321906,7,329
chr7,5323545,5324186,7,641
chr7,5331529,5334389,36,2860
chr7,5344796,5346450,13,1654
chr7,5347558,5348609,9,1051
chr7,5349989,5350444,11,455
chr7,5356529,5356601,6,72
chr7,5361234,5363208,19,1974
chr7,5370840,5371150,8,310
chr7,5374388,5374456,5,68
chr7,5382537,5382611,5,74
chr7,5385010,5385489,10,479
chr7,5387878,5389305,61,1427
chr7,5396096,5397476,23,1380
chr7,5408223,5408418,6,195
chr7,5418641,5430273,334,11632
chr7,5431742,5433905,9,2163
chr7,5438585,5439600,5,1015
chr7,5442505,5443554,11,1049
chr7,5450622,5452713,18,2091
chr7,5457879,5458017,5,138
chr7,5470576,5471044,10,468
chr7,5481857,5482139,10,282
chr7,5485763,5488326,30,2563
chr7,5491704,5492437,6,733
chr7,5494642,5496109,28,1467
chr7,5513345,5514545,22,1200
chr7,5528617,5530908,106,2291
chr7,5534668,5534937,9,269
chr7,5541640,5543317,13,1677
chr7,5546046,5546692,11,646
chr7,5549278,5550178,10,900
chr7,5551457,5551745,6,288
chr7,5553039,5553510,7,471
chr7,5554991,5556772,101,1781
chr7,5558016,5558228,10,212
chr7,5563595,5566266,29,2671
chr7,5571290,5572010,5,720
chr7,5574099,5574931,13,832
chr7,5577703,5579286,18,1583
chr7,5586472,5586900,12,428
chr7,5589314,5590457,15,1143
chr7,5591606,5594847,99,3241
chr7,5596119,5596316,6,197
chr7,5597591,5597856,5,265
chr7,5599237,5600746,10,1509
chr7,5607113,5608425,23,1312
chr7,5610759,5612035,14,1276
chr7,5695393,5695457,5,64
chr7,5780410,5781797,88,1387
chr7,5793652,5793726,8,74
chr7,5801201,5802738,10,1537
chr7,5822978,5823298,18,320
chr7,5830258,5830501,5,243
chr7,5835178,5835777,5,599
chr7,5858535,5859790,9,1255
chr7,5995332,5996382,8,1050
chr7,6008866,6009672,56,806
chr7,6026041,6026435,12,394
chr7,6054364,6054430,5,66
chr7,6058840,6060324,34,1484
chr7,6076108,6076348,6,240
chr7,6077789,6078013,5,224
chr7,6080615,6081469,7,854
chr7,6103396,6105660,89,2264
chr7,6139750,6139834,6,84
chr7,6142975,6143160,8,185
chr7,6153906,6155089,84,1183
chr7,6159784,6160512,12,728
chr7,6163665,6166512,21,2847
chr7,6170509,6171286,20,777
chr7,6252604,6254098,9,1494
chr7,6271809,6272882,49,1073
chr7,6275498,6276720,7,1222
chr7,6294252,6294320,5,68
chr7,6302445,6302994,6,549
chr7,6323199,6323505,5,306
chr7,6327369,6328474,19,1105
chr7,6348098,6348870,33,772
chr7,6354243,6354926,5,683
chr7,6368980,6369095,5,115
chr7,6374304,6376594,57,2290
chr7,6383863,6383957,8,94
chr7,6396163,6399012,28,2849
chr7,6410865,6411039,6,174
chr7,6413554,6416721,25,3167
chr7,6423584,6424397,13,813
chr7,6426430,6426830,6,400
chr7,6443107,6443187,5,80
chr7,6447295,6448946,43,1651
chr7,6455679,6455748,5,69
chr7,6480973,6481575,5,602
chr7,6483434,6484474,47,1040
chr7,6485799,6486052,10,253
chr7,6497297,6497760,6,463
chr7,6503276,6504843,59,1567
chr7,6508082,6509134,12,1052
chr7,6510334,6511007,12,673
chr7,6520605,6520700,5,95
chr7,6526163,6526921,25,758
chr7,6530083,6531564,43,1481
chr7,6536449,6538766,21,2317
chr7,6544382,6545043,7,661
chr7,6551033,6551225,10,192
chr7,6576844,6578868,32,2024
chr7,6588845,6591992,72,3147
chr7,6604751,6608974,56,4223
chr7,6615394,6616209,61,815
chr7,6621968,6623896,36,1928
chr7,6636901,6638004,69,1103
chr7,6643080,6643253,5,173
chr7,6648522,6648694,5,172
chr7,6652624,6655548,126,2924
chr7,6664203,6664384,14,181
chr7,6706319,6706998,47,679
chr7,6725840,6726129,5,289
chr7,6729549,6730325,27,776
chr7,6842417,6842714,9,297
chr7,6844540,6845388,8,848
chr7,6855213,6855405,14,192
chr7,6873777,6874204,6,427
chr7,6923038,6923924,9,886
chr7,6935036,6935249,10,213
chr7,6955360,6956450,8,1090
chr7,6958538,6958729,11,191
chr7,7103829,7104084,5,255
chr7,7181666,7183299,38,1633
chr7,7478782,7478889,8,107
chr7,7501988,7502051,5,63
chr7,7529024,7529072,5,48
chr7,7565990,7567483,53,1493
chr7,7640379,7641650,12,1271
chr7,7716989,7717198,9,209
chr7,7968885,7970492,71,1607
chr7,8055924,8056191,5,267
chr7,8261243,8262574,70,1331
chr7,8433712,8435927,75,2215
chr7,8441944,8443051,53,1107
chr7,8915191,8915292,6,101
chr7,9046052,9046254,7,202
chr7,9189637,9190070,5,433
chr7,9321933,9322091,6,158
chr7,9620663,9620707,6,44
chr7,9726107,9727084,20,977
chr7,9872031,9872438,5,407
chr7,10434513,10434665,5,152
chr7,10940498,10940598,16,100
chr7,10973340,10974350,25,1010
chr7,10995830,10995872,6,42
chr7,11780915,11780960,5,45
chr7,11820467,11820814,6,347
chr7,11831782,11832461,14,679
chr7,12111560,12111904,13,344
chr7,12211206,12211490,14,284
chr7,12403246,12403797,7,551
chr7,12543776,12544337,7,561
chr7,12556196,12556510,14,314
chr7,12562559,12562663,5,104
chr7,12570677,12570820,15,143
chr7,12589196,12589502,10,306
chr7,12686657,12687541,67,884
chr7,12711902,12711951,5,49
chr7,12790626,12790746,7,120
chr7,12878420,12878477,5,57
chr7,12951310,12951501,6,191
chr7,13220477,13220513,5,36
chr7,13449934,13450032,6,98
chr7,13833032,13833100,5,68
chr7,13990853,13991786,28,933
chr7,14002621,14003274,16,653
chr7,14704533,14704628,6,95
chr7,14902650,14902942,8,292
chr7,15077388,15077511,6,123
chr7,15396275,15397416,18,1141
chr7,15685852,15687513,22,1661
chr7,15940266,15940302,5,36
chr7,16170856,16170932,7,76
chr7,16420963,16421564,38,601
chr7,16495796,16495989,6,193
chr7,16526692,16527037,13,345
chr7,16586770,16587904,9,1134
chr7,16616712,16616783,7,71
chr7,16644422,16646126,28,1704
chr7,16753651,16754332,37,681
chr7,16789750,16789800,5,50
chr7,16830114,16830357,6,243
chr7,16853327,16853465,5,138
chr7,17298453,17299444,62,991
chr7,17517757,17518382,5,625
chr7,17940271,17940706,20,435
chr7,17977600,17977660,6,60
chr7,18000861,18000962,6,101
chr7,18036364,18036461,9,97
chr7,18086557,18087378,48,821
chr7,18507351,18507587,5,236
chr7,18967990,18968086,7,96
chr7,19106583,19109053,23,2470
chr7,19112261,19112450,12,189
chr7,19116511,19118320,66,1809
chr7,19124682,19124909,5,227
chr7,19144947,19145348,16,401
chr7,19194618,19194753,8,135
chr7,19598794,19598862,5,68
chr7,19708809,19708866,8,57
chr7,19772975,19773532,12,557
chr7,20329909,20332003,57,2094
chr7,20449791,20449992,7,201
chr7,20760309,20760555,5,246
chr7,20777859,20779359,53,1500
chr7,20783304,20786976,131,3672
chr7,20790226,20791038,13,812
chr7,20798024,20798962,58,938
chr7,20803368,20803428,5,60
chr7,20810938,20810974,5,36
chr7,21169358,21170422,17,1064
chr7,21174251,21174267,5,16
chr7,21183601,21184520,7,919
chr7,21426813,21428346,33,1533
chr7,21536874,21536946,6,72
chr7,21543017,21543541,21,524
chr7,21726729,21727010,5,281
chr7,21748458,21748593,6,135
chr7,21944033,21946198,68,2165
chr7,21958576,21958675,7,99
chr7,21966900,21967827,6,927
chr7,22028739,22028796,8,57
chr7,22031607,22031733,8,126
chr7,22082943,22083254,23,311
chr7,22090475,22091532,8,1057
chr7,22290669,22290704,5,35
chr7,22356527,22357082,61,555
chr7,22444575,22445649,8,1074
chr7,22500179,22500998,19,819
chr7,22550450,22550600,7,150
chr7,22664746,22665700,13,954
chr7,22727667,22727703,5,36
chr7,22821334,22821914,10,580
chr7,22840574,22840798,5,224
chr7,22854074,22854328,20,254
chr7,22869895,22869955,5,60
chr7,23013424,23014446,52,1022
chr7,23026023,23026069,5,46
chr7,23105784,23106241,24,457
chr7,23127616,23127986,8,370
chr7,23181828,23183024,44,1196
chr7,23193819,23194570,14,751
chr7,23205957,23206389,41,432
chr7,23247501,23248021,27,520
chr7,23256986,23257442,5,456
chr7,23287359,23287936,5,577
chr7,23299241,23299831,39,590
chr7,23421102,23421870,6,768
chr7,23455778,23457292,15,1514
chr7,23467512,23471385,80,3873
chr7,23473632,23475036,55,1404
chr7,23483782,23483898,5,116
chr7,23528332,23528760,10,428
chr7,23530337,23533735,37,3398
chr7,23567085,23567216,5,131
chr7,23586146,23586312,8,166
chr7,23589718,23589887,6,169
chr7,23591938,23592379,7,441
chr7,23597386,23597894,55,508
chr7,23679933,23681240,60,1307
chr7,23904342,23905115,11,773
chr7,24104170,24104340,6,170
chr7,24139132,24139297,6,165
chr7,24238897,24239072,11,175
chr7,24283642,24285782,46,2140
chr7,24500344,24500581,10,237
chr7,24545916,24545961,5,45
chr7,24548953,24549140,5,187
chr7,24572556,24574542,109,1986
chr7,24680462,24680688,6,226
chr7,24726680,24726780,7,100
chr7,24756875,24758216,41,1341
chr7,24800980,24801069,5,89
chr7,24834181,24834881,12,700
chr7,24968419,24968523,5,104
chr7,24979025,24980790,68,1765
chr7,25053754,25054267,7,513
chr7,25092819,25092927,5,108
chr7,25125451,25125675,7,224
chr7,25179815,25180573,47,758
chr7,25298419,25298606,6,187
chr7,25529407,25529548,6,141
chr7,25569660,25570874,6,1214
chr7,25851362,25852988,71,1626
chr7,25854334,25854543,8,209
chr7,25856484,25856880,10,396
chr7,25858572,25859028,23,456
chr7,25860504,25862793,31,2289
chr7,25894913,25895631,15,718
chr7,25950461,25953058,73,2597
chr7,26058708,26058827,6,119
chr7,26114824,26114990,6,166
chr7,26148421,26148470,8,49
chr7,26152083,26154619,90,2536
chr7,26200608,26202415,86,1807
chr7,26243986,26244346,19,360
chr7,26260265,26260955,9,690
chr7,26271991,26272156,5,165
chr7,26276588,26278292,13,1704
chr7,26292073,26292391,13,318
chr7,26320142,26320524,5,382
chr7,26376241,26377872,44,1631
chr7,26397683,26398828,35,1145
chr7,26400198,26400360,8,162
chr7,26620504,26620613,5,109
chr7,26857546,26858034,8,488
chr7,26864311,26864877,29,566
chr7,26954501,26955192,8,691
chr7,26992572,26992681,7,109
chr7,27049461,27049757,7,296
chr7,27055910,27056074,5,164
chr7,27078099,27078532,9,433
chr7,27087930,27088210,19,280
chr7,27095947,27097116,58,1169
chr7,27098330,27099132,16,802
chr7,27102060,27104112,33,2052
chr7,27106546,27108585,42,2039
chr7,27110466,27110979,18,513
chr7,27113517,27114126,33,609
chr7,27115403,27115714,15,311
chr7,27122628,27124450,18,1822
chr7,27129069,27131932,63,2863
chr7,27139258,27139490,10,232
chr7,27141911,27145531,102,3620
chr7,27147361,27148072,49,711
chr7,27149377,27149570,5,193
chr7,27151370,27153152,23,1782
chr7,27154864,27158777,85,3913
chr7,27159984,27161672,49,1688
chr7,27164391,27167251,85,2860
chr7,27168435,27170279,53,1844
chr7,27172809,27176090,90,3281
chr7,27179878,27180057,12,179
chr7,27183250,27186153,101,2903
chr7,27188011,27189499,52,1488
chr7,27192558,27193658,41,1100
chr7,27198555,27201184,50,2629
chr7,27204918,27205278,34,360
chr7,27213106,27214152,36,1046
chr7,27220438,27220798,36,360
chr7,27225289,27225903,17,614
chr7,27239155,27241030,54,1875
chr7,27243040,27246813,126,3773
chr7,27249444,27250213,7,769
chr7,27251451,27253181,56,1730
chr7,27256263,27257096,6,833
chr7,27498714,27498838,5,124
chr7,27593954,27594187,6,233
chr7,27662396,27663694,15,1298
chr7,27728764,27729098,7,334
chr7,27740161,27740779,18,618
chr7,27856249,27857360,13,1111
chr7,28073249,28073689,5,440
chr7,28178630,28180813,93,2183
chr7,28226998,28227890,7,892
chr7,28408277,28410885,80,2608
chr7,28533111,28533379,6,268
chr7,28685741,28687232,8,1491
chr7,28847816,28847951,5,135
chr7,28853996,28854393,30,397
chr7,28926761,28927047,15,286
chr7,28955750,28958810,111,3060
chr7,29193917,29195377,86,1460
chr7,29252487,29252688,7,201
chr7,29345628,29345796,5,168
chr7,29401965,29402462,8,497
chr7,29562536,29566646,107,4110
chr7,29649740,29650442,14,702
chr7,29684710,29685786,40,1076
chr7,29805888,29807590,76,1702
chr7,29872720,29872829,7,109
chr7,29884148,29885141,22,993
chr7,29988665,29990131,69,1466
chr7,30016689,30017493,6,804
chr7,30026711,30026944,13,233
chr7,30028290,30028812,38,522
chr7,30092494,30092710,5,216
chr7,30109512,30109764,6,252
chr7,30134678,30136187,63,1509
chr7,30149076,30149455,7,379
chr7,30169284,30169596,8,312
chr7,30284350,30285963,98,1613
chr7,30451921,30452368,8,447
chr7,30478706,30479969,32,1263
chr7,30499263,30499425,6,162
chr7,30504331,30505327,28,996
chr7,30506654,30507204,5,550
chr7,30594516,30595609,58,1093
chr7,30648189,30648838,5,649
chr7,30681919,30682585,32,666
chr7,30697445,30698257,5,812
chr7,30725748,30726248,7,500
chr7,30771426,30772183,36,757
chr7,30807784,30808177,5,393
chr7,30881586,30882318,6,732
chr7,30905248,30905947,5,699
chr7,30911489,30912125,15,636
chr7,30915256,30916488,11,1232
chr7,30979900,30980340,5,440
chr7,30984094,30984376,5,282
chr7,31028752,31028826,8,74
chr7,31051797,31053355,80,1558
chr7,31082207,31082339,8,132
chr7,31138464,31138750,7,286
chr7,31193025,31193247,11,222
chr7,31335682,31337111,30,1429
chr7,32070331,32071352,64,1021
chr7,32210965,32211882,10,917
chr7,32298314,32299442,36,1128
chr7,32318994,32319413,10,419
chr7,32356879,32357159,5,280
chr7,32427901,32428389,31,488
chr7,32451629,32451920,5,291
chr7,32495274,32496106,30,832
chr7,32608228,32608343,5,115
chr7,32640907,32640953,5,46
chr7,32727979,32728704,24,725
chr7,32890902,32892454,87,1552
chr7,32906002,32906101,6,99
chr7,32911768,32911953,6,185
chr7,32942130,32943165,31,1035
chr7,32956766,32957969,72,1203
chr7,33062348,33062525,21,177
chr7,33108962,33109594,83,632
chr7,33562780,33562862,5,82
chr7,33632472,33632652,15,180
chr7,33698283,33698472,5,189
chr7,33734534,33734791,5,257
chr7,33904096,33906205,78,2109
chr7,33924381,33924710,9,329
chr7,34158938,34159664,5,726
chr7,34533201,34533233,5,32
chr7,34544634,34544725,5,91
chr7,34944287,34944532,5,245
chr7,35023996,35024410,7,414
chr7,35036838,35038020,82,1182
chr7,35185787,35186945,35,1158
chr7,35248725,35248961,7,236
chr7,35253477,35259404,140,5927
chr7,35261202,35262976,11,1774
chr7,35454724,35454866,17,142
chr7,35509586,35509735,5,149
chr7,35694401,35695276,43,875
chr7,35800974,35802053,59,1079
chr7,35807422,35807457,5,35
chr7,35925713,35925888,5,175
chr7,35967431,35967771,16,340
chr7,35968900,35969231,8,331
chr7,35971528,35971704,21,176
chr7,36039242,36039435,7,193
chr7,36084860,36084940,6,80
chr7,36116158,36116495,6,337
chr7,36152582,36154302,82,1720
chr7,36183101,36183431,5,330
chr7,36281076,36281324,9,248
chr7,36292328,36293685,5,1357
chr7,36313019,36313241,6,222
chr7,36366655,36367380,40,725
chr7,36388954,36390613,33,1659
chr7,36973811,36973857,5,46
chr7,36999097,36999420,5,323
chr7,37097259,37097308,5,49
chr7,37276424,37276795,6,371
chr7,37353349,37353441,6,92
chr7,37447860,37449021,68,1161
chr7,37492138,37492322,9,184
chr7,37916055,37917248,26,1193
chr7,37920774,37921372,19,598
chr7,38105468,38105812,7,344
chr7,38175403,38175525,7,122
chr7,38178266,38178732,11,466
chr7,38311373,38311475,11,102
chr7,38630189,38631363,18,1174
chr7,38655322,38656216,7,894
chr7,38908860,38909204,7,344
chr7,38976034,38976083,7,49
chr7,39013451,39013500,5,49
chr7,39129991,39131163,16,1172
chr7,39293285,39293642,9,357
chr7,39353984,39354225,8,241
chr7,39519440,39520284,13,844
chr7,39566183,39566268,7,85
chr7,39603298,39603429,6,131
chr7,39623310,39624144,52,834
chr7,39727958,39728780,9,822
chr7,39733305,39733652,21,347
chr7,39753898,39753980,6,82
chr7,39792106,39793353,14,1247
chr7,39808695,39809051,11,356
chr7,39812435,39812563,5,128
chr7,39833271,39834736,49,1465
chr7,39854983,39855062,6,79
chr7,39949477,39951653,113,2176
chr7,40044614,40044729,5,115
chr7,40069936,40070096,5,160
chr7,40134346,40134912,29,566
chr7,40208301,40209518,13,1217
chr7,40531774,40531834,7,60
chr7,40761903,40761990,6,87
chr7,40849720,40849949,5,229
chr7,41149755,41149844,6,89
chr7,41462632,41463276,5,644
chr7,41696253,41696379,6,126
chr7,41699587,41699637,5,50
chr7,41705225,41705628,16,403
chr7,41942400,41942786,13,386
chr7,41965068,41965794,18,726
chr7,42129734,42129854,6,120
chr7,42228204,42228258,6,54
chr7,42235698,42238497,95,2799
chr7,42313719,42314021,6,302
chr7,42406569,42407447,9,878
chr7,42493119,42493658,13,539
chr7,42686600,42686755,6,155
chr7,42857202,42857519,11,317
chr7,42888292,42888646,18,354
chr7,42911467,42912300,50,833
chr7,42932363,42932976,24,613
chr7,42965989,42966036,5,47
chr7,43079028,43079228,5,200
chr7,43112450,43114351,83,1901
chr7,43249093,43249577,18,484
chr7,43321224,43322162,5,938
chr7,43445451,43445523,10,72
chr7,43582537,43583917,49,1380
chr7,43585121,43585264,7,143
chr7,43729543,43729874,27,331
chr7,43758188,43759149,45,961
chr7,43869033,43870093,24,1060
chr7,43877203,43879707,25,2504
chr7,43905428,43906833,53,1405
chr7,43926283,43926444,23,161
chr7,43986221,43986612,10,391
chr7,44019356,44019388,6,32
chr7,44040489,44040814,27,325
chr7,44044525,44045287,32,762
chr7,44063891,44064985,7,1094
chr7,44075699,44076697,9,998
chr7,44080746,44082992,40,2246
chr7,44103995,44105095,62,1100
chr7,44109249,44111194,11,1945
chr7,44112265,44113755,27,1490
chr7,44121851,44121977,5,126
chr7,44123386,44124342,22,956
chr7,44145869,44147862,29,1993
chr7,44152252,44152885,5,633
chr7,44200553,44200899,6,346
chr7,44220898,44221773,14,875
chr7,44235446,44235753,5,307
chr7,44237110,44237234,5,124
chr7,44238456,44241220,24,2764
chr7,44266960,44269624,15,2664
chr7,44273824,44274865,7,1041
chr7,44308598,44310116,26,1518
chr7,44325006,44325548,49,542
chr7,44490216,44490747,13,531
chr7,44538980,44539511,14,531
chr7,44543092,44544206,12,1114
chr7,44572347,44574275,32,1928
chr7,44581518,44581968,10,450
chr7,44606000,44606867,31,867
chr7,44610751,44611361,9,610
chr7,44696958,44697140,5,182
chr7,44722817,44723237,6,420
chr7,44748248,44749689,58,1441
chr7,44759903,44760431,6,528
chr7,44766541,44767644,10,1103
chr7,44796552,44797315,23,763
chr7,44847669,44847829,14,160
chr7,44884528,44885782,53,1254
chr7,44916029,44916204,8,175
chr7,44962553,44963229,7,676
chr7,44970851,44971087,10,236
chr7,44986021,44986371,8,350
chr7,44999347,45000624,32,1277
chr7,45028379,45028698,6,319
chr7,45051530,45051653,5,123
chr7,45088327,45089176,38,849
chr7,45111704,45112466,18,762
chr7,45123845,45124159,5,314
chr7,45148607,45148700,5,93
chr7,45154709,45155568,8,859
chr7,45157393,45158207,40,814
chr7,45259828,45260849,24,1021
chr7,45295208,45295659,6,451
chr7,45392142,45392292,11,150
chr7,45573321,45575629,100,2308
chr7,45592605,45593160,9,555
chr7,45599471,45599719,8,248
chr7,45610357,45610516,6,159
chr7,45767888,45769749,32,1861
chr7,45813191,45814347,6,1156
chr7,45888727,45889099,16,372
chr7,45903297,45903527,7,230
chr7,45917367,45917864,10,497
chr7,45920234,45921963,86,1729
chr7,45940570,45940806,9,236
chr7,46052209,46052310,5,101
chr7,46267918,46268119,5,201
chr7,47052990,47053572,25,582
chr7,47103007,47103244,5,237
chr7,47253951,47254879,29,928
chr7,47332485,47332573,5,88
chr7,47365620,47365678,5,58
chr7,47453213,47453857,7,644
chr7,47475417,47475533,6,116
chr7,47494745,47494770,5,25
chr7,47536053,47537895,34,1842
chr7,47562210,47562479,5,269
chr7,47568047,47568897,5,850
chr7,47570601,47572231,10,1630
chr7,47575671,47576911,10,1240
chr7,47580970,47582731,66,1761
chr7,47593107,47593680,6,573
chr7,47599857,47599983,6,126
chr7,47628785,47629479,10,694
chr7,47631715,47632050,8,335
chr7,47655315,47656114,9,799
chr7,47743970,47745047,8,1077
chr7,47836234,47836360,8,126
chr7,47892844,47893363,7,519
chr7,47979372,47979741,23,369
chr7,48035485,48036382,42,897
chr7,48044197,48044277,5,80
chr7,48088328,48090395,93,2067
chr7,48201897,48201989,5,92
chr7,48203194,48203233,7,39
chr7,48309831,48310678,5,847
chr7,48454559,48455134,8,575
chr7,49134836,49135324,5,488
chr7,49157756,49157995,8,239
chr7,49328857,49329145,5,288
chr7,49454977,49455022,5,45
chr7,49579943,49580315,11,372
chr7,49771994,49776151,192,4157
chr7,50093044,50093324,28,280
chr7,50158443,50158696,5,253
chr7,50302851,50305244,121,2393
chr7,50337960,50338955,6,995
chr7,50356933,50357027,5,94
chr7,50449992,50450849,30,857
chr7,50605335,50605605,5,270
chr7,50627613,50628044,13,431
chr7,50667843,50668449,5,606
chr7,50709442,50709593,5,151
chr7,50781638,50782935,72,1297
chr7,50792735,50793940,90,1205
chr7,50843054,50843271,9,217
chr7,51007709,51007977,5,268
chr7,51024031,51024141,5,110
chr7,51028860,51029086,9,226
chr7,51262384,51262521,5,137
chr7,51315671,51317111,93,1440
chr7,51806626,51806707,7,81
chr7,51900342,51901728,14,1386
chr7,52088031,52088181,9,150
chr7,52274033,52274864,12,831
chr7,52316887,52317086,5,199
chr7,52874559,52874869,5,310
chr7,52934067,52934275,5,208
chr7,53036047,53036194,7,147
chr7,53166491,53166560,6,69
chr7,53218962,53219470,29,508
chr7,53863850,53863895,5,45
chr7,54145683,54145988,8,305
chr7,54542057,54542386,29,329
chr7,54544898,54547081,70,2183
chr7,54640120,54640253,5,133
chr7,54657505,54657773,9,268
chr7,54664315,54664608,23,293
chr7,54669798,54669896,5,98
chr7,54698195,54698295,6,100
chr7,54727057,54727230,8,173
chr7,54758902,54759417,38,515
chr7,54774712,54774943,5,231
chr7,54833952,54834167,9,215
chr7,54888272,54888559,6,287
chr7,54933196,54933392,18,196
chr7,54980190,54980723,7,533
chr7,55018763,55022041,129,3278
chr7,55070981,55071089,6,108
chr7,55254435,55255859,30,1424
chr7,55342527,55342629,5,102
chr7,55344045,55345529,31,1484
chr7,55362781,55363555,12,774
chr7,55365198,55366367,52,1169
chr7,55439639,55439691,5,52
chr7,55448785,55449491,30,706
chr7,55567747,55568342,8,595
chr7,55571657,55573027,67,1370
chr7,55631834,55632704,7,870
chr7,55667104,55667602,11,498
chr7,55772858,55773234,5,376
chr7,55775106,55775260,5,154
chr7,55780223,55780288,5,65
chr7,55879839,55880022,5,183
chr7,55886648,55887690,32,1042
chr7,55892728,55892968,5,240
chr7,55952659,55952888,7,229
chr7,55963429,55966639,46,3210
chr7,56034029,56035196,16,1167
chr7,56037098,56039122,11,2024
chr7,56041583,56042197,10,614
chr7,56050462,56052848,61,2386
chr7,56064318,56064869,20,551
chr7,56074153,56074553,10,400
chr7,56076023,56076119,9,96
chr7,56078386,56078569,9,183
chr7,56081118,56082186,12,1068
chr7,56091892,56093073,9,1181
chr7,56094552,56096268,14,1716
chr7,56106089,56106641,23,552
chr7,56114667,56116336,27,1669
chr7,56125950,56126039,5,89
chr7,56175134,56176079,49,945
chr7,56229792,56229947,19,155
chr7,56289735,56289795,5,60
chr7,56295662,56295767,6,105
chr7,56335854,56335980,5,126
chr7,56366891,56367636,8,745
chr7,56415884,56416116,7,232
chr7,56448059,56449053,25,994
chr7,56457122,56457751,6,629
chr7,56500644,56500705,5,61
chr7,56538241,56539121,22,880
chr7,56604642,56606987,10,2345
chr7,56787502,56787598,9,96
chr7,56798617,56798874,5,257
chr7,56809929,56812264,7,2335
chr7,56881769,56881918,6,149
chr7,56978707,56978742,5,35
chr7,57187865,57189197,10,1332
chr7,57202896,57204129,17,1233
chr7,57218818,57220915,19,2097
chr7,57227041,57227464,7,423
chr7,57256696,57257217,30,521
chr7,57305061,57305482,5,421
chr7,57404578,57405115,17,537
chr7,57424857,57426005,25,1148
chr7,57577550,57577743,6,193
chr7,57646920,57649445,14,2525
chr7,57651711,57653517,18,1806
chr7,57770930,57771135,6,205
chr7,57819788,57821548,24,1760
chr7,57835051,57835400,5,349
chr7,57868335,57868859,21,524
chr7,58086793,58087938,36,1145
chr7,60956313,60957427,43,1114
chr7,60992094,60993063,36,969
chr7,62275311,62276955,47,1644
chr7,62377026,62378174,20,1148
chr7,62379814,62381164,27,1350
chr7,63054162,63054419,22,257
chr7,63059000,63059579,6,579
chr7,63068025,63068588,15,563
chr7,63112965,63114837,16,1872
chr7,63196150,63197487,11,1337
chr7,63208330,63208454,7,124
chr7,63250866,63251205,9,339
chr7,63574668,63576104,11,1436
chr7,63598209,63598320,6,111
chr7,63627875,63627927,8,52
chr7,63766394,63766621,9,227
chr7,63789128,63790478,52,1350
chr7,63892638,63893211,13,573
chr7,63899348,63901214,20,1866
chr7,63925223,63926814,30,1591
chr7,63931096,63932764,27,1668
chr7,63988515,63988791,7,276
chr7,63998953,63999039,6,86
chr7,64037192,64037334,8,142
chr7,64045609,64045676,5,67
chr7,64091826,64091924,6,98
chr7,64181970,64183110,60,1140
chr7,64192210,64192342,9,132
chr7,64205809,64207340,15,1531
chr7,64248151,64249243,12,1092
chr7,64305079,64307025,25,1946
chr7,64314020,64314984,9,964
chr7,64407398,64407565,6,167
chr7,64433503,64433731,6,228
chr7,64463848,64464195,14,347
chr7,64491387,64492088,7,701
chr7,64557144,64557745,5,601
chr7,64569588,64570551,21,963
chr7,64574928,64575493,21,565
chr7,64597254,64597286,5,32
chr7,64666154,64666615,16,461
chr7,64736731,64736772,6,41
chr7,64794355,64794667,18,312
chr7,64839521,64840126,13,605
chr7,64868687,64868758,5,71
chr7,64872726,64872806,8,80
chr7,64875951,64876762,5,811
chr7,64882090,64882176,6,86
chr7,64883285,64884728,12,1443
chr7,64888755,64889622,32,867
chr7,64901779,64903529,15,1750
chr7,64947284,64947866,45,582
chr7,65037478,65038701,44,1223
chr7,65052758,65053041,5,283
chr7,65057477,65057531,5,54
chr7,65080087,65081951,17,1864
chr7,65239540,65240177,15,637
chr7,65251129,65252253,43,1124
chr7,65269393,65269594,5,201
chr7,65300241,65300346,6,105
chr7,65413596,65413754,5,158
chr7,65414889,65414986,6,97
chr7,65731596,65731861,14,265
chr7,65749684,65752273,63,2589
chr7,65770744,65771326,6,582
chr7,65872437,65874021,87,1584
chr7,65895988,65896091,5,103
chr7,65978372,65978734,6,362
chr7,65981790,65982963,32,1173
chr7,66043366,66044911,31,1545
chr7,66074560,66076164,32,1604
chr7,66089146,66089339,8,193
chr7,66110221,66110811,5,590
chr7,66114522,66115367,26,845
chr7,66123144,66123221,6,77
chr7,66205084,66206112,65,1028
chr7,66231679,66231713,5,34
chr7,66235246,66235278,6,32
chr7,66365169,66365449,5,280
chr7,66368442,66368591,5,149
chr7,66374975,66375155,6,180
chr7,66376536,66377421,9,885
chr7,66413954,66415828,23,1874
chr7,66474513,66474705,23,192
chr7,66492944,66494633,27,1689
chr7,66503159,66503859,16,700
chr7,66505503,66506977,32,1474
chr7,66534044,66534485,7,441
chr7,66556584,66558044,16,1460
chr7,66561467,66561772,6,305
chr7,66590903,66592370,29,1467
chr7,66611799,66612759,20,960
chr7,66621141,66621925,9,784
chr7,66627980,66629302,42,1322
chr7,66653770,66655197,36,1427
chr7,66665881,66666226,6,345
chr7,66681547,66682754,60,1207
chr7,66740048,66741963,65,1915
chr7,66820515,66820578,5,63
chr7,66844344,66844932,34,588
chr7,66902633,66904340,47,1707
chr7,66921039,66921734,44,695
chr7,66959405,66959620,5,215
chr7,66962792,66963981,8,1189
chr7,66995348,66995764,14,416
chr7,67015062,67016852,5,1790
chr7,67302639,67303227,27,588
chr7,67352471,67354300,11,1829
chr7,67364883,67364922,5,39
chr7,67462871,67462962,5,91
chr7,67477321,67478532,7,1211
chr7,67484553,67484615,6,62
chr7,67617174,67617345,6,171
chr7,67878282,67878700,6,418
chr7,67889645,67890396,5,751
chr7,68013809,68014007,9,198
chr7,68045394,68045679,5,285
chr7,68185484,68186090,6,606
chr7,68322554,68322704,5,150
chr7,68421818,68421866,5,48
chr7,68428788,68429232,12,444
chr7,68470805,68471112,9,307
chr7,68529139,68529922,6,783
chr7,68535263,68535474,6,211
chr7,68543637,68543731,5,94
chr7,68602768,68602944,7,176
chr7,68734218,68734421,6,203
chr7,68747771,68748212,8,441
chr7,68771529,68772019,5,490
chr7,68781043,68781315,5,272
chr7,68838869,68839113,7,244
chr7,68853062,68853337,5,275
chr7,68953571,68953906,9,335
chr7,68977602,68977975,5,373
chr7,69269907,69270484,5,577
chr7,69364207,69364368,8,161
chr7,69393896,69393931,5,35
chr7,69410520,69410949,6,429
chr7,69425843,69426341,6,498
chr7,69482622,69482867,11,245
chr7,69513348,69513736,5,388
chr7,69597413,69600050,103,2637
chr7,69646814,69647004,5,190
chr7,70056026,70056204,5,178
chr7,70068374,70068479,5,105
chr7,70377589,70377863,5,274
chr7,70458972,70460461,8,1489
chr7,70470948,70471828,6,880
chr7,70479470,70479784,5,314
chr7,70518614,70518971,9,357
chr7,70595611,70596401,27,790
chr7,70640940,70641468,5,528
chr7,70693173,70695584,134,2411
chr7,70762891,70764216,8,1325
chr7,70789801,70790908,44,1107
chr7,70796673,70797686,7,1013
chr7,70807249,70807460,6,211
chr7,70829110,70830101,5,991
chr7,70875453,70875977,8,524
chr7,71131056,71133296,125,2240
chr7,71137192,71137232,6,40
chr7,71251705,71252248,5,543
chr7,71284075,71284385,9,310
chr7,71415550,71415987,7,437
chr7,71555809,71555898,5,89
chr7,71559784,71560108,5,324
chr7,71632295,71633551,14,1256
chr7,71712254,71713244,6,990
chr7,71733332,71733467,10,135
chr7,71752223,71752777,17,554
chr7,71796120,71796516,10,396
chr7,71831000,71831806,6,806
chr7,72132732,72132864,5,132
chr7,72226020,72226169,8,149
chr7,72335547,72337539,76,1992
chr7,72406246,72406513,5,267
chr7,72420724,72421026,6,302
chr7,72430714,72431205,8,491
chr7,72435549,72435715,7,166
chr7,72445370,72447336,8,1966
chr7,72492794,72493381,5,587
chr7,72504249,72504913,6,664
chr7,72681874,72681970,7,96
chr7,72785973,72786033,5,60
chr7,72814508,72814540,5,32
chr7,72828305,72829443,15,1138
chr7,72879557,72879979,22,422
chr7,72924903,72925579,47,676
chr7,72941040,72941103,6,63
chr7,72948785,72949048,11,263
chr7,72954609,72954681,7,72
chr7,73154786,73154965,9,179
chr7,73284118,73284167,5,49
chr7,73303570,73303987,9,417
chr7,73308680,73309181,24,501
chr7,73318823,73318892,5,69
chr7,73321617,73323209,8,1592
chr7,73333996,73334206,5,210
chr7,73358033,73359217,13,1184
chr7,73363890,73364688,9,798
chr7,73372337,73374363,13,2026
chr7,73377398,73378175,25,777
chr7,73405900,73406239,7,339
chr7,73410713,73411960,8,1247
chr7,73415895,73416952,9,1057
chr7,73424054,73424611,17,557
chr7,73432905,73436243,94,3338
chr7,73481963,73481995,5,32
chr7,73521299,73523361,73,2062
chr7,73534983,73535150,6,167
chr7,73556912,73558079,35,1167
chr7,73570694,73570769,5,75
chr7,73578160,73580473,35,2313
chr7,73596185,73596950,18,765
chr7,73600904,73600929,5,25
chr7,73623297,73624828,64,1531
chr7,73647877,73648281,35,404
chr7,73665103,73665291,8,188
chr7,73666922,73669892,79,2970
chr7,73671162,73672311,15,1149
chr7,73682882,73685968,63,3086
chr7,73702750,73703965,10,1215
chr7,73706097,73708374,12,2277
chr7,73719361,73719873,47,512
chr7,73724516,73724556,5,40
chr7,73725613,73725928,5,315
chr7,73738415,73739801,26,1386
chr7,73742860,73743458,17,598
chr7,73754354,73754493,5,139
chr7,73768558,73769004,13,446
chr7,73770326,73770780,34,454
chr7,73808529,73809859,18,1330
chr7,73822493,73822759,5,266
chr7,73831605,73831714,8,109
chr7,73840598,73843474,13,2876
chr7,73855020,73857802,17,2782
chr7,73878404,73879625,12,1221
chr7,73880789,73881340,6,551
chr7,73886564,73886751,12,187
chr7,73897936,73898285,5,349
chr7,73908153,73909296,10,1143
chr7,73920730,73920878,9,148
chr7,73975189,73975249,6,60
chr7,73998934,74000753,7,1819
chr7,74009777,74012014,15,2237
chr7,74021506,74023319,21,1813
chr7,74027541,74029872,24,2331
chr7,74033819,74034109,6,290
chr7,74042284,74043480,17,1196
chr7,74056281,74056401,9,120
chr7,74067594,74068017,9,423
chr7,74083253,74084596,62,1343
chr7,74091114,74092557,7,1443
chr7,74093647,74094842,17,1195
chr7,74099196,74099230,5,34
chr7,74105883,74106486,10,603
chr7,74112749,74112869,6,120
chr7,74120897,74121254,5,357
chr7,74152988,74153893,10,905
chr7,74173833,74174897,93,1064
chr7,74185239,74185539,5,300
chr7,74201478,74203277,15,1799
chr7,74204977,74206951,31,1974
chr7,74209894,74211614,12,1720
chr7,74212725,74213585,7,860
chr7,74219084,74219449,5,365
chr7,74223147,74225031,11,1884
chr7,74248871,74250874,7,2003
chr7,74254028,74255174,52,1146
chr7,74262903,74264832,9,1929
chr7,74269660,74270701,8,1041
chr7,74272128,74272220,5,92
chr7,74282089,74282476,5,387
chr7,74283989,74285432,11,1443
chr7,74289530,74289929,27,399
chr7,74306166,74307294,19,1128
chr7,74312597,74314055,11,1458
chr7,74324153,74324259,5,106
chr7,74338590,74338765,12,175
chr7,74342797,74343721,10,924
chr7,74351729,74352027,5,298
chr7,74371977,74372855,8,878
chr7,74376574,74377319,9,745
chr7,74379591,74379861,9,270
chr7,74393582,74394539,5,957
chr7,74400828,74401942,6,1114
chr7,74405740,74406315,15,575
chr7,74409223,74410433,7,1210
chr7,74423626,74424670,5,1044
chr7,74426553,74428714,9,2161
chr7,74434032,74435937,13,1905
chr7,74443176,74444043,6,867
chr7,74447434,74447617,6,183
chr7,74453181,74455412,76,2231
chr7,74458117,74458717,6,600
chr7,74459932,74460130,7,198
chr7,74461838,74462845,7,1007
chr7,74480501,74481613,15,1112
chr7,74492164,74492263,6,99
chr7,74501200,74502234,11,1034
chr7,74514664,74515450,5,786
chr7,74524018,74524271,13,253
chr7,74529545,74530232,10,687
chr7,74535126,74535686,8,560
chr7,74546346,74548139,11,1793
chr7,74574253,74575014,7,761
chr7,74580173,74581311,7,1138
chr7,74590875,74590929,5,54
chr7,74606527,74606637,9,110
chr7,74616603,74617008,6,405
chr7,74626219,74626289,5,70
chr7,74627858,74628921,7,1063
chr7,74635423,74636243,5,820
chr7,74637291,74637410,6,119
chr7,74646498,74647284,7,786
chr7,74652544,74653619,15,1075
chr7,74656892,74661507,131,4615
chr7,74685389,74686007,15,618
chr7,74890708,74890811,9,103
chr7,74908564,74908834,7,270
chr7,75003042,75004007,5,965
chr7,75011660,75011891,7,231
chr7,75023030,75023596,8,566
chr7,75024908,75026039,11,1131
chr7,75032996,75033214,5,218
chr7,75038868,75039170,5,302
chr7,75042950,75043154,5,204
chr7,75046291,75046493,8,202
chr7,75047936,75048348,5,412
chr7,75050206,75050817,7,611
chr7,75072634,75074221,30,1587
chr7,75093321,75093558,5,237
chr7,75416034,75416284,10,250
chr7,75442253,75442939,22,686
chr7,75467253,75467572,5,319
chr7,75485758,75486528,16,770
chr7,75527437,75528539,40,1102
chr7,75536976,75537105,5,129
chr7,75568869,75570027,7,1158
chr7,75599591,75599996,13,405
chr7,75616462,75617235,7,773
chr7,75638268,75640581,46,2313
chr7,75659953,75661087,11,1134
chr7,75680770,75680861,5,91
chr7,75688232,75688812,8,580
chr7,75690494,75691286,5,792
chr7,75738245,75739759,49,1514
chr7,75770737,75771670,5,933
chr7,75799148,75799293,5,145
chr7,75832685,75833656,13,971
chr7,75836509,75836571,5,62
chr7,75866772,75866857,6,85
chr7,75870441,75872443,9,2002
chr7,75875799,75875857,5,58
chr7,75877819,75879405,38,1586
chr7,75914798,75915773,60,975
chr7,75920609,75920759,7,150
chr7,75976299,75976397,5,98
chr7,75985941,75986051,11,110
chr7,75987352,75989553,30,2201
chr7,75994351,75995161,27,810
chr7,75998592,75999030,6,438
chr7,76046682,76048437,30,1755
chr7,76057977,76058047,5,70
chr7,76072128,76074020,55,1892
chr7,76113397,76113447,7,50
chr7,76150319,76150605,14,286
chr7,76166449,76167630,49,1181
chr7,76178342,76178509,9,167
chr7,76182854,76183329,8,475
chr7,76196918,76197974,6,1056
chr7,76202041,76202530,9,489
chr7,76212629,76213300,9,671
chr7,76216809,76216914,6,105
chr7,76236233,76237045,12,812
chr7,76248076,76248228,6,152
chr7,76259900,76260356,32,456
chr7,76267319,76267603,6,284
chr7,76280504,76283482,76,2978
chr7,76285643,76286171,9,528
chr7,76287199,76287349,8,150
chr7,76292086,76292692,9,606
chr7,76296050,76296463,6,413
chr7,76298033,76299098,5,1065
chr7,76302901,76304184,38,1283
chr7,76308624,76309854,18,1230
chr7,76314762,76316533,15,1771
chr7,76317872,76318592,21,720
chr7,76358068,76359525,79,1457
chr7,76379984,76380155,9,171
chr7,76393218,76394055,32,837
chr7,76397641,76397723,9,82
chr7,76415297,76415642,5,345
chr7,76483152,76483201,6,49
chr7,76510021,76511753,8,1732
chr7,76549090,76549816,15,726
chr7,76618245,76618318,5,73
chr7,76626724,76626809,10,85
chr7,76953107,76953976,8,869
chr7,77005592,77005881,8,289
chr7,77121858,77121937,7,79
chr7,77415853,77416481,63,628
chr7,77435762,77435806,5,44
chr7,77483777,77483810,6,33
chr7,77537159,77537944,37,785
chr7,77609606,77609749,5,143
chr7,77660606,77661012,9,406
chr7,77695552,77697525,73,1973
chr7,77720389,77720513,6,124
chr7,77798045,77799347,32,1302
chr7,77872899,77873246,7,347
chr7,78019061,78020831,81,1770
chr7,79237417,79237611,5,194
chr7,79391844,79392032,5,188
chr7,79452250,79454469,63,2219
chr7,79485459,79485589,6,130
chr7,79687030,79687405,5,375
chr7,80114066,80114247,7,181
chr7,80134490,80135445,17,955
chr7,80258966,80259150,7,184
chr7,80865509,80865687,6,178
chr7,80918884,80919855,27,971
chr7,80956729,80957015,11,286
chr7,81041795,81042799,6,1004
chr7,81343464,81343569,5,105
chr7,81388318,81388768,7,450
chr7,81437427,81437459,6,32
chr7,81610836,81611363,15,527
chr7,81810526,81811588,5,1062
chr7,82261201,82261250,5,49
chr7,82442118,82444483,58,2365
chr7,82751308,82751372,5,64
chr7,82783421,82784428,6,1007
chr7,83162318,83163067,45,749
chr7,83482332,83482422,5,90
chr7,83648730,83648825,5,95
chr7,83675041,83675379,6,338
chr7,83739176,83739311,5,135
chr7,83801546,83802192,5,646
chr7,84023732,84023968,10,236
chr7,84179993,84180039,5,46
chr7,84309006,84309235,6,229
chr7,84880539,84880748,22,209
chr7,84993390,84993428,5,38
chr7,85185402,85187076,44,1674
chr7,85323216,85323345,7,129
chr7,85591586,85591691,6,105
chr7,85843380,85843569,8,189
chr7,85894529,85895017,13,488
chr7,86126464,86126789,8,325
chr7,86192521,86192620,6,99
chr7,86465900,86466357,6,457
chr7,86643775,86644802,10,1027
chr7,87059154,87059915,61,761
chr7,87152325,87152830,45,505
chr7,87219151,87220440,37,1289
chr7,87345425,87345705,28,280
chr7,87475573,87475934,23,361
chr7,87599433,87600534,18,1101
chr7,87626868,87629879,64,3011
chr7,87697871,87698388,8,517
chr7,87875851,87877009,55,1158
chr7,87933747,87935030,28,1283
chr7,88195373,88195608,6,235
chr7,88218966,88219996,34,1030
chr7,88306851,88307070,7,219
chr7,88686466,88687060,6,594
chr7,88731996,88732056,5,60
chr7,88758984,88760083,14,1099
chr7,88870309,88870436,6,127
chr7,88926308,88926564,5,256
chr7,89120385,89120484,6,99
chr7,89229031,89229078,7,47
chr7,89441205,89441523,6,318
chr7,90118642,90119805,35,1163
chr7,90153658,90154298,15,640
chr7,90211500,90212147,49,647
chr7,90245018,90245772,21,754
chr7,90321176,90321256,11,80
chr7,90334450,90334627,11,177
chr7,90337791,90338795,6,1004
chr7,90403290,90403739,10,449
chr7,90595900,90596845,76,945
chr7,90794255,90794330,5,75
chr7,91241332,91241764,5,432
chr7,91264268,91266829,83,2561
chr7,91450553,91450627,5,74
chr7,91902134,91902222,5,88
chr7,91940473,91941135,10,662
chr7,91956150,91956216,5,66
chr7,92094102,92094489,7,387
chr7,92133794,92136038,49,2244
chr7,92142785,92143736,17,951
chr7,92178241,92179411,30,1170
chr7,92245699,92246733,36,1034
chr7,92425468,92425797,6,329
chr7,92447050,92448813,48,1763
chr7,92477271,92477419,7,148
chr7,92527882,92528486,32,604
chr7,92590253,92590792,27,539
chr7,92832912,92836983,97,4071
chr7,92870293,92870660,6,367
chr7,92926812,92927043,6,231
chr7,92929125,92929325,10,200
chr7,93043636,93043656,5,20
chr7,93231918,93232299,11,381
chr7,93261534,93261748,5,214
chr7,93574459,93575983,57,1524
chr7,93591668,93591716,6,48
chr7,93844742,93844881,7,139
chr7,93890271,93891429,15,1158
chr7,93918220,93918541,5,321
chr7,93921201,93922249,20,1048
chr7,94003866,94004475,26,609
chr7,94012189,94012227,6,38
chr7,94101169,94101292,6,123
chr7,94127837,94127933,5,96
chr7,94286752,94286916,7,164
chr7,94394388,94395947,24,1559
chr7,94509557,94510678,35,1121
chr7,94655821,94656085,18,264
chr7,94664323,94664628,5,305
chr7,94849384,94850008,17,624
chr7,94864902,94865046,5,144
chr7,94907176,94908644,75,1468
chr7,94920651,94921425,5,774
chr7,95396531,95396645,9,114
chr7,95434982,95435157,6,175
chr7,95551894,95552818,17,924
chr7,95596307,95597206,18,899
chr7,95771882,95773097,39,1215
chr7,96035428,96035666,5,238
chr7,96075692,96075873,10,181
chr7,96079005,96080228,5,1223
chr7,96321539,96322189,47,650
chr7,96709532,96709743,9,211
chr7,96938903,96939010,5,107
chr7,96996185,96996643,15,458
chr7,96997717,96998948,16,1231
chr7,97001777,97002133,5,356
chr7,97003434,97004218,12,784
chr7,97005311,97007570,62,2259
chr7,97016560,97017758,34,1198
chr7,97020750,97021126,9,376
chr7,97022206,97028504,42,6298
chr7,97117317,97117797,31,480
chr7,97164469,97164674,6,205
chr7,97263767,97264116,6,349
chr7,97490588,97491336,9,748
chr7,97732502,97733733,40,1231
chr7,97871974,97872517,25,543
chr7,97927757,97929340,24,1583
chr7,97933667,97933730,5,63
chr7,97938712,97939352,7,640
chr7,97953298,97954342,8,1044
chr7,97957043,97957217,7,174
chr7,97970674,97973245,26,2571
chr7,97998327,97998395,5,68
chr7,98000563,98000938,9,375
chr7,98021758,98021983,5,225
chr7,98035120,98036153,7,1033
chr7,98051312,98051422,9,110
chr7,98073044,98073139,5,95
chr7,98106752,98107776,30,1024
chr7,98171717,98172397,9,680
chr7,98193014,98194001,17,987
chr7,98202687,98204111,9,1424
chr7,98210397,98212501,44,2104
chr7,98214101,98215086,8,985
chr7,98216649,98217594,5,945
chr7,98222990,98223579,16,589
chr7,98227546,98228496,7,950
chr7,98231850,98232021,15,171
chr7,98239781,98241561,13,1780
chr7,98243676,98244465,8,789
chr7,98248313,98248466,5,153
chr7,98251465,98252815,31,1350
chr7,98264355,98264385,5,30
chr7,98270433,98270512,7,79
chr7,98281230,98284608,59,3378
chr7,98286490,98288239,14,1749
chr7,98291078,98291259,5,181
chr7,98297732,98297930,10,198
chr7,98303321,98303660,7,339
chr7,98306426,98306521,8,95
chr7,98318771,98319365,7,594
chr7,98347699,98348987,17,1288
chr7,98354604,98354855,6,251
chr7,98399814,98401485,64,1671
chr7,98403909,98404562,6,653
chr7,98406660,98406761,7,101
chr7,98421296,98421663,5,367
chr7,98491343,98493211,14,1868
chr7,98569082,98569879,9,797
chr7,98581612,98582667,10,1055
chr7,98616628,98618522,86,1894
chr7,98619630,98619799,9,169
chr7,98628544,98629420,9,876
chr7,98657843,98657883,5,40
chr7,98730059,98731740,10,1681
chr7,98818873,98819424,8,551
chr7,98826878,98827055,6,177
chr7,98839663,98840569,12,906
chr7,98869458,98871163,93,1705
chr7,98878062,98879864,70,1802
chr7,98928930,98929095,7,165
chr7,98956121,98956511,10,390
chr7,98961493,98961641,6,148
chr7,98988936,98989764,5,828
chr7,98992176,98992236,6,60
chr7,99003997,99004027,5,30
chr7,99008014,99008517,12,503
chr7,99012098,99012630,6,532
chr7,99027025,99028816,25,1791
chr7,99038392,99038659,7,267
chr7,99042117,99042422,6,305
chr7,99079972,99080362,7,390
chr7,99103372,99104031,5,659
chr7,99143331,99144323,75,992
chr7,99164819,99164953,5,134
chr7,99252302,99252699,5,397
chr7,99274605,99274766,5,161
chr7,99276513,99276591,5,78
chr7,99311946,99313842,11,1896
chr7,99325803,99326126,46,323
chr7,99357909,99358123,5,214
chr7,99373963,99375618,85,1655
chr7,99387163,99388432,17,1269
chr7,99390844,99393352,38,2508
chr7,99408197,99409392,57,1195
chr7,99414300,99414406,5,106
chr7,99418070,99418363,7,293
chr7,99423702,99423838,5,136
chr7,99429063,99429796,6,733
chr7,99434871,99434947,6,76
chr7,99438544,99439464,54,920
chr7,99447329,99447682,8,353
chr7,99448969,99449093,5,124
chr7,99456529,99457869,10,1340
chr7,99465925,99467348,26,1423
chr7,99468838,99473781,50,4943
chr7,99483155,99484785,13,1630
chr7,99499882,99500885,46,1003
chr7,99503780,99505269,34,1489
chr7,99509283,99510537,7,1254
chr7,99514768,99514964,5,196
chr7,99516336,99516664,5,328
chr7,99526274,99526715,11,441
chr7,99551292,99552121,19,829
chr7,99558451,99559228,49,777
chr7,99568353,99568411,5,58
chr7,99616578,99616873,13,295
chr7,99634721,99634866,7,145
chr7,99854451,99854500,5,49
chr7,99878025,99878153,8,128
chr7,99917643,99919755,49,2112
chr7,99929467,99929574,5,107
chr7,99972839,99973048,5,209
chr7,99991028,99991579,5,551
chr7,99997376,99997871,15,495
chr7,100007645,100007729,6,84
chr7,100015588,100016384,42,796
chr7,100027220,100027769,6,549
chr7,100042605,100042890,6,285
chr7,100064428,100065380,5,952
chr7,100069476,100069706,5,230
chr7,100080681,100082059,49,1378
chr7,100088888,100089244,39,356
chr7,100092954,100094111,17,1157
chr7,100100327,100102103,92,1776
chr7,100109690,100110048,6,358
chr7,100118894,100120247,32,1353
chr7,100122236,100122305,5,69
chr7,100125900,100126013,7,113
chr7,100127619,100128162,36,543
chr7,100131036,100131909,16,873
chr7,100137432,100137514,7,82
chr7,100147760,100149861,36,2101
chr7,100155086,100155772,13,686
chr7,100157344,100158754,49,1410
chr7,100167955,100168580,10,625
chr7,100170405,100172842,59,2437
chr7,100176880,100178095,45,1215
chr7,100220140,100220672,9,532
chr7,100229792,100229982,6,190
chr7,100240174,100242356,12,2182
chr7,100271432,100272578,68,1146
chr7,100335385,100338351,38,2966
chr7,100352430,100353122,5,692
chr7,100355577,100355706,5,129
chr7,100358052,100359019,7,967
chr7,100380895,100381913,16,1018
chr7,100428611,100431595,83,2984
chr7,100435385,100437285,79,1900
chr7,100449267,100451216,28,1949
chr7,100456801,100456880,8,79
chr7,100465970,100467904,37,1934
chr7,100477338,100479738,30,2400
chr7,100483163,100484485,32,1322
chr7,100488649,100488976,6,327
chr7,100490760,100492163,8,1403
chr7,100493603,100494092,36,489
chr7,100523399,100523497,6,98
chr7,100526171,100526230,5,59
chr7,100539056,100539848,64,792
chr7,100550281,100550402,5,121
chr7,100560766,100561219,5,453
chr7,100569654,100570705,41,1051
chr7,100572510,100572744,5,234
chr7,100573793,100574535,30,742
chr7,100577257,100579711,33,2454
chr7,100581707,100586868,60,5161
chr7,100601921,100602102,5,181
chr7,100604066,100607319,56,3253
chr7,100611682,100613082,56,1400
chr7,100626662,100626851,9,189
chr7,100633312,100634341,47,1029
chr7,100637121,100638096,14,975
chr7,100646551,100646737,6,186
chr7,100656160,100657068,30,908
chr7,100672046,100676362,75,4316
chr7,100678386,100678951,5,565
chr7,100680429,100680615,6,186
chr7,100681733,100682608,7,875
chr7,100683777,100683873,5,96
chr7,100687185,100689547,17,2362
chr7,100693222,100694868,90,1646
chr7,100698068,100698316,6,248
chr7,100705096,100707011,63,1915
chr7,100720484,100721154,39,670
chr7,100723594,100723852,5,258
chr7,100725179,100725637,9,458
chr7,100735131,100736038,9,907
chr7,100748283,100749315,6,1032
chr7,100791756,100792032,7,276
chr7,100795778,100796004,5,226
chr7,100801198,100803779,15,2581
chr7,100805543,100805666,7,123
chr7,100812983,100813408,11,425
chr7,100817007,100818620,16,1613
chr7,100820014,100822672,37,2658
chr7,100825370,100829942,75,4572
chr7,100837504,100837570,8,66
chr7,100838676,100839045,7,369
chr7,100851620,100854231,45,2611
chr7,100856607,100857869,17,1262
chr7,100864226,100868718,65,4492
chr7,100875378,100875553,11,175
chr7,100884941,100885009,6,68
chr7,100886692,100886928,5,236
chr7,100889156,100891401,55,2245
chr7,100893260,100893685,5,425
chr7,100894716,100897452,84,2736
chr7,100907333,100907895,6,562
chr7,100961080,100961549,5,469
chr7,100965072,100966618,45,1546
chr7,100969366,100969656,5,290
chr7,101016610,101018835,40,2225
chr7,101020675,101021396,6,721
chr7,101087684,101089570,30,1886
chr7,101102480,101102872,9,392
chr7,101104054,101104859,12,805
chr7,101110638,101111244,9,606
chr7,101114498,101114700,5,202
chr7,101138376,101138676,6,300
chr7,101154314,101155365,44,1051
chr7,101162691,101166716,157,4025
chr7,101170832,101174757,67,3925
chr7,101178815,101181740,48,2925
chr7,101183164,101183317,9,153
chr7,101186671,101187845,10,1174
chr7,101189042,101189576,5,534
chr7,101198098,101199101,21,1003
chr7,101200291,101200398,6,107
chr7,101201479,101202504,38,1025
chr7,101206103,101209083,19,2980
chr7,101210565,101212671,10,2106
chr7,101216840,101218397,42,1557
chr7,101221277,101222620,19,1343
chr7,101232792,101232923,7,131
chr7,101235465,101236835,11,1370
chr7,101238894,101239137,6,243
chr7,101243918,101245665,45,1747
chr7,101251716,101253618,30,1902
chr7,101272156,101272586,6,430
chr7,101283522,101284680,17,1158
chr7,101299577,101300460,31,883
chr7,101302608,101303634,34,1026
chr7,101308056,101309107,25,1051
chr7,101320081,101320363,8,282
chr7,101321367,101321906,36,539
chr7,101339294,101339839,6,545
chr7,101351085,101351194,5,109
chr7,101362782,101363980,60,1198
chr7,101373988,101374113,5,125
chr7,101378599,101379195,10,596
chr7,101386907,101387004,5,97
chr7,101414598,101414732,5,134
chr7,101442178,101442419,6,241
chr7,101448079,101448284,6,205
chr7,101486559,101487095,12,536
chr7,101498175,101498606,6,431
chr7,101500907,101502071,8,1164
chr7,101506228,101507771,8,1543
chr7,101528786,101529323,5,537
chr7,101537296,101538347,6,1051
chr7,101542928,101544057,6,1129
chr7,101547137,101548939,13,1802
chr7,101550750,101551028,5,278
chr7,101614307,101614436,5,129
chr7,101630444,101630910,14,466
chr7,101644817,101645101,12,284
chr7,101646225,101646418,7,193
chr7,101653898,101654864,17,966
chr7,101666233,101666435,5,202
chr7,101688300,101689557,31,1257
chr7,101692088,101692443,10,355
chr7,101700024,101703039,26,3015
chr7,101707759,101708161,5,402
chr7,101718115,101719016,27,901
chr7,101733777,101734310,5,533
chr7,101743308,101744564,28,1256
chr7,101747878,101748136,9,258
chr7,101793205,101793383,5,178
chr7,101810534,101811177,5,643
chr7,101814149,101817720,174,3571
chr7,101842911,101842958,5,47
chr7,101856975,101857234,6,259
chr7,101869820,101870316,6,496
chr7,101890046,101890284,5,238
chr7,101898428,101900510,12,2082
chr7,101916151,101917082,11,931
chr7,101927923,101927989,6,66
chr7,101934894,101937180,19,2286
chr7,101940004,101941136,8,1132
chr7,101956106,101956292,5,186
chr7,101960072,101960949,7,877
chr7,101978739,101978927,7,188
chr7,101987608,101988240,5,632
chr7,101993187,101995021,8,1834
chr7,102006162,102006489,10,327
chr7,102018739,102018755,5,16
chr7,102045348,102045503,14,155
chr7,102079645,102080170,7,525
chr7,102096964,102097167,7,203
chr7,102113331,102113423,5,92
chr7,102179343,102181140,7,1797
chr7,102195722,102197083,22,1361
chr7,102199153,102200085,20,932
chr7,102201642,102201834,9,192
chr7,102204025,102205247,6,1222
chr7,102214661,102215766,13,1105
chr7,102220285,102220647,8,362
chr7,102225080,102225272,7,192
chr7,102248226,102249258,48,1032
chr7,102285349,102287878,84,2529
chr7,102292252,102293341,15,1089
chr7,102299567,102301179,26,1612
chr7,102307254,102307561,7,307
chr7,102317000,102317309,8,309
chr7,102321275,102322060,32,785
chr7,102333476,102333761,8,285
chr7,102363817,102364516,32,699
chr7,102396034,102397451,21,1417
chr7,102403356,102404670,8,1314
chr7,102417817,102418142,5,325
chr7,102425662,102425993,10,331
chr7,102433163,102434168,37,1005
chr7,102442611,102442944,6,333
chr7,102451057,102451244,10,187
chr7,102457390,102457852,19,462
chr7,102459070,102461261,22,2191
chr7,102464775,102465918,62,1143
chr7,102468570,102468648,8,78
chr7,102472649,102473331,5,682
chr7,102478798,102479096,12,298
chr7,102517750,102517800,9,50
chr7,102572251,102572782,23,531
chr7,102616616,102616700,10,84
chr7,102973651,102973936,8,285
chr7,103034534,103034614,5,80
chr7,103074851,103075827,66,976
chr7,103149302,103149650,17,348
chr7,103152768,103152947,5,179
chr7,103279890,103281052,21,1162
chr7,103297419,103297693,17,274
chr7,103344411,103344869,14,458
chr7,103347574,103347798,11,224
chr7,103404114,103404323,5,209
chr7,103445307,103446392,49,1085
chr7,103755205,103755424,6,219
chr7,103988752,103990689,86,1937
chr7,104208042,104208354,18,312
chr7,104231394,104231530,8,136
chr7,104328336,104329603,88,1267
chr7,104419622,104420652,8,1030
chr7,104941113,104941140,5,27
chr7,104943295,104945035,13,1740
chr7,104984103,104984267,10,164
chr7,105005593,105005662,7,69
chr7,105011706,105014386,48,2680
chr7,105247947,105248850,13,903
chr7,105301451,105301591,11,140
chr7,105329752,105329996,11,244
chr7,105384937,105385374,5,437
chr7,105387936,105389391,59,1455
chr7,105421248,105421754,12,506
chr7,105448594,105448662,5,68
chr7,105519918,105520590,8,672
chr7,105521733,105522091,25,358
chr7,105545896,105547796,8,1900
chr7,105581536,105581577,6,41
chr7,105583109,105583144,5,35
chr7,105596035,105596505,8,470
chr7,105613122,105613891,7,769
chr7,105615967,105616091,5,124
chr7,105624189,105624433,7,244
chr7,105678766,105679372,16,606
chr7,105731949,105732017,6,68
chr7,105853478,105854246,5,768
chr7,105865064,105865147,5,83
chr7,105876197,105877508,26,1311
chr7,105956028,105956112,11,84
chr7,106039413,106039709,6,296
chr7,106065601,106066003,6,402
chr7,106101437,106102449,8,1012
chr7,106111778,106112664,58,886
chr7,106176792,106176914,5,122
chr7,106284300,106286547,91,2247
chr7,106523420,106523530,5,110
chr7,106578500,106579328,9,828
chr7,106659964,106661171,42,1207
chr7,106858772,106859170,6,398
chr7,107044490,107045497,46,1007
chr7,107168460,107169866,57,1406
chr7,107176011,107176118,6,107
chr7,107563495,107564218,30,723
chr7,107579900,107580710,64,810
chr7,107660603,107661950,23,1347
chr7,107743225,107744468,47,1243
chr7,107806573,107806702,5,129
chr7,107864391,107864721,5,330
chr7,107891136,107891581,17,445
chr7,108001356,108003480,63,2124
chr7,108341220,108341366,5,146
chr7,108454862,108456639,73,1777
chr7,108525961,108526621,24,660
chr7,108569532,108570293,36,761
chr7,109795086,109795174,6,88
chr7,109833982,109834300,7,318
chr7,109866862,109866961,6,99
chr7,111493629,111493835,9,206
chr7,111561535,111562516,19,981
chr7,111728359,111728801,20,442
chr7,111756070,111756175,5,105
chr7,111844131,111844238,5,107
chr7,111934590,111934653,5,63
chr7,112205380,112207228,74,1848
chr7,112450022,112451275,37,1253
chr7,112547185,112547264,6,79
chr7,112621662,112621789,6,127
chr7,112790425,112790450,6,25
chr7,112902324,112902372,6,48
chr7,112938863,112940097,34,1234
chr7,113017372,113017385,5,13
chr7,113085807,113086925,11,1118
chr7,113118126,113118899,16,773
chr7,114083210,114083646,23,436
chr7,114084755,114087360,110,2605
chr7,114255886,114255939,5,53
chr7,114435698,114435806,5,108
chr7,114462002,114462109,7,107
chr7,114922161,114923554,67,1393
chr7,115437541,115437750,5,209
chr7,115660324,115660966,20,642
chr7,115789936,115790091,5,155
chr7,115843598,115843788,8,190
chr7,116182210,116182332,15,122
chr7,116210322,116210836,30,514
chr7,116352678,116353084,6,406
chr7,116499498,116500536,57,1038
chr7,116524708,116526241,42,1533
chr7,116671334,116672299,34,965
chr7,116861258,116861369,7,111
chr7,116862860,116862992,8,132
chr7,116919789,116920117,10,328
chr7,116929748,116929795,6,47
chr7,116952905,116954376,71,1471
chr7,117070733,117071075,8,342
chr7,117323091,117324745,64,1654
chr7,117479183,117479559,9,376
chr7,117692387,117692422,5,35
chr7,117872531,117873643,80,1112
chr7,118182659,118184364,29,1705
chr7,118214250,118214889,7,639
chr7,118670726,118670924,12,198
chr7,118858745,118858998,19,253
chr7,119950553,119950646,6,93
chr7,119951773,119951871,11,98
chr7,120086613,120086645,5,32
chr7,120272930,120273747,23,817
chr7,120857081,120858165,58,1084
chr7,120950417,120950832,19,415
chr7,121060802,121060946,6,144
chr7,121328845,121329873,14,1028
chr7,121395866,121396487,42,621
chr7,121441088,121441207,5,119
chr7,121872860,121873791,40,931
chr7,122144026,122144395,14,369
chr7,122300310,122301621,24,1311
chr7,122303817,122303898,5,81
chr7,122305265,122307381,63,2116
chr7,122310296,122312253,42,1957
chr7,122315772,122317568,40,1796
chr7,122674008,122674189,12,181
chr7,122834402,122834499,5,97
chr7,122885738,122886893,77,1155
chr7,123532158,123533024,8,866
chr7,123534620,123534927,18,307
chr7,123748469,123749549,75,1080
chr7,123763452,123763582,10,130
chr7,124032785,124033251,24,466
chr7,124064915,124065342,14,427
chr7,124480495,124480538,5,43
chr7,124564304,124564491,5,187
chr7,124764332,124765858,44,1526
chr7,124766979,124767068,5,89
chr7,124832673,124832745,5,72
chr7,124877558,124877757,7,199
chr7,125442602,125442720,5,118
chr7,125891854,125891952,5,98
chr7,126806785,126806821,6,36
chr7,127251567,127254845,117,3278
chr7,127347837,127347885,9,48
chr7,127391860,127393981,51,2121
chr7,127584891,127585769,21,878
chr7,127588067,127588785,32,718
chr7,127619958,127620759,14,801
chr7,127637371,127637413,5,42
chr7,127651779,127653013,47,1234
chr7,127672261,127672567,5,306
chr7,127691468,127691655,5,187
chr7,128030306,128033024,159,2718
chr7,128091955,128093225,6,1270
chr7,128103477,128104847,54,1370
chr7,128122518,128122739,5,221
chr7,128135624,128136795,21,1171
chr7,128166534,128169313,66,2779
chr7,128201214,128202463,30,1249
chr7,128241028,128241493,29,465
chr7,128253847,128254572,6,725
chr7,128271069,128272493,39,1424
chr7,128329617,128329701,5,84
chr7,128342861,128344403,35,1542
chr7,128351043,128352370,59,1327
chr7,128360770,128362344,52,1574
chr7,128387828,128387875,5,47
chr7,128405429,128407398,58,1969
chr7,128408651,128410221,43,1570
chr7,128454560,128456822,52,2262
chr7,128476771,128476958,18,187
chr7,128512627,128513145,7,518
chr7,128519026,128519250,5,224
chr7,128530272,128532293,60,2021
chr7,128652892,128654383,10,1491
chr7,128670386,128671240,5,854
chr7,128697384,128697752,22,368
chr7,128738782,128739782,53,1000
chr7,128790382,128792056,71,1674
chr7,128801368,128801472,6,104
chr7,128829837,128831211,55,1374
chr7,128832405,128833934,5,1529
chr7,128844166,128845046,9,880
chr7,128849433,128849506,5,73
chr7,128854204,128855167,5,963
chr7,128862778,128863180,27,402
chr7,128869379,128870264,55,885
chr7,128872277,128873001,7,724
chr7,128879020,128879582,7,562
chr7,128883870,128884375,5,505
chr7,128888711,128888873,5,162
chr7,128890771,128891195,31,424
chr7,128909922,128910664,27,742
chr7,128915356,128916431,36,1075
chr7,128920645,128921449,7,804
chr7,128933425,128933499,5,74
chr7,128937770,128939879,59,2109
chr7,128941124,128942285,6,1161
chr7,128994781,128994925,5,144
chr7,129054460,129055173,21,713
chr7,129126848,129127221,15,373
chr7,129144724,129145414,34,690
chr7,129169159,129169446,25,287
chr7,129188225,129190078,93,1853
chr7,129193122,129193715,7,593
chr7,129203389,129204560,7,1171
chr7,129208796,129209418,11,622
chr7,129221548,129221794,6,246
chr7,129224656,129225749,47,1093
chr7,129230328,129230635,6,307
chr7,129299454,129299486,5,32
chr7,129419478,129419875,5,397
chr7,129433886,129434766,38,880
chr7,129501749,129502976,82,1227
chr7,129508534,129509633,12,1099
chr7,129558196,129558282,5,86
chr7,129611332,129612461,73,1129
chr7,129663933,129664072,10,139
chr7,129734642,129735701,5,1059
chr7,129762022,129762914,28,892
chr7,129772066,129773107,13,1041
chr7,129778035,129787075,263,9040
chr7,129803114,129805435,14,2321
chr7,129824786,129826161,31,1375
chr7,129873075,129873459,5,384
chr7,129951828,129952813,26,985
chr7,129960178,129960963,5,785
chr7,129993204,129993542,5,338
chr7,130001034,130001097,6,63
chr7,130002727,130003932,10,1205
chr7,130006349,130006836,5,487
chr7,130008274,130008819,5,545
chr7,130021740,130021945,11,205
chr7,130050278,130051410,19,1132
chr7,130068289,130068709,9,420
chr7,130070077,130070790,29,713
chr7,130078230,130078679,12,449
chr7,130081143,130081412,6,269
chr7,130107700,130108184,24,484
chr7,130140663,130141841,23,1178
chr7,130150747,130150799,5,52
chr7,130153137,130153565,10,428
chr7,130154602,130154784,8,182
chr7,130205386,130205452,7,66
chr7,130272557,130273492,22,935
chr7,130373882,130374070,11,188
chr7,130379775,130379964,7,189
chr7,130382788,130383500,5,712
chr7,130399751,130401061,10,1310
chr7,130440780,130441290,29,510
chr7,130443381,130443521,8,140
chr7,130486283,130486875,10,592
chr7,130490331,130493738,73,3407
chr7,130536611,130536749,5,138
chr7,130541047,130541185,6,138
chr7,130668184,130669073,51,889
chr7,130733112,130734694,105,1582
chr7,130747590,130747971,6,381
chr7,130902070,130902339,5,269
chr7,130925794,130926351,7,557
chr7,130941234,130942504,7,1270
chr7,131021788,131021990,5,202
chr7,131058830,131059105,13,275
chr7,131093489,131093657,5,168
chr7,131105607,131108472,115,2865
chr7,131110070,131110155,5,85
chr7,131122893,131122947,6,54
chr7,131165779,131165935,6,156
chr7,131271541,131271611,5,70
chr7,131286053,131286110,5,57
chr7,131322398,131322663,6,265
chr7,131327757,131328430,34,673
chr7,131507885,131508114,8,229
chr7,131532860,131533450,7,590
chr7,131539118,131539423,6,305
chr7,131540686,131541840,9,1154
chr7,131556006,131558126,70,2120
chr7,131581464,131581600,6,136
chr7,131592998,131594020,11,1022
chr7,131604930,131606003,6,1073
chr7,131629523,131629681,5,158
chr7,131811157,131811242,7,85
chr7,131829977,131830325,9,348
chr7,131909297,131909495,23,198
chr7,131945416,131945807,30,391
chr7,132146584,132146780,9,196
chr7,132161618,132161710,6,92
chr7,132227578,132228461,6,883
chr7,132320372,132321113,7,741
chr7,132475462,132476031,6,569
chr7,132486510,132487459,7,949
chr7,132508989,132509233,5,244
chr7,132574464,132577669,119,3205
chr7,132614793,132615202,13,409
chr7,132734155,132734465,5,310
chr7,133081791,133082081,16,290
chr7,133251181,133252678,9,1497
chr7,133330640,133330857,6,217
chr7,133929132,133929226,5,94
chr7,134316473,134317083,29,610
chr7,134421456,134422811,6,1355
chr7,134458244,134458963,37,719
chr7,134549039,134549427,8,388
chr7,134646754,134647107,10,353
chr7,134891565,134891635,6,70
chr7,134946933,134947571,6,638
chr7,134986306,134986934,39,628
chr7,135166441,135166830,5,389
chr7,135170259,135171929,55,1670
chr7,135178573,135178676,6,103
chr7,135211147,135213471,58,2324
chr7,135246717,135247549,10,832
chr7,135259339,135259717,5,378
chr7,135277247,135278157,13,910
chr7,135508919,135510474,22,1555
chr7,135554761,135554992,6,231
chr7,135579793,135580662,7,869
chr7,135598022,135598190,5,168
chr7,135609402,135609504,7,102
chr7,135654173,135655717,13,1544
chr7,135662363,135663623,29,1260
chr7,135687971,135688136,5,165
chr7,135758302,135758577,5,275
chr7,135811353,135812262,5,909
chr7,135977127,135977523,35,396
chr7,136280585,136280689,5,104
chr7,136559944,136560136,9,192
chr7,136739828,136739983,6,155
chr7,136803677,136804227,11,550
chr7,136869280,136871266,33,1986
chr7,137164271,137164475,6,204
chr7,137194100,137194150,5,50
chr7,137268126,137268181,5,55
chr7,137284059,137284322,8,263
chr7,137454755,137455013,5,258
chr7,137459288,137459567,5,279
chr7,137545913,137546185,9,272
chr7,137720382,137720449,5,67
chr7,137846322,137847654,89,1332
chr7,137903714,137904588,5,874
chr7,138001546,138002341,37,795
chr7,138145995,138147319,6,1324
chr7,138454244,138455422,6,1178
chr7,138460311,138461228,84,917
chr7,138479882,138479979,5,97
chr7,138537163,138537260,7,97
chr7,138644744,138644826,7,82
chr7,138763552,138763884,6,332
chr7,138793151,138793249,6,98
chr7,138833054,138833201,6,147
chr7,138837949,138838014,5,65
chr7,138869631,138869942,17,311
chr7,138871106,138871266,11,160
chr7,138890548,138891420,5,872
chr7,138976266,138976780,5,514
chr7,138980617,138981731,62,1114
chr7,139034944,139036144,52,1200
chr7,139041552,139042855,6,1303
chr7,139076296,139076373,5,77
chr7,139104646,139104947,6,301
chr7,139108403,139110759,70,2356
chr7,139153073,139153178,9,105
chr7,139199209,139199347,8,138
chr7,139230721,139232154,45,1433
chr7,139254217,139254562,8,345
chr7,139314379,139315132,7,753
chr7,139318922,139319372,5,450
chr7,139336882,139337460,5,578
chr7,139340129,139341540,38,1411
chr7,139358100,139360316,75,2216
chr7,139390746,139390850,5,104
chr7,139482869,139484026,66,1157
chr7,139499695,139500850,16,1155
chr7,139523393,139524279,77,886
chr7,139560892,139561235,7,343
chr7,139571337,139573175,17,1838
chr7,139581057,139582127,10,1070
chr7,139596727,139596825,5,98
chr7,139600447,139600609,5,162
chr7,139744642,139745778,9,1136
chr7,139775536,139779211,126,3675
chr7,140002094,140003297,5,1203
chr7,140040014,140040181,6,167
chr7,140062523,140063323,62,800
chr7,140064410,140064472,6,62
chr7,140075557,140075617,5,60
chr7,140077322,140078068,7,746
chr7,140162085,140162188,6,103
chr7,140175634,140178476,150,2842
chr7,140230814,140231343,19,529
chr7,140271576,140271665,13,89
chr7,140292743,140292829,7,86
chr7,140333445,140333648,7,203
chr7,140390647,140391423,5,776
chr7,140396779,140398804,33,2025
chr7,140403956,140404019,5,63
chr7,140407860,140408034,12,174
chr7,140435472,140435549,10,77
chr7,140437883,140438513,5,630
chr7,140477512,140480342,53,2830
chr7,140485880,140486231,5,351
chr7,140502717,140502790,5,73
chr7,140512617,140512854,5,237
chr7,140519411,140520304,14,893
chr7,140526654,140528491,15,1837
chr7,140541682,140542657,15,975
chr7,140553949,140555441,11,1492
chr7,140567130,140568646,11,1516
chr7,140579218,140579739,8,521
chr7,140583233,140583651,7,418
chr7,140601431,140601664,7,233
chr7,140625301,140625429,5,128
chr7,140640240,140641331,69,1091
chr7,140653355,140653539,6,184
chr7,140673000,140673937,40,937
chr7,140695424,140697490,47,2066
chr7,140924084,140925076,58,992
chr7,141000743,141000877,6,134
chr7,141014967,141015142,16,175
chr7,141071319,141074809,143,3490
chr7,141084941,141084971,5,30
chr7,141099922,141099980,5,58
chr7,141292700,141292927,7,227
chr7,141468740,141468906,5,166
chr7,141511490,141512445,21,955
chr7,141551245,141551609,31,364
chr7,141661765,141662828,5,1063
chr7,141683381,141683499,5,118
chr7,141701140,141702321,28,1181
chr7,141735690,141735889,9,199
chr7,141737902,141738364,16,462
chr7,142300172,142300317,6,145
chr7,142306361,142306546,5,185
chr7,142331428,142331802,7,374
chr7,142349743,142349890,8,147
chr7,142361204,142361369,11,165
chr7,142598684,142598892,12,208
chr7,142662688,142662867,9,179
chr7,142782463,142783346,11,883
chr7,142796567,142797668,45,1101
chr7,142849663,142849817,5,154
chr7,142854063,142855327,47,1264
chr7,142908505,142909521,10,1016
chr7,143007711,143008064,6,353
chr7,143208718,143209447,5,729
chr7,143262505,143265158,24,2653
chr7,143287796,143288620,32,824
chr7,143311733,143311801,5,68
chr7,143337927,143338960,8,1033
chr7,143345700,143345770,7,70
chr7,143355500,143356766,5,1266
chr7,143360971,143363062,109,2091
chr7,143379956,143382943,81,2987
chr7,143387480,143388521,17,1041
chr7,143408073,143409205,28,1132
chr7,143413935,143414055,5,120
chr7,143783015,143783140,5,125
chr7,143836693,143837452,20,759
chr7,143882381,143882988,17,607
chr7,143901900,143902316,13,416
chr7,143968153,143969290,12,1137
chr7,144400926,144401461,9,535
chr7,144403863,144404590,13,727
chr7,144407470,144407604,6,134
chr7,144424082,144424282,6,200
chr7,144804963,144805061,5,98
chr7,144835010,144836406,40,1396
chr7,145289791,145290029,8,238
chr7,145360716,145361005,11,289
chr7,145372745,145372842,8,97
chr7,145752638,145753187,9,549
chr7,145784004,145785274,20,1270
chr7,146115779,146116894,65,1115
chr7,146662240,146663048,6,808
chr7,146664253,146665240,8,987
chr7,146842650,146842778,7,128
chr7,148021647,148022423,11,776
chr7,148228612,148228744,5,132
chr7,148268579,148268834,5,255
chr7,148317850,148318253,5,403
chr7,148339403,148339744,26,341
chr7,148369795,148370391,7,596
chr7,148444180,148444335,5,155
chr7,148445556,148445636,6,80
chr7,148475700,148476028,6,328
chr7,148485799,148486595,6,796
chr7,148501457,148501843,7,386
chr7,148520723,148521212,5,489
chr7,148656903,148657039,5,136
chr7,148661667,148662061,8,394
chr7,148689373,148689656,7,283
chr7,148698601,148699818,113,1217
chr7,148783169,148783329,16,160
chr7,148802850,148803765,5,915
chr7,148854164,148854352,6,188
chr7,148883452,148885302,120,1850
chr7,148929613,148929751,11,138
chr7,148938692,148938894,5,202
chr7,148941202,148941228,6,26
chr7,148965525,148967372,10,1847
chr7,148971142,148972298,6,1156
chr7,148981873,148983464,33,1591
chr7,148987507,148987598,5,91
chr7,148990556,148991305,9,749
chr7,149021359,149021858,5,499
chr7,149028128,149029169,64,1041
chr7,149038979,149039011,5,32
chr7,149065075,149065592,14,517
chr7,149071966,149072134,12,168
chr7,149089017,149089049,6,32
chr7,149090358,149092276,73,1918
chr7,149103864,149104861,12,997
chr7,149123728,149127633,84,3905
chr7,149144788,149144884,5,96
chr7,149146069,149148360,67,2291
chr7,149167598,149167771,5,173
chr7,149179463,149179547,5,84
chr7,149190541,149191387,9,846
chr7,149194176,149194299,6,123
chr7,149195333,149196694,46,1361
chr7,149199115,149199256,5,141
chr7,149208736,149208877,6,141
chr7,149221186,149221612,6,426
chr7,149223947,149224744,9,797
chr7,149225881,149225936,5,55
chr7,149239539,149239848,15,309
chr7,149244216,149244405,5,189
chr7,149261574,149263374,87,1800
chr7,149285088,149285658,47,570
chr7,149287342,149287477,6,135
chr7,149294212,149294970,8,758
chr7,149397976,149398756,13,780
chr7,149414790,149415656,33,866
chr7,149421807,149423873,64,2066
chr7,149432760,149433772,6,1012
chr7,149458709,149461973,111,3264
chr7,149474870,149475168,22,298
chr7,149493288,149493402,5,114
chr7,149496457,149498300,69,1843
chr7,149542075,149542210,6,135
chr7,149554407,149555117,5,710
chr7,149620314,149620515,6,201
chr7,149623685,149625079,53,1394
chr7,149691384,149692908,27,1524
chr7,149713485,149715394,57,1909
chr7,149719528,149719816,10,288
chr7,149722552,149723564,13,1012
chr7,149733239,149733816,7,577
chr7,149764768,149766449,31,1681
chr7,149771666,149775083,116,3417
chr7,149776494,149777786,7,1292
chr7,149787792,149787897,5,105
chr7,149789674,149790199,6,525
chr7,149792204,149792879,17,675
chr7,149795952,149796030,5,78
chr7,149821636,149822596,17,960
chr7,149827391,149828890,14,1499
chr7,149837709,149838798,56,1089
chr7,149864955,149864979,5,24
chr7,149873460,149874299,71,839
chr7,150046817,150049666,96,2849
chr7,150111891,150112019,7,128
chr7,150143598,150144554,6,956
chr7,150180279,150180598,7,319
chr7,150220161,150221154,21,993
chr7,150322936,150323692,45,756
chr7,150337196,150337312,6,116
chr7,150340146,150341896,40,1750
chr7,150368423,150370313,60,1890
chr7,150371922,150372856,41,934
chr7,150378178,150379575,36,1397
chr7,150384134,150384234,5,100
chr7,150396202,150398205,34,2003
chr7,150405214,150406024,31,810
chr7,150407751,150408915,22,1164
chr7,150421545,150421653,6,108
chr7,150442940,150443189,9,249
chr7,150450132,150451339,10,1207
chr7,150474095,150474240,5,145
chr7,150477187,150477497,10,310
chr7,150720084,150720554,22,470
chr7,150799784,150801677,51,1893
chr7,150824725,150825351,7,626
chr7,150859300,150860659,11,1359
chr7,150903568,150903814,5,246
chr7,150924552,150924681,6,129
chr7,150942638,150943077,5,439
chr7,150945374,150947710,23,2336
chr7,150949084,150949172,6,88
chr7,150955407,150956019,14,612
chr7,150957818,150958719,58,901
chr7,150965394,150965543,8,149
chr7,150971502,150972033,5,531
chr7,150973965,150975191,43,1226
chr7,150977665,150980037,80,2372
chr7,150985386,150987219,11,1833
chr7,150996515,150997004,9,489
chr7,150998337,150998435,5,98
chr7,151001132,151002246,7,1114
chr7,151008808,151009023,12,215
chr7,151012375,151014197,35,1822
chr7,151018363,151018482,8,119
chr7,151020542,151021324,6,782
chr7,151026866,151026984,6,118
chr7,151028675,151028930,9,255
chr7,151042055,151042127,8,72
chr7,151050098,151051497,41,1399
chr7,151056880,151060209,88,3329
chr7,151061431,151061626,6,195
chr7,151063161,151063442,9,281
chr7,151064580,151064704,11,124
chr7,151066698,151066964,14,266
chr7,151074186,151074297,9,111
chr7,151075573,151077292,12,1719
chr7,151080219,151083533,88,3314
chr7,151085932,151088666,106,2734
chr7,151090123,151090431,6,308
chr7,151100013,151100276,8,263
chr7,151103959,151105690,13,1731
chr7,151111140,151111728,7,588
chr7,151113712,151115840,139,2128
chr7,151116876,151116934,6,58
chr7,151118241,151121177,27,2936
chr7,151122260,151124407,45,2147
chr7,151125678,151126041,10,363
chr7,151140076,151140811,5,735
chr7,151143255,151143748,7,493
chr7,151166645,151168315,116,1670
chr7,151174413,151174860,26,447
chr7,151187487,151187940,8,453
chr7,151191782,151192299,12,517
chr7,151196491,151196596,6,105
chr7,151226795,151227120,26,325
chr7,151232106,151233500,55,1394
chr7,151237740,151238490,7,750
chr7,151244808,151245777,50,969
chr7,151248049,151249190,40,1141
chr7,151251527,151252168,41,641
chr7,151254877,151255013,6,136
chr7,151256597,151258393,18,1796
chr7,151275209,151275330,7,121
chr7,151277024,151277227,25,203
chr7,151303059,151305629,35,2570
chr7,151341294,151341979,19,685
chr7,151379964,151382415,30,2451
chr7,151385700,151386315,11,615
chr7,151394124,151394432,8,308
chr7,151409204,151411298,88,2094
chr7,151431964,151432383,7,419
chr7,151436901,151438168,9,1267
chr7,151439962,151440490,21,528
chr7,151447785,151448767,22,982
chr7,151469681,151470173,5,492
chr7,151518408,151519517,29,1109
chr7,151520568,151520861,16,293
chr7,151552441,151553553,5,1112
chr7,151630870,151632676,61,1806
chr7,151689620,151690689,10,1069
chr7,151694874,151696299,23,1425
chr7,151719132,151719594,7,462
chr7,151724670,151725864,14,1194
chr7,151727790,151728706,14,916
chr7,151736092,151736614,6,522
chr7,151739047,151740841,12,1794
chr7,151753890,151755132,7,1242
chr7,151776613,151777543,5,930
chr7,151783068,151784457,37,1389
chr7,151792878,151795390,21,2512
chr7,151796675,151796775,5,100
chr7,151809419,151809600,6,181
chr7,151819161,151820186,6,1025
chr7,151832905,151833176,5,271
chr7,151837894,151839568,21,1674
chr7,151840576,151840796,7,220
chr7,151844839,151845963,7,1124
chr7,151856514,151856734,8,220
chr7,151870306,151870642,9,336
chr7,151875352,151877943,107,2591
chr7,151991253,151991358,6,105
chr7,152021756,152021925,5,169
chr7,152025285,152026050,37,765
chr7,152035186,152035624,5,438
chr7,152043298,152043675,5,377
chr7,152075720,152075930,6,210
chr7,152091263,152091333,7,70
chr7,152127343,152127407,6,64
chr7,152128714,152130123,43,1409
chr7,152388483,152388841,7,358
chr7,152404356,152405441,8,1085
chr7,152434993,152436878,109,1885
chr7,152439540,152439745,6,205
chr7,152463438,152465781,97,2343
chr7,152475267,152475374,5,107
chr7,152482596,152482865,5,269
chr7,152512440,152513248,9,808
chr7,152514768,152516573,22,1805
chr7,152524070,152524712,7,642
chr7,152528403,152528528,6,125
chr7,152538171,152541431,22,3260
chr7,152562703,152562757,5,54
chr7,152566756,152567797,9,1041
chr7,152575891,152576486,8,595
chr7,152592371,152592831,14,460
chr7,152598202,152598508,8,306
chr7,152675808,152675966,13,158
chr7,152677409,152677659,6,250
chr7,152683516,152685123,15,1607
chr7,152688412,152689373,11,961
chr7,152693412,152694092,11,680
chr7,152706556,152707656,6,1100
chr7,152750403,152750672,6,269
chr7,152759690,152760213,42,523
chr7,152764943,152765210,6,267
chr7,152864509,152865238,9,729
chr7,152871283,152871339,5,56
chr7,152894176,152894501,17,325
chr7,152924960,152926164,73,1204
chr7,153004246,153004423,5,177
chr7,153008060,153008545,5,485
chr7,153015796,153016020,9,224
chr7,153017530,153017846,7,316
chr7,153020079,153020125,5,46
chr7,153083438,153083890,6,452
chr7,153087559,153088411,5,852
chr7,153400932,153401945,7,1013
chr7,153410176,153410529,5,353
chr7,153412399,153412500,5,101
chr7,153413515,153414086,9,571
chr7,153504452,153504720,7,268
chr7,153536828,153537419,6,591
chr7,153748100,153749075,21,975
chr7,153886572,153886892,22,320
chr7,153888312,153888533,26,221
chr7,153935263,153936103,8,840
chr7,154051327,154053854,91,2527
chr7,154182654,154183834,9,1180
chr7,154187908,154188120,5,212
chr7,154202375,154202662,6,287
chr7,154304774,154305468,23,694
chr7,154371742,154371947,7,205
chr7,154453112,154453234,6,122
chr7,154676103,154676663,7,560
chr7,154678562,154678662,6,100
chr7,154696083,154696354,11,271
chr7,154769456,154769529,7,73
chr7,154875756,154877223,13,1467
chr7,154879225,154880158,5,933
chr7,154892341,154892720,15,379
chr7,154897937,154898189,6,252
chr7,154906656,154907192,18,536
chr7,154913947,154915302,28,1355
chr7,155001744,155004409,110,2665
chr7,155069874,155070429,7,555
chr7,155109991,155110920,9,929
chr7,155198302,155198528,8,226
chr7,155219174,155219350,8,176
chr7,155231736,155232017,6,281
chr7,155247338,155248017,5,679
chr7,155260342,155260481,5,139
chr7,155268240,155268380,6,140
chr7,155296881,155299159,102,2278
chr7,155333486,155333781,7,295
chr7,155338742,155339200,6,458
chr7,155344470,155344904,19,434
chr7,155349819,155350217,12,398
chr7,155372002,155375612,119,3610
chr7,155377769,155378130,22,361
chr7,155381453,155382789,25,1336
chr7,155384345,155385354,9,1009
chr7,155388835,155390239,10,1404
chr7,155405289,155405916,6,627
chr7,155412316,155412930,10,614
chr7,155438676,155440530,8,1854
chr7,155448740,155451430,51,2690
chr7,155453197,155455870,71,2673
chr7,155457018,155460725,203,3707
chr7,155466170,155468378,61,2208
chr7,155471152,155471513,5,361
chr7,155484810,155484894,9,84
chr7,155489740,155492145,34,2405
chr7,155509629,155510172,28,543
chr7,155514722,155514850,8,128
chr7,155531780,155531996,6,216
chr7,155533383,155535310,41,1927
chr7,155542020,155542928,6,908
chr7,155548174,155549914,9,1740
chr7,155576705,155578215,20,1510
chr7,155590565,155591010,9,445
chr7,155602269,155602941,13,672
chr7,155643735,155645218,86,1483
chr7,155763873,155764062,8,189
chr7,155787236,155789748,62,2512
chr7,155791386,155791484,5,98
chr7,155795851,155797648,22,1797
chr7,155799509,155800395,15,886
chr7,155802457,155806711,194,4254
chr7,155808605,155810073,63,1468
chr7,155811846,155812656,29,810
chr7,155813989,155814142,8,153
chr7,155815215,155816418,14,1203
chr7,155819259,155819775,8,516
chr7,155830972,155831364,16,392
chr7,155836838,155836987,5,149
chr7,155844398,155845963,16,1565
chr7,155880578,155880724,5,146
chr7,155945871,155946192,8,321
chr7,155951541,155953349,24,1808
chr7,155954432,155954692,5,260
chr7,155998480,155998669,11,189
chr7,156004304,156004985,5,681
chr7,156039943,156040535,20,592
chr7,156062943,156063592,9,649
chr7,156074177,156076190,13,2013
chr7,156099011,156099238,5,227
chr7,156105685,156106264,8,579
chr7,156120792,156121416,6,624
chr7,156126059,156127761,14,1702
chr7,156143248,156145420,17,2172
chr7,156157302,156157544,11,242
chr7,156160368,156161076,12,708
chr7,156168480,156168718,8,238
chr7,156178377,156179288,6,911
chr7,156198245,156199117,11,872
chr7,156290500,156290591,5,91
chr7,156318639,156319051,11,412
chr7,156365219,156365741,7,522
chr7,156388078,156388168,6,90
chr7,156397331,156397380,5,49
chr7,156466486,156466525,5,39
chr7,156543523,156543895,8,372
chr7,156607471,156608187,43,716
chr7,156616043,156617147,38,1104
chr7,156639551,156640924,59,1373
chr7,156674104,156676028,9,1924
chr7,156749878,156751020,5,1142
chr7,156892375,156893806,27,1431
chr7,156908117,156909100,11,983
chr7,156938865,156939151,5,286
chr7,156940448,156940644,7,196
chr7,156942399,156942772,14,373
chr7,156948587,156951226,78,2639
chr7,156962542,156963019,7,477
chr7,156970511,156970566,5,55
chr7,156986800,156987256,8,456
chr7,156989176,156990024,8,848
chr7,156992052,156992201,6,149
chr7,156993366,156994529,8,1163
chr7,156999631,157000799,74,1168
chr7,157002283,157011583,327,9300
chr7,157016784,157019653,51,2869
chr7,157020690,157022127,71,1437
chr7,157032883,157033563,7,680
chr7,157040133,157041273,13,1140
chr7,157044082,157044462,5,380
chr7,157045524,157045683,5,159
chr7,157078111,157078866,27,755
chr7,157087839,157088057,16,218
chr7,157090525,157090584,5,59
chr7,157098398,157098906,5,508
chr7,157112850,157112907,5,57
chr7,157124738,157126004,11,1266
chr7,157138529,157139705,50,1176
chr7,157142755,157142960,5,205
chr7,157144166,157144384,9,218
chr7,157217693,157217832,5,139
chr7,157266170,157266230,5,60
chr7,157273569,157273769,11,200
chr7,157276201,157277396,16,1195
chr7,157279255,157279765,39,510
chr7,157281160,157282695,18,1535
chr7,157289450,157291449,17,1999
chr7,157292826,157293439,7,613
chr7,157300162,157300822,6,660
chr7,157318108,157318418,5,310
chr7,157336498,157337638,31,1140
chr7,157339341,157339390,6,49
chr7,157374152,157374352,5,200
chr7,157400280,157401045,8,765
chr7,157402653,157403121,8,468
chr7,157405769,157405968,6,199
chr7,157409903,157410222,8,319
chr7,157411980,157412284,5,304
chr7,157416387,157417855,14,1468
chr7,157420428,157420573,7,145
chr7,157427133,157427917,8,784
chr7,157432666,157432811,8,145
chr7,157441840,157443399,22,1559
chr7,157457486,157457727,9,241
chr7,157466176,157466626,12,450
chr7,157469491,157470731,15,1240
chr7,157484927,157485364,9,437
chr7,157487584,157488325,11,741
chr7,157499216,157499342,8,126
chr7,157500811,157503075,21,2264
chr7,157514161,157514356,5,195
chr7,157538491,157538529,5,38
chr7,157539621,157540270,22,649
chr7,157542690,157543060,13,370
chr7,157555525,157555583,8,58
chr7,157574047,157574770,6,723
chr7,157577211,157577268,5,57
chr7,157579570,157579624,5,54
chr7,157585503,157586811,12,1308
chr7,157593801,157597171,23,3370
chr7,157598208,157598499,10,291
chr7,157603987,157604063,5,76
chr7,157610422,157610564,5,142
chr7,157612946,157614260,50,1314
chr7,157620280,157621888,29,1608
chr7,157630473,157631348,12,875
chr7,157633743,157634603,7,860
chr7,157652274,157653033,5,759
chr7,157658821,157659158,7,337
chr7,157661048,157661799,22,751
chr7,157668395,157669103,11,708
chr7,157673829,157676579,13,2750
chr7,157683309,157686817,155,3508
chr7,157688399,157693834,202,5435
chr7,157701747,157702590,22,843
chr7,157705772,157706981,11,1209
chr7,157710687,157711749,8,1062
chr7,157719509,157720562,13,1053
chr7,157728979,157729383,8,404
chr7,157737760,157740458,21,2698
chr7,157747904,157749730,18,1826
chr7,157758046,157758148,17,102
chr7,157784817,157785242,6,425
chr7,157787214,157788171,8,957
chr7,157789191,157789289,5,98
chr7,157792758,157794357,21,1599
chr7,157796259,157797136,9,877
chr7,157800050,157800402,7,352
chr7,157812693,157813918,36,1225
chr7,157827639,157827753,5,114
chr7,157855741,157856057,8,316
chr7,157857433,157857696,7,263
chr7,157861811,157863041,23,1230
chr7,157873148,157873378,5,230
chr7,157875415,157875886,8,471
chr7,157877120,157878032,18,912
chr7,157896568,157897513,12,945
chr7,157904304,157907363,17,3059
chr7,157910144,157910188,5,44
chr7,157918442,157918481,5,39
chr7,157951456,157951829,8,373
chr7,157986842,157988680,23,1838
chr7,157991281,157991587,8,306
chr7,157998148,157999585,8,1437
chr7,158000626,158002742,19,2116
chr7,158016246,158016330,6,84
chr7,158026062,158026189,12,127
chr7,158031927,158032362,8,435
chr7,158051619,158051832,5,213
chr7,158055541,158056024,5,483
chr7,158064303,158064512,7,209
chr7,158076252,158076482,6,230
chr7,158094258,158094378,5,120
chr7,158097185,158098985,18,1800
chr7,158112500,158113932,5,1432
chr7,158126957,158127482,5,525
chr7,158133837,158134773,8,936
chr7,158142209,158143276,10,1067
chr7,158157575,158159539,8,1964
chr7,158191869,158192705,11,836
chr7,158253050,158253530,13,480
chr7,158257115,158259399,15,2284
chr7,158266596,158266704,6,108
chr7,158269048,158269128,5,80
chr7,158278500,158280617,27,2117
chr7,158316714,158318146,30,1432
chr7,158320991,158321224,9,233
chr7,158357133,158357872,12,739
chr7,158371988,158372920,8,932
chr7,158377605,158378076,5,471
chr7,158392612,158393428,7,816
chr7,158408499,158409600,6,1101
chr7,158410887,158411057,6,170
chr7,158414384,158414796,6,412
chr7,158422703,158423365,6,662
chr7,158424428,158424831,12,403
chr7,158425851,158425949,10,98
chr7,158428384,158429084,9,700
chr7,158445920,158445989,5,69
chr7,158447788,158447929,5,141
chr7,158452447,158452537,5,90
chr7,158461420,158461692,5,272
chr7,158468610,158468961,6,351
chr7,158473418,158473587,7,169
chr7,158485050,158485267,7,217
chr7,158488350,158490829,46,2479
chr7,158492197,158492375,6,178
chr7,158500853,158501285,21,432
chr7,158539636,158539715,5,79
chr7,158543007,158544202,5,1195
chr7,158546319,158546382,5,63
chr7,158556749,158556843,8,94
chr7,158569451,158571018,67,1567
chr7,158576233,158576545,6,312
chr7,158586427,158589192,85,2765
chr7,158601566,158602403,5,837
chr7,158623328,158623486,9,158
chr7,158704473,158705364,68,891
chr7,158707335,158707583,5,248
chr7,158712461,158712701,5,240
chr7,158796903,158797102,6,199
chr7,158828195,158831798,131,3603
chr7,158856322,158857061,46,739
chr7,158862891,158864102,19,1211
chr7,158877196,158878643,22,1447
chr7,158909655,158910153,16,498
chr7,158923618,158923712,8,94
chr7,158956479,158958442,32,1963
chr7,158961705,158962025,8,320
chr7,158972595,158976291,64,3696
chr7,158996211,158997225,12,1014
chr7,159001241,159002497,9,1256
chr7,159005138,159005945,13,807
chr7,159015878,159016854,7,976
chr7,159029053,159033548,58,4495
chr7,159041081,159041236,5,155
chr7,159061509,159061920,18,411
chr7,159063100,159064850,30,1750
chr7,159069955,159070303,9,348
chr7,159091011,159091688,5,677
chr7,159092749,159096338,13,3589
chr7,159103532,159104787,7,1255
chr7,159106491,159107718,6,1227
chr7,159112794,159112889,7,95
chr7,159142390,159142944,9,554
chr7,159144400,159145444,60,1044
chr7,159155397,159156584,5,1187
chr7,159211716,159211783,5,67
chr7,159231067,159231376,9,309
chr8,205954,207226,26,1272
chr8,229137,229228,9,91
chr8,232312,232609,14,297
chr8,263740,263800,7,60
chr8,266457,266798,14,341
chr8,385341,385563,10,222
chr8,406788,406998,19,210
chr8,482186,482303,6,117
chr8,544076,546739,128,2663
chr8,575780,576453,7,673
chr8,579277,580556,15,1279
chr8,634722,635290,5,568
chr8,641730,643548,10,1818
chr8,649916,650603,25,687
chr8,660887,661237,10,350
chr8,670342,671021,6,679
chr8,677891,677942,5,51
chr8,686526,688418,71,1892
chr8,690494,690653,9,159
chr8,702158,703772,9,1614
chr8,724256,725152,14,896
chr8,730812,731224,23,412
chr8,736886,739516,217,2630
chr8,750041,753298,19,3257
chr8,759439,759613,7,174
chr8,761068,761124,7,56
chr8,766098,766454,5,356
chr8,784722,786383,12,1661
chr8,811064,811199,5,135
chr8,836397,837169,12,772
chr8,843000,843453,6,453
chr8,862143,862395,8,252
chr8,866873,867078,7,205
chr8,897554,897621,8,67
chr8,900170,900729,33,559
chr8,916514,916910,5,396
chr8,924305,924567,9,262
chr8,926927,927032,7,105
chr8,943377,943460,6,83
chr8,945571,950164,44,4593
chr8,973839,973953,18,114
chr8,983960,984060,5,100
chr8,999917,1000667,10,750
chr8,1026029,1026072,5,43
chr8,1029951,1032048,13,2097
chr8,1055631,1055724,6,93
chr8,1068542,1069485,5,943
chr8,1076901,1077173,7,272
chr8,1091194,1091295,6,101
chr8,1092362,1092970,5,608
chr8,1096712,1099335,18,2623
chr8,1101519,1101599,5,80
chr8,1102851,1103176,9,325
chr8,1111096,1111285,5,189
chr8,1112365,1112929,8,564
chr8,1127694,1128229,9,535
chr8,1140217,1140261,5,44
chr8,1154723,1157565,34,2842
chr8,1163086,1163934,26,848
chr8,1185028,1185156,6,128
chr8,1187383,1188671,31,1288
chr8,1199995,1201003,18,1008
chr8,1204142,1204415,5,273
chr8,1253094,1253622,14,528
chr8,1257607,1257747,10,140
chr8,1260576,1261093,5,517
chr8,1266646,1266676,5,30
chr8,1281793,1282274,12,481
chr8,1293374,1294023,6,649
chr8,1295349,1297024,18,1675
chr8,1302498,1302636,7,138
chr8,1303788,1303835,6,47
chr8,1313095,1313644,6,549
chr8,1326509,1327054,12,545
chr8,1334678,1335942,8,1264
chr8,1339153,1339231,6,78
chr8,1359114,1360930,20,1816
chr8,1366922,1367123,5,201
chr8,1373280,1373465,22,185
chr8,1414412,1414589,5,177
chr8,1416883,1417040,10,157
chr8,1436986,1437878,28,892
chr8,1442450,1442709,9,259
chr8,1451803,1452000,5,197
chr8,1456731,1456894,10,163
chr8,1465961,1466035,5,74
chr8,1468230,1469027,7,797
chr8,1482972,1483113,11,141
chr8,1491349,1492768,18,1419
chr8,1495302,1495902,13,600
chr8,1507079,1507273,5,194
chr8,1548181,1550262,67,2081
chr8,1585929,1586226,5,297
chr8,1595591,1595668,7,77
chr8,1614449,1615392,7,943
chr8,1630650,1630972,10,322
chr8,1640676,1640947,6,271
chr8,1647413,1647693,5,280
chr8,1675180,1675261,10,81
chr8,1694550,1694742,6,192
chr8,1701296,1701536,29,240
chr8,1708705,1708819,5,114
chr8,1733425,1733649,5,224
chr8,1744605,1744903,6,298
chr8,1749262,1749438,11,176
chr8,1763210,1766240,62,3030
chr8,1780501,1781282,11,781
chr8,1785286,1785316,5,30
chr8,1797843,1798027,5,184
chr8,1816769,1819013,21,2244
chr8,1823196,1824467,81,1271
chr8,1829796,1830383,9,587
chr8,1833506,1834224,8,718
chr8,1844383,1844586,9,203
chr8,1856556,1857042,14,486
chr8,1859074,1859366,9,292
chr8,1862066,1862871,14,805
chr8,1870048,1870110,7,62
chr8,1877527,1878922,9,1395
chr8,1880204,1881359,14,1155
chr8,1892736,1892876,5,140
chr8,1901346,1901722,8,376
chr8,1922210,1922657,13,447
chr8,1929530,1929722,9,192
chr8,1930732,1930952,10,220
chr8,1937932,1938010,6,78
chr8,1945695,1948822,19,3127
chr8,1950234,1951302,9,1068
chr8,1963362,1963526,5,164
chr8,1966632,1966881,8,249
chr8,1973566,1974660,81,1094
chr8,1975813,1976245,8,432
chr8,2000622,2002993,102,2371
chr8,2005212,2007370,9,2158
chr8,2020869,2021901,10,1032
chr8,2023025,2026880,28,3855
chr8,2042982,2043460,6,478
chr8,2055865,2055940,6,75
chr8,2069389,2069674,10,285
chr8,2071133,2072522,14,1389
chr8,2073544,2073701,6,157
chr8,2076206,2076281,6,75
chr8,2084228,2085368,8,1140
chr8,2090131,2090190,5,59
chr8,2097950,2098331,8,381
chr8,2101204,2102120,15,916
chr8,2138493,2139436,9,943
chr8,2181914,2182076,6,162
chr8,2198842,2200365,16,1523
chr8,2215031,2216092,9,1061
chr8,2229566,2229757,8,191
chr8,2504206,2506576,7,2370
chr8,2529750,2530188,7,438
chr8,2546684,2546836,8,152
chr8,2589564,2589762,5,198
chr8,2727131,2728550,49,1419
chr8,2963370,2963428,5,58
chr8,3021810,3022260,8,450
chr8,3046642,3046944,5,302
chr8,3113240,3113367,5,127
chr8,3141658,3141922,12,264
chr8,3180350,3180678,5,328
chr8,3387573,3387648,5,75
chr8,3488263,3488697,6,434
chr8,3491791,3491912,6,121
chr8,3536718,3537046,5,328
chr8,3626130,3626186,5,56
chr8,3691132,3691298,6,166
chr8,4040844,4041109,6,265
chr8,4107703,4108593,8,890
chr8,4124943,4125096,6,153
chr8,4146772,4147798,8,1026
chr8,4415423,4415541,6,118
chr8,4484691,4484796,6,105
chr8,4530898,4532966,11,2068
chr8,4561348,4563017,5,1669
chr8,4584248,4584590,5,342
chr8,4713163,4713470,5,307
chr8,4749919,4750098,6,179
chr8,4787158,4787298,8,140
chr8,4882369,4882469,5,100
chr8,4896668,4896861,5,193
chr8,4955644,4955751,5,107
chr8,4991641,4994648,88,3007
chr8,4996428,4996818,6,390
chr8,6152740,6152798,6,58
chr8,6201760,6202142,5,382
chr8,6287453,6288031,10,578
chr8,6405761,6407438,39,1677
chr8,6504249,6504448,5,199
chr8,6597314,6597622,6,308
chr8,6611679,6613567,21,1888
chr8,6650924,6651188,6,264
chr8,6656011,6656064,5,53
chr8,6708037,6708907,31,870
chr8,6773740,6774209,6,469
chr8,6798789,6800800,11,2011
chr8,6806717,6807262,6,545
chr8,6814137,6814330,6,193
chr8,6834337,6835998,22,1661
chr8,6840616,6841428,8,812
chr8,6883490,6884248,11,758
chr8,7041527,7042146,5,619
chr8,7064936,7065901,8,965
chr8,7086591,7086689,7,98
chr8,7091739,7092116,6,377
chr8,7158175,7158727,6,552
chr8,7228117,7228175,9,58
chr8,7354899,7355324,16,425
chr8,8247185,8247334,5,149
chr8,8318499,8318894,18,395
chr8,8327988,8328261,11,273
chr8,8370870,8371346,7,476
chr8,8376496,8377673,9,1177
chr8,8385708,8386656,48,948
chr8,8629708,8630200,9,492
chr8,8701403,8703344,77,1941
chr8,8722643,8723703,50,1060
chr8,8789650,8789989,5,339
chr8,8796608,8797658,12,1050
chr8,8841999,8842155,6,156
chr8,8891209,8894332,141,3123
chr8,8963558,8963706,12,148
chr8,9002741,9003028,29,287
chr8,9128310,9128623,6,313
chr8,9139910,9141096,8,1186
chr8,9149124,9149187,5,63
chr8,9150696,9152807,77,2111
chr8,9173015,9173705,12,690
chr8,9192590,9192788,8,198
chr8,9249443,9249883,25,440
chr8,9252252,9252336,5,84
chr8,9278134,9278484,6,350
chr8,9324063,9324100,5,37
chr8,9387814,9388009,5,195
chr8,9403519,9403618,6,99
chr8,9420124,9420331,7,207
chr8,9515154,9515367,5,213
chr8,9556085,9556605,34,520
chr8,9575327,9575372,5,45
chr8,9620010,9620214,7,204
chr8,9634927,9635126,16,199
chr8,9702940,9703116,7,176
chr8,9857134,9857361,9,227
chr8,9897386,9899446,41,2060
chr8,9903292,9907471,158,4179
chr8,9912774,9914130,11,1356
chr8,9920998,9921122,9,124
chr8,9932821,9934131,16,1310
chr8,10054420,10055085,31,665
chr8,10147020,10147936,12,916
chr8,10214195,10214533,8,338
chr8,10269563,10269812,6,249
chr8,10284257,10284489,6,232
chr8,10295178,10295366,5,188
chr8,10334574,10335295,28,721
chr8,10358460,10358685,5,225
chr8,10389106,10389614,5,508
chr8,10404212,10405310,8,1098
chr8,10424404,10425813,14,1409
chr8,10430505,10431278,6,773
chr8,10495617,10496179,5,562
chr8,10547257,10548701,14,1444
chr8,10551418,10552347,5,929
chr8,10590315,10590430,6,115
chr8,10596054,10596694,6,640
chr8,10602672,10602917,7,245
chr8,10607405,10609309,9,1904
chr8,10611779,10613101,18,1322
chr8,10633408,10636298,17,2890
chr8,10671322,10672789,12,1467
chr8,10679002,10679842,6,840
chr8,10690218,10691072,5,854
chr8,10710250,10711332,7,1082
chr8,10716096,10717366,20,1270
chr8,10726106,10726561,19,455
chr8,10729280,10735754,188,6474
chr8,10839461,10839855,29,394
chr8,10848986,10851773,17,2787
chr8,10945981,10946369,7,388
chr8,10951465,10951582,5,117
chr8,10965705,10965845,8,140
chr8,11013861,11018261,94,4400
chr8,11039670,11039975,7,305
chr8,11056018,11056594,7,576
chr8,11059253,11059453,13,200
chr8,11091653,11093216,12,1563
chr8,11172641,11173200,6,559
chr8,11200208,11201917,97,1709
chr8,11284243,11286387,53,2144
chr8,11330187,11330230,5,43
chr8,11336711,11338438,8,1727
chr8,11347039,11348148,31,1109
chr8,11410541,11412256,10,1715
chr8,11435953,11436134,7,181
chr8,11449371,11449529,5,158
chr8,11461027,11462187,8,1160
chr8,11465942,11467455,54,1513
chr8,11543140,11543612,5,472
chr8,11550306,11551631,8,1325
chr8,11563548,11564800,16,1252
chr8,11566739,11567816,16,1077
chr8,11577160,11577936,5,776
chr8,11587254,11588558,9,1304
chr8,11593946,11594081,9,135
chr8,11613156,11613706,28,550
chr8,11641124,11641353,12,229
chr8,11679411,11681836,112,2425
chr8,11682933,11684007,17,1074
chr8,11692469,11693045,47,576
chr8,11697025,11698697,32,1672
chr8,11700627,11705075,112,4448
chr8,11707619,11711249,116,3630
chr8,11714452,11714978,7,526
chr8,11759518,11759684,6,166
chr8,11769510,11770672,34,1162
chr8,11794775,11794855,10,80
chr8,11802238,11803385,73,1147
chr8,11835038,11835471,6,433
chr8,11845769,11845875,5,106
chr8,11847391,11849133,6,1742
chr8,11853464,11854046,6,582
chr8,11859227,11859812,5,585
chr8,11866889,11869297,88,2408
chr8,11876464,11877910,9,1446
chr8,11886294,11886405,6,111
chr8,11905396,11906572,6,1176
chr8,11913352,11913461,6,109
chr8,11942208,11942417,10,209
chr8,11965444,11965755,5,311
chr8,11986327,11986866,17,539
chr8,12013543,12013647,7,104
chr8,12014813,12015157,18,344
chr8,12031838,12031912,7,74
chr8,12665113,12665699,35,586
chr8,12690227,12690906,5,679
chr8,12715244,12715374,6,130
chr8,12754113,12755882,127,1769
chr8,12766197,12766778,7,581
chr8,12796317,12796655,18,338
chr8,12931468,12932600,19,1132
chr8,12951350,12952432,71,1082
chr8,12994532,12994842,8,310
chr8,13033655,13034063,8,408
chr8,13049128,13049408,6,280
chr8,13082189,13083119,5,930
chr8,13100487,13100632,10,145
chr8,13132105,13133650,67,1545
chr8,13154488,13154559,9,71
chr8,13162483,13162776,6,293
chr8,13276270,13276707,35,437
chr8,13459724,13459946,5,222
chr8,13541572,13541635,6,63
chr8,13566742,13566910,16,168
chr8,13664849,13665164,6,315
chr8,13905832,13906023,8,191
chr8,14122016,14122193,11,177
chr8,14264612,14264788,9,176
chr8,14325833,14325883,6,50
chr8,14598391,14599013,6,622
chr8,15054676,15054781,5,105
chr8,15074543,15074713,5,170
chr8,15147466,15147573,6,107
chr8,15236862,15237775,37,913
chr8,15343355,15343488,5,133
chr8,15483528,15483816,6,288
chr8,15508188,15508554,6,366
chr8,15539497,15540730,51,1233
chr8,16035971,16036438,10,467
chr8,16120245,16120301,5,56
chr8,16179801,16180082,5,281
chr8,16249340,16249675,5,335
chr8,16755289,16755535,6,246
chr8,16775606,16775799,8,193
chr8,16783872,16784100,5,228
chr8,16864321,16864349,5,28
chr8,16920470,16920533,7,63
chr8,17000865,17002446,51,1581
chr8,17027087,17027707,29,620
chr8,17146025,17146304,9,279
chr8,17150529,17150721,5,192
chr8,17153628,17153676,5,48
chr8,17156156,17157163,60,1007
chr8,17246985,17248350,31,1365
chr8,17299919,17300070,5,151
chr8,17364190,17364324,7,134
chr8,17413147,17413581,55,434
chr8,17496870,17497730,60,860
chr8,17530078,17530302,7,224
chr8,17576614,17577575,17,961
chr8,17628154,17628544,7,390
chr8,17651701,17651828,5,127
chr8,17800902,17801734,70,832
chr8,17912526,17912783,11,257
chr8,17918384,17919009,6,625
chr8,17922576,17924157,39,1581
chr8,18030206,18030519,5,313
chr8,18083932,18084949,19,1017
chr8,18319943,18320760,5,817
chr8,18385374,18387750,46,2376
chr8,18418932,18419092,6,160
chr8,18666951,18668095,14,1144
chr8,18767603,18768158,8,555
chr8,19012604,19014443,66,1839
chr8,19074426,19074713,7,287
chr8,19118175,19118378,5,203
chr8,19237212,19237617,12,405
chr8,19262398,19262555,5,157
chr8,19278173,19278320,5,147
chr8,19313489,19314544,85,1055
chr8,19610576,19610920,6,344
chr8,19756920,19758333,54,1413
chr8,19769143,19769250,5,107
chr8,19816526,19817765,53,1239
chr8,19939399,19940919,39,1520
chr8,20145842,20146342,5,500
chr8,20196659,20196778,5,119
chr8,20234845,20235021,8,176
chr8,20245418,20245669,8,251
chr8,20252903,20253004,5,101
chr8,20254958,20256000,11,1042
chr8,20261501,20261863,6,362
chr8,20268944,20268984,5,40
chr8,20302498,20304759,53,2261
chr8,20387455,20387552,5,97
chr8,20405889,20406063,5,174
chr8,20425547,20426203,6,656
chr8,20559116,20559615,7,499
chr8,20711855,20711971,5,116
chr8,21023001,21024262,11,1261
chr8,21210079,21210253,6,174
chr8,21250846,21250939,5,93
chr8,21310250,21313757,23,3507
chr8,21417298,21417565,5,267
chr8,21692306,21693576,9,1270
chr8,21750576,21750916,12,340
chr8,21780210,21780843,7,633
chr8,21784480,21784908,13,428
chr8,21787026,21790234,150,3208
chr8,21811552,21812426,13,874
chr8,21895640,21895915,9,275
chr8,21906552,21906939,6,387
chr8,21909388,21909732,8,344
chr8,21911727,21912930,18,1203
chr8,21918581,21920556,88,1975
chr8,21944728,21944778,5,50
chr8,21996847,21996969,5,122
chr8,22010267,22010558,13,291
chr8,22024440,22025558,26,1118
chr8,22043043,22044299,13,1256
chr8,22046562,22047082,5,520
chr8,22048370,22050522,57,2152
chr8,22056834,22056974,6,140
chr8,22066330,22067809,63,1479
chr8,22086524,22086864,20,340
chr8,22088910,22090913,41,2003
chr8,22101797,22103038,8,1241
chr8,22106153,22106408,6,255
chr8,22108390,22109837,58,1447
chr8,22116636,22117571,9,935
chr8,22118782,22120852,24,2070
chr8,22130548,22131915,66,1367
chr8,22133229,22133871,13,642
chr8,22135817,22136010,5,193
chr8,22137326,22139699,15,2373
chr8,22141416,22142999,59,1583
chr8,22147021,22147676,11,655
chr8,22156640,22157640,51,1000
chr8,22163980,22165808,72,1828
chr8,22185179,22185380,6,201
chr8,22201220,22201376,7,156
chr8,22209817,22210094,5,277
chr8,22220213,22220443,5,230
chr8,22227806,22229586,16,1780
chr8,22231682,22232188,10,506
chr8,22243685,22245467,61,1782
chr8,22275279,22275577,15,298
chr8,22320256,22320676,6,420
chr8,22323010,22323240,5,230
chr8,22355795,22355929,6,134
chr8,22366270,22368912,60,2642
chr8,22381012,22381363,9,351
chr8,22392307,22392651,9,344
chr8,22395327,22396730,9,1403
chr8,22409201,22409307,6,106
chr8,22438625,22439321,18,696
chr8,22440634,22441733,83,1099
chr8,22497115,22497263,9,148
chr8,22498990,22499113,5,123
chr8,22551049,22552337,73,1288
chr8,22554098,22554978,17,880
chr8,22561567,22562443,18,876
chr8,22564899,22566400,80,1501
chr8,22572348,22572394,5,46
chr8,22577841,22580997,62,3156
chr8,22589191,22589555,10,364
chr8,22598205,22601092,55,2887
chr8,22603086,22603241,5,155
chr8,22604549,22605678,52,1129
chr8,22616244,22616740,9,496
chr8,22622980,22623083,8,103
chr8,22635775,22636218,7,443
chr8,22668794,22669376,28,582
chr8,22690332,22692915,113,2583
chr8,22693956,22695756,72,1800
chr8,22703468,22703948,47,480
chr8,22717856,22718058,10,202
chr8,22736767,22737988,15,1221
chr8,22747751,22748444,8,693
chr8,22755087,22755428,8,341
chr8,22768840,22768911,5,71
chr8,22775266,22775889,11,623
chr8,22778281,22778611,7,330
chr8,22781251,22781513,8,262
chr8,22784551,22785253,17,702
chr8,22836501,22836717,5,216
chr8,22844139,22844332,6,193
chr8,22865131,22866422,72,1291
chr8,22879618,22879696,6,78
chr8,22911503,22912474,14,971
chr8,22972913,22974113,9,1200
chr8,22999288,23000489,68,1201
chr8,23007384,23007701,9,317
chr8,23019506,23019825,11,319
chr8,23068275,23069643,56,1368
chr8,23070765,23071148,21,383
chr8,23103063,23103722,30,659
chr8,23124751,23125141,7,390
chr8,23135672,23136091,5,419
chr8,23163192,23164364,46,1172
chr8,23172662,23172902,9,240
chr8,23181984,23182083,6,99
chr8,23223935,23226455,36,2520
chr8,23241438,23241813,7,375
chr8,23246624,23246680,6,56
chr8,23273164,23273651,7,487
chr8,23288082,23288605,32,523
chr8,23302844,23303512,5,668
chr8,23343880,23344250,5,370
chr8,23370403,23370749,5,346
chr8,23402987,23404251,69,1264
chr8,23428016,23428498,6,482
chr8,23432938,23432996,6,58
chr8,23457246,23458069,24,823
chr8,23468746,23469090,6,344
chr8,23479757,23481075,5,1318
chr8,23490133,23490276,5,143
chr8,23521869,23521974,6,105
chr8,23528740,23529987,60,1247
chr8,23541267,23541642,5,375
chr8,23547815,23549509,7,1694
chr8,23552239,23553377,6,1138
chr8,23571168,23572017,11,849
chr8,23628652,23628833,7,181
chr8,23681801,23682921,70,1120
chr8,23701993,23702306,9,313
chr8,23703418,23703650,5,232
chr8,23704963,23707078,56,2115
chr8,23709306,23710250,35,944
chr8,23714355,23714891,36,536
chr8,23726489,23727294,36,805
chr8,23748048,23748451,12,403
chr8,23903524,23903680,5,156
chr8,23969796,23969995,5,199
chr8,24415172,24415292,8,120
chr8,24579065,24579203,7,138
chr8,24628103,24628173,5,70
chr8,24899872,24900019,5,147
chr8,24912817,24914132,39,1315
chr8,24941824,24944523,43,2699
chr8,24955192,24956648,40,1456
chr8,25000022,25001494,39,1472
chr8,25024305,25024394,5,89
chr8,25079550,25080303,6,753
chr8,25183976,25185729,68,1753
chr8,25190720,25190876,7,156
chr8,25229338,25229501,5,163
chr8,25248299,25248629,8,330
chr8,25345910,25345942,5,32
chr8,25372575,25373031,8,456
chr8,25457881,25459602,54,1721
chr8,25645707,25646290,7,583
chr8,25736004,25736048,5,44
chr8,25907571,25908932,6,1361
chr8,25910007,25910141,5,134
chr8,25974826,25975241,7,415
chr8,25983686,25983791,5,105
chr8,26039517,26044760,147,5243
chr8,26046177,26050987,90,4810
chr8,26070233,26070859,5,626
chr8,26089153,26089426,6,273
chr8,26189556,26190427,25,871
chr8,26290773,26292049,30,1276
chr8,26369453,26369583,6,130
chr8,26382895,26383604,38,709
chr8,26434021,26434154,7,133
chr8,26440172,26441321,12,1149
chr8,26448314,26449967,46,1653
chr8,26507886,26508675,12,789
chr8,26512397,26515266,90,2869
chr8,26577054,26579737,123,2683
chr8,26623718,26623814,5,96
chr8,26663991,26664346,6,355
chr8,26864007,26867189,80,3182
chr8,27274542,27274728,12,186
chr8,27289155,27290156,5,1001
chr8,27310766,27311586,32,820
chr8,27324893,27326063,19,1170
chr8,27435611,27435789,6,178
chr8,27490830,27491182,19,352
chr8,27583744,27583866,5,122
chr8,27592474,27593283,14,809
chr8,27598353,27598599,11,246
chr8,27600762,27601345,8,583
chr8,27604121,27605160,12,1039
chr8,27613259,27613342,5,83
chr8,27614462,27615005,27,543
chr8,27633110,27634053,45,943
chr8,27636330,27637144,14,814
chr8,27670946,27671388,6,442
chr8,27712487,27712649,5,162
chr8,27772333,27772655,17,322
chr8,27774553,27775160,10,607
chr8,27837238,27838013,25,775
chr8,27892672,27892766,8,94
chr8,27922188,27922296,8,108
chr8,27981767,27982395,11,628
chr8,28065253,28065319,5,66
chr8,28092811,28093082,13,271
chr8,28190667,28191853,8,1186
chr8,28317117,28317379,12,262
chr8,28339217,28339409,7,192
chr8,28347754,28350167,19,2413
chr8,28385157,28386957,121,1800
chr8,28401881,28402613,33,732
chr8,28404425,28405006,8,581
chr8,28411710,28412390,56,680
chr8,28419225,28419367,5,142
chr8,28421148,28421282,6,134
chr8,28424286,28424641,8,355
chr8,28427499,28428195,5,696
chr8,28462403,28462439,5,36
chr8,28490335,28491741,12,1406
chr8,28493753,28495287,87,1534
chr8,28510893,28511031,6,138
chr8,28527777,28528096,6,319
chr8,28622360,28623074,51,714
chr8,28624322,28625274,5,952
chr8,28634385,28634687,6,302
chr8,28700622,28703206,71,2584
chr8,28716272,28717441,27,1169
chr8,28753284,28753382,7,98
chr8,28778452,28779912,10,1460
chr8,28889955,28891413,53,1458
chr8,29070320,29071883,29,1563
chr8,29161203,29161815,5,612
chr8,29197261,29197787,7,526
chr8,29251007,29251075,5,68
chr8,29262231,29263082,59,851
chr8,29291195,29291368,5,173
chr8,29315163,29315507,12,344
chr8,29347996,29353075,264,5079
chr8,29372761,29373531,17,770
chr8,29499154,29499587,5,433
chr8,29673419,29673540,6,121
chr8,30027289,30027682,34,393
chr8,30033766,30034476,9,710
chr8,30049485,30049962,6,477
chr8,30082238,30082971,26,733
chr8,30088107,30088466,11,359
chr8,30095245,30095839,58,594
chr8,30113588,30113698,5,110
chr8,30282031,30282209,5,178
chr8,30384022,30385498,89,1476
chr8,30442649,30442874,13,225
chr8,30528099,30528139,5,40
chr8,30564559,30564880,6,321
chr8,30657808,30658838,47,1030
chr8,30727279,30729304,58,2025
chr8,30730960,30731365,6,405
chr8,30744146,30744423,10,277
chr8,30811827,30812871,39,1044
chr8,30818025,30818343,5,318
chr8,30911922,30912320,32,398
chr8,31032541,31034015,60,1474
chr8,31177679,31177752,5,73
chr8,31186206,31186654,9,448
chr8,31215425,31215576,5,151
chr8,31355582,31355640,5,58
chr8,31639144,31640781,60,1637
chr8,32025804,32026192,13,388
chr8,32220758,32220801,6,43
chr8,32548018,32549365,77,1347
chr8,32647400,32648541,9,1141
chr8,32971000,32971229,6,229
chr8,33331198,33331761,11,563
chr8,33472783,33473205,16,422
chr8,33484378,33485436,28,1058
chr8,33512377,33513099,17,722
chr8,33514428,33514478,6,50
chr8,33566303,33567376,48,1073
chr8,33571986,33572018,5,32
chr8,33573936,33575099,16,1163
chr8,33593676,33593922,7,246
chr8,33596208,33596506,5,298
chr8,33599288,33599711,20,423
chr8,33632918,33633158,5,240
chr8,33999660,33999705,5,45
chr8,34018816,34018954,9,138
chr8,34784604,34784870,9,266
chr8,34918262,34918608,6,346
chr8,35132348,35132935,6,587
chr8,35235192,35237068,80,1876
chr8,35396392,35396512,5,120
chr8,35869554,35869732,6,178
chr8,36121357,36121798,12,441
chr8,36207359,36207558,5,199
chr8,36779171,36779288,5,117
chr8,36834962,36835438,6,476
chr8,37224821,37225059,12,238
chr8,37325746,37326045,6,299
chr8,37520375,37520707,5,332
chr8,37543505,37543932,5,427
chr8,37581243,37581339,7,96
chr8,37612497,37612795,5,298
chr8,37694499,37700779,171,6280
chr8,37703222,37703618,10,396
chr8,37735329,37737040,25,1711
chr8,37747847,37748199,9,352
chr8,37762276,37764414,17,2138
chr8,37782052,37782182,5,130
chr8,37786823,37788210,6,1387
chr8,37795540,37798347,96,2807
chr8,37801781,37803315,8,1534
chr8,37805725,37805823,7,98
chr8,37832837,37833348,12,511
chr8,37841183,37842979,50,1796
chr8,37849792,37849948,11,156
chr8,37897890,37899447,54,1557
chr8,37933226,37933333,5,107
chr8,37964649,37967441,46,2792
chr8,38027782,38027904,5,122
chr8,38029981,38031797,49,1816
chr8,38048850,38048938,5,88
chr8,38104942,38105721,24,779
chr8,38174948,38177822,57,2874
chr8,38197967,38198990,6,1023
chr8,38230332,38232177,47,1845
chr8,38268352,38269302,41,950
chr8,38306971,38307031,6,60
chr8,38372839,38372964,11,125
chr8,38381825,38384219,85,2394
chr8,38386515,38387086,26,571
chr8,38397058,38397219,5,161
chr8,38429867,38430900,8,1033
chr8,38432342,38432505,6,163
chr8,38440241,38440859,11,618
chr8,38450304,38450474,6,170
chr8,38462452,38463037,8,585
chr8,38465511,38466307,41,796
chr8,38467464,38469184,99,1720
chr8,38494868,38495043,6,175
chr8,38509876,38511234,5,1358
chr8,38513552,38513887,10,335
chr8,38553730,38554626,12,896
chr8,38650874,38651052,22,178
chr8,38719116,38719648,7,532
chr8,38728805,38729254,8,449
chr8,38756939,38757692,42,753
chr8,38786730,38788109,53,1379
chr8,38899815,38901846,83,2031
chr8,38920173,38920243,6,70
chr8,38936645,38937313,6,668
chr8,38974024,38974904,64,880
chr8,38996088,38998317,89,2229
chr8,39035540,39035673,6,133
chr8,39107562,39108155,38,593
chr8,39339040,39339148,5,108
chr8,39623665,39623757,5,92
chr8,39837472,39838258,6,786
chr8,39898978,39899408,7,430
chr8,39950873,39951359,5,486
chr8,39978170,39979103,12,933
chr8,39995841,39996542,9,701
chr8,40282154,40282190,5,36
chr8,40410442,40410550,6,108
chr8,40833492,40833658,5,166
chr8,40882430,40883399,6,969
chr8,40897147,40898088,16,941
chr8,41056811,41056935,7,124
chr8,41092513,41092889,8,376
chr8,41249782,41250093,9,311
chr8,41263110,41263621,7,511
chr8,41307844,41311374,87,3530
chr8,41315731,41315870,5,139
chr8,41341270,41341823,5,553
chr8,41343188,41343315,8,127
chr8,41361554,41361746,5,192
chr8,41403113,41404739,11,1626
chr8,41490342,41491264,56,922
chr8,41528651,41529729,42,1078
chr8,41540540,41540624,5,84
chr8,41542284,41543510,8,1226
chr8,41566249,41567771,21,1522
chr8,41576471,41579612,56,3141
chr8,41603183,41603316,5,133
chr8,41611946,41612255,5,309
chr8,41621135,41621172,6,37
chr8,41647777,41647892,6,115
chr8,41651536,41651703,5,167
chr8,41653549,41654365,39,816
chr8,41668341,41669339,6,998
chr8,41671397,41671895,14,498
chr8,41684168,41684509,5,341
chr8,41692181,41692348,6,167
chr8,41696558,41697677,7,1119
chr8,41698696,41698889,5,193
chr8,41701468,41701952,15,484
chr8,41714184,41714552,5,368
chr8,41725209,41725835,18,626
chr8,41727970,41728058,5,88
chr8,41766956,41767678,45,722
chr8,41773226,41773838,5,612
chr8,41797039,41798192,13,1153
chr8,41828698,41829052,14,354
chr8,41834626,41835098,8,472
chr8,41855643,41855996,9,353
chr8,41875260,41876371,32,1111
chr8,41895583,41897661,100,2078
chr8,41903672,41903890,8,218
chr8,41905270,41905457,6,187
chr8,41960438,41960761,5,323
chr8,42050894,42052525,102,1631
chr8,42139719,42140874,26,1155
chr8,42152583,42153709,52,1126
chr8,42171489,42171925,5,436
chr8,42179837,42180334,21,497
chr8,42194852,42195352,13,500
chr8,42207582,42208223,6,641
chr8,42217971,42218074,8,103
chr8,42225219,42225372,5,153
chr8,42265292,42265640,7,348
chr8,42271051,42271879,33,828
chr8,42275934,42277686,10,1752
chr8,42288685,42289043,11,358
chr8,42297152,42297433,5,281
chr8,42358098,42358273,6,175
chr8,42363969,42364611,6,642
chr8,42390424,42392214,46,1790
chr8,42411738,42411867,11,129
chr8,42412981,42414507,9,1526
chr8,42428132,42428721,5,589
chr8,42474640,42476402,14,1762
chr8,42536999,42537062,5,63
chr8,42540216,42542107,88,1891
chr8,42575185,42575319,9,134
chr8,42582345,42583425,6,1080
chr8,42594685,42594747,6,62
chr8,42689543,42689900,9,357
chr8,42691355,42692416,13,1061
chr8,42716677,42716874,9,197
chr8,42785499,42786975,14,1476
chr8,42799849,42801071,6,1222
chr8,42805836,42806094,5,258
chr8,42818463,42818942,7,479
chr8,42824525,42824659,6,134
chr8,42826412,42826878,8,466
chr8,42843001,42844524,21,1523
chr8,42876992,42877311,8,319
chr8,42895930,42897929,118,1999
chr8,42903812,42904402,10,590
chr8,42939544,42940217,7,673
chr8,43044440,43044534,5,94
chr8,43056219,43056669,16,450
chr8,43075672,43076176,6,504
chr8,43091960,43094332,55,2372
chr8,43100829,43100904,5,75
chr8,43139946,43141447,42,1501
chr8,43200787,43201051,7,264
chr8,43204562,43205149,11,587
chr8,43236442,43236513,6,71
chr8,43246401,43247540,44,1139
chr8,43271953,43272047,11,94
chr8,43276035,43277469,61,1434
chr8,43292246,43292909,7,663
chr8,43544822,43551353,81,6531
chr8,43561549,43563621,27,2072
chr8,43566381,43569235,22,2854
chr8,46023621,46024676,14,1055
chr8,46029612,46030581,10,969
chr8,46111034,46111166,7,132
chr8,46181204,46181591,8,387
chr8,46196622,46196726,7,104
chr8,46202029,46202450,7,421
chr8,46210303,46210567,6,264
chr8,46229017,46230858,14,1841
chr8,46243537,46245257,10,1720
chr8,46254776,46254861,5,85
chr8,46330160,46330771,8,611
chr8,46340646,46341787,15,1141
chr8,46376825,46376967,5,142
chr8,46403855,46404331,6,476
chr8,46438763,46439658,7,895
chr8,46572597,46572634,5,37
chr8,46616991,46617490,10,499
chr8,46917732,46918054,9,322
chr8,46954770,46955616,17,846
chr8,47179839,47180195,12,356
chr8,47188594,47189204,28,610
chr8,47259652,47261048,39,1396
chr8,47342429,47342596,6,167
chr8,47422566,47422654,5,88
chr8,47484860,47485061,8,201
chr8,47505601,47505688,8,87
chr8,47620603,47620778,8,175
chr8,47639804,47639872,5,68
chr8,47736411,47739398,95,2987
chr8,47762445,47764480,27,2035
chr8,47771126,47771420,9,294
chr8,47891674,47891960,5,286
chr8,47931983,47932051,5,68
chr8,47945882,47946816,7,934
chr8,47959099,47961346,69,2247
chr8,47963175,47963359,5,184
chr8,47977648,47977717,6,69
chr8,47997366,47998813,13,1447
chr8,48008350,48008821,56,471
chr8,48069285,48069450,9,165
chr8,48145423,48145599,6,176
chr8,48318932,48318977,6,45
chr8,48380335,48380897,31,562
chr8,48396518,48397156,26,638
chr8,48430399,48431318,16,919
chr8,48470030,48470135,5,105
chr8,48514562,48515940,27,1378
chr8,48555243,48556398,45,1155
chr8,48582544,48583757,13,1213
chr8,48624004,48624970,6,966
chr8,48626584,48627331,8,747
chr8,48634174,48634743,9,569
chr8,48659456,48659833,7,377
chr8,48682914,48683228,18,314
chr8,48788911,48789824,8,913
chr8,48805541,48805635,5,94
chr8,48816674,48817518,13,844
chr8,48834910,48835217,11,307
chr8,48869342,48870702,37,1360
chr8,48910785,48910884,9,99
chr8,48913591,48913883,8,292
chr8,48921308,48921699,20,391
chr8,48976489,48977070,17,581
chr8,48978122,48978410,18,288
chr8,49025239,49025355,5,116
chr8,49202527,49202585,6,58
chr8,49307402,49307502,7,100
chr8,49401302,49402289,17,987
chr8,49669707,49669897,5,190
chr8,49827798,49827858,5,60
chr8,49863077,49863211,5,134
chr8,49909806,49911725,38,1919
chr8,49987741,49987838,5,97
chr8,50849831,50849899,5,68
chr8,50962620,50962686,5,66
chr8,51159275,51159324,5,49
chr8,51181580,51181731,5,151
chr8,51210969,51211609,5,640
chr8,51230717,51230766,6,49
chr8,51377538,51377833,12,295
chr8,51408372,51409875,43,1503
chr8,51472232,51472436,5,204
chr8,51760982,51761015,5,33
chr8,51790629,51792530,14,1901
chr8,51898306,51900150,41,1844
chr8,51956483,51956794,6,311
chr8,51976978,51977039,6,61
chr8,52007633,52007738,6,105
chr8,52100006,52101250,31,1244
chr8,52367107,52367314,8,207
chr8,52388257,52389849,18,1592
chr8,52409938,52410000,8,62
chr8,52413819,52414875,12,1056
chr8,52480954,52481069,5,115
chr8,52562844,52566162,67,3318
chr8,52713741,52714513,69,772
chr8,52893657,52894191,10,534
chr8,52939768,52942233,69,2465
chr8,53062255,53062429,6,174
chr8,53198673,53199069,6,396
chr8,53241929,53242084,6,155
chr8,53250781,53252487,76,1706
chr8,53352730,53352773,5,43
chr8,53413474,53414006,7,532
chr8,53471800,53472228,6,428
chr8,53484493,53484636,5,143
chr8,53522625,53523688,6,1063
chr8,53711635,53712529,18,894
chr8,53731759,53731880,6,121
chr8,53775091,53776124,10,1033
chr8,53801869,53802516,6,647
chr8,53842529,53843544,39,1015
chr8,53877262,53882638,140,5376
chr8,53951941,53952202,7,261
chr8,53957944,53958264,5,320
chr8,54021929,54023235,55,1306
chr8,54029514,54030121,5,607
chr8,54041357,54041420,5,63
chr8,54101646,54102044,17,398
chr8,54104311,54104410,8,99
chr8,54135163,54135944,27,781
chr8,54140550,54140659,5,109
chr8,54174524,54176411,30,1887
chr8,54215516,54215896,5,380
chr8,54300198,54300636,9,438
chr8,54316118,54316660,7,542
chr8,54372103,54372295,5,192
chr8,54373364,54373701,13,337
chr8,54381354,54382161,12,807
chr8,54453550,54454958,68,1408
chr8,54457782,54459659,88,1877
chr8,54466413,54467665,64,1252
chr8,54469442,54471476,41,2034
chr8,54538844,54539009,5,165
chr8,54554468,54554635,7,167
chr8,54621357,54621407,8,50
chr8,55004645,55005515,16,870
chr8,55075161,55075407,5,246
chr8,55100211,55103190,155,2979
chr8,55365631,55365975,6,344
chr8,55419004,55419213,5,209
chr8,55451588,55452471,22,883
chr8,55454003,55455283,31,1280
chr8,55689524,55689707,8,183
chr8,55706710,55706770,5,60
chr8,55772881,55773559,30,678
chr8,55824040,55824264,5,224
chr8,55844271,55844679,12,408
chr8,55845705,55845926,5,221
chr8,55847140,55849072,9,1932
chr8,55856783,55857564,9,781
chr8,55879323,55880739,59,1416
chr8,55891276,55891347,6,71
chr8,55896502,55896831,5,329
chr8,55936564,55936862,5,298
chr8,55939629,55940463,11,834
chr8,56010524,56010827,5,303
chr8,56044553,56044623,5,70
chr8,56074230,56074288,7,58
chr8,56113055,56113983,26,928
chr8,56117590,56117940,10,350
chr8,56157196,56157476,14,280
chr8,56210214,56210630,13,416
chr8,56211725,56212365,26,640
chr8,56319612,56320682,50,1070
chr8,56445708,56448255,102,2547
chr8,56545119,56545420,5,301
chr8,56653617,56654547,17,930
chr8,56713488,56713830,5,342
chr8,56993499,56994579,28,1080
chr8,56996062,56996111,7,49
chr8,57142755,57143495,16,740
chr8,57194174,57194216,6,42
chr8,57202435,57202804,8,369
chr8,57204109,57204181,5,72
chr8,57210254,57210450,7,196
chr8,57214062,57215099,10,1037
chr8,57219097,57219312,7,215
chr8,57326857,57326920,5,63
chr8,57354554,57354813,6,259
chr8,57831863,57832254,9,391
chr8,57919439,57919471,5,32
chr8,57994427,57995096,58,669
chr8,58145483,58146520,24,1037
chr8,58411298,58411582,33,284
chr8,58495058,58495318,6,260
chr8,58553063,58553600,24,537
chr8,58659127,58659842,49,715
chr8,58671872,58671930,6,58
chr8,58690703,58691543,5,840
chr8,58808021,58808107,6,86
chr8,59063548,59063716,6,168
chr8,59117975,59120399,86,2424
chr8,59261574,59261749,5,175
chr8,59281651,59281715,5,64
chr8,59550319,59551007,7,688
chr8,59761194,59762366,24,1172
chr8,60153221,60153278,5,57
chr8,60280778,60281481,43,703
chr8,60412676,60413063,10,387
chr8,60414559,60414802,7,243
chr8,60494025,60494107,5,82
chr8,60516860,60518484,47,1624
chr8,60651873,60652224,40,351
chr8,60653264,60654053,20,789
chr8,60657491,60658289,6,798
chr8,60677838,60680481,148,2643
chr8,60714139,60715443,13,1304
chr8,60852096,60852240,9,144
chr8,60865446,60865638,7,192
chr8,60908881,60911051,42,2170
chr8,60921461,60923375,30,1914
chr8,61017042,61017400,6,358
chr8,61021453,61021652,5,199
chr8,61139227,61139557,18,330
chr8,61177064,61177205,6,141
chr8,61234156,61234496,5,340
chr8,61714076,61714635,24,559
chr8,61810250,61810417,11,167
chr8,62143200,62143568,15,368
chr8,62247919,62249418,83,1499
chr8,63038564,63039544,59,980
chr8,63085678,63086153,42,475
chr8,63125108,63126151,6,1043
chr8,63138886,63139783,7,897
chr8,63168152,63169174,30,1022
chr8,63576859,63577027,5,168
chr8,64013589,64013740,13,151
chr8,64368840,64372374,99,3534
chr8,64373443,64374764,39,1321
chr8,64376670,64378367,35,1697
chr8,64382055,64382249,9,194
chr8,64576382,64581544,155,5162
chr8,64586505,64587261,12,756
chr8,64798475,64799133,42,658
chr8,64819793,64820094,6,301
chr8,64880035,64880393,7,358
chr8,65455070,65455485,10,415
chr8,65554037,65554210,5,173
chr8,65617740,65618809,13,1069
chr8,65623231,65623437,6,206
chr8,65632537,65632740,6,203
chr8,65634127,65634483,9,356
chr8,65636087,65636964,7,877
chr8,65642562,65642861,9,299
chr8,65643912,65645818,40,1906
chr8,65841154,65842733,53,1579
chr8,65863035,65863111,5,76
chr8,66112627,66114065,66,1438
chr8,66176972,66178318,42,1346
chr8,66228404,66228547,5,143
chr8,66387458,66387559,6,101
chr8,66389797,66390010,5,213
chr8,66428636,66430835,45,2199
chr8,66432538,66432589,8,51
chr8,66439538,66439603,10,65
chr8,66542057,66542730,12,673
chr8,66612666,66614029,38,1363
chr8,66661924,66663061,5,1137
chr8,66666403,66667444,28,1041
chr8,66687688,66687720,5,32
chr8,66691323,66691525,12,202
chr8,66705786,66706302,7,516
chr8,66712497,66712912,48,415
chr8,66749057,66749295,5,238
chr8,66775257,66775532,21,275
chr8,66870681,66870748,11,67
chr8,66924559,66927018,64,2459
chr8,66961154,66962847,81,1693
chr8,66986482,66986639,13,157
chr8,67028222,67028790,36,568
chr8,67052744,67052866,5,122
chr8,67061671,67062336,21,665
chr8,67064332,67064992,33,660
chr8,67343082,67343932,35,850
chr8,67933288,67933437,7,149
chr8,67946104,67946162,5,58
chr8,67952153,67952686,27,533
chr8,68292394,68293551,9,1157
chr8,68330759,68331648,60,889
chr8,68527303,68527347,6,44
chr8,68842829,68842980,6,151
chr8,68999992,69000092,5,100
chr8,69254271,69254320,5,49
chr8,69442801,69443064,5,263
chr8,69492561,69492945,11,384
chr8,69626671,69626794,11,123
chr8,69634627,69635637,5,1010
chr8,69710318,69711187,5,869
chr8,69832584,69835196,87,2612
chr8,69860370,69860417,6,47
chr8,69873335,69873373,5,38
chr8,69931322,69931861,5,539
chr8,69942899,69943469,9,570
chr8,69952454,69952722,7,268
chr8,69963241,69963439,7,198
chr8,69993331,69994994,29,1663
chr8,70013339,70013655,6,316
chr8,70032884,70034774,31,1890
chr8,70069646,70073548,111,3902
chr8,70094065,70094472,5,407
chr8,70225315,70225405,5,90
chr8,70401866,70404596,131,2730
chr8,70607472,70608549,49,1077
chr8,70669052,70669957,20,905
chr8,71547401,71548218,75,817
chr8,71557195,71557242,6,47
chr8,71558296,71558508,7,212
chr8,71607197,71607241,5,44
chr8,71841760,71845268,77,3508
chr8,72251577,72251633,7,56
chr8,72299705,72300385,6,680
chr8,72536491,72537792,42,1301
chr8,72936780,72936818,5,38
chr8,73008324,73009332,36,1008
chr8,73090450,73090531,5,81
chr8,73092620,73093616,55,996
chr8,73285684,73286050,12,366
chr8,73293054,73295847,95,2793
chr8,73370619,73370772,6,153
chr8,73419630,73420622,14,992
chr8,73447961,73449033,10,1072
chr8,73603742,73604526,8,784
chr8,73745953,73748148,89,2195
chr8,73874287,73874344,6,57
chr8,73878306,73879168,53,862
chr8,73934258,73934646,11,388
chr8,73947276,73947312,5,36
chr8,73972043,73972887,26,844
chr8,73976044,73978518,32,2474
chr8,74178690,74178812,6,122
chr8,74284410,74284791,5,381
chr8,74320528,74321822,55,1294
chr8,74350287,74350729,20,442
chr8,74600233,74600630,8,397
chr8,74613646,74613763,6,117
chr8,74771850,74771989,19,139
chr8,74962984,74963016,5,32
chr8,74984294,74985216,26,922
chr8,75072182,75072287,8,105
chr8,75404018,75404834,35,816
chr8,75407242,75409782,50,2540
chr8,75512557,75512755,9,198
chr8,75525369,75525463,7,94
chr8,76041625,76042047,7,422
chr8,76674197,76674622,14,425
chr8,76681014,76683326,81,2312
chr8,76705518,76706150,8,632
chr8,76854762,76855596,11,834
chr8,76999966,77000463,22,497
chr8,77957243,77957371,10,128
chr8,78516326,78516438,22,112
chr8,78665671,78666724,24,1053
chr8,78804418,78804865,17,447
chr8,79070097,79070426,9,329
chr8,79377495,79377909,5,414
chr8,79612081,79613407,39,1326
chr8,79765391,79765425,5,34
chr8,79767067,79770679,72,3612
chr8,79784103,79784285,12,182
chr8,79827495,79827754,5,259
chr8,79890961,79892613,38,1652
chr8,80029811,80030026,18,215
chr8,80171316,80171813,43,497
chr8,80219065,80219494,6,429
chr8,80233674,80233840,7,166
chr8,80283829,80283950,5,121
chr8,80300190,80301488,8,1298
chr8,80367156,80367374,5,218
chr8,80394572,80394885,5,313
chr8,80415896,80415956,5,60
chr8,80485871,80486771,71,900
chr8,80566091,80566216,8,125
chr8,80578058,80579075,67,1017
chr8,80873005,80874654,85,1649
chr8,80893859,80893934,6,75
chr8,80953524,80953588,5,64
chr8,81110926,81111838,15,912
chr8,81280173,81280910,50,737
chr8,81630966,81631015,5,49
chr8,81686219,81686987,14,768
chr8,81721235,81721633,9,398
chr8,81732350,81732568,7,218
chr8,81841852,81843131,40,1279
chr8,82090800,82090892,5,92
chr8,82192243,82192532,5,289
chr8,82441392,82441533,15,141
chr8,82442732,82442889,9,157
chr8,82880748,82880807,6,59
chr8,82884998,82885172,5,174
chr8,83251396,83251636,6,240
chr8,83694226,83694367,8,141
chr8,83970976,83971159,5,183
chr8,84045744,84045862,6,118
chr8,84182602,84182771,7,169
chr8,84184072,84184922,25,850
chr8,85107035,85107432,32,397
chr8,85169750,85170116,5,366
chr8,85177237,85178024,76,787
chr8,85220249,85220773,11,524
chr8,85245158,85245931,29,773
chr8,85273485,85274149,7,664
chr8,85276032,85276181,18,149
chr8,85277363,85277497,6,134
chr8,85438231,85438778,22,547
chr8,85463452,85464854,89,1402
chr8,85642244,85642745,12,501
chr8,86069457,86069590,16,133
chr8,86105401,86105775,6,374
chr8,86197952,86198554,5,602
chr8,86342072,86343144,36,1072
chr8,86508345,86508782,33,437
chr8,86514348,86514666,22,318
chr8,86966354,86966686,10,332
chr8,87025689,87025859,8,170
chr8,87102714,87102774,5,60
chr8,87842735,87842790,6,55
chr8,87872104,87872765,10,661
chr8,87873974,87875286,15,1312
chr8,87892945,87893012,5,67
chr8,87971118,87971271,13,153
chr8,88237504,88237573,6,69
chr8,88326829,88328553,37,1724
chr8,88352745,88352919,5,174
chr8,88436610,88436734,6,124
chr8,89639035,89639104,6,69
chr8,89757415,89758035,30,620
chr8,89867983,89868045,5,62
chr8,89900937,89903092,103,2155
chr8,89984201,89984656,29,455
chr8,90000935,90001968,56,1033
chr8,90082830,90082925,7,95
chr8,90097348,90097983,5,635
chr8,90604880,90606515,12,1635
chr8,90645772,90646326,23,554
chr8,90791493,90791779,18,286
chr8,90985390,90985460,11,70
chr8,91040695,91040871,16,176
chr8,91070259,91070858,11,599
chr8,91388231,91388339,8,108
chr8,91773103,91773278,11,175
chr8,91817564,91817869,5,305
chr8,92062674,92062744,7,70
chr8,92101698,92104051,84,2353
chr8,92374986,92375046,7,60
chr8,92401266,92401525,5,259
chr8,92584186,92584535,5,349
chr8,92965828,92966279,13,451
chr8,93116869,93117625,8,756
chr8,93225618,93225748,6,130
chr8,93495958,93496067,5,109
chr8,93646968,93647050,5,82
chr8,93675258,93675383,5,125
chr8,93700235,93701139,48,904
chr8,93733846,93734704,9,858
chr8,93740838,93741363,19,525
chr8,93754773,93755051,10,278
chr8,93916483,93917895,109,1412
chr8,93991561,93991725,12,164
chr8,94261805,94262399,41,594
chr8,94474811,94475072,10,261
chr8,94553021,94553639,21,618
chr8,94569647,94569724,7,77
chr8,94612949,94613772,8,823
chr8,94638632,94642487,106,3855
chr8,94656055,94656281,6,226
chr8,94700853,94700994,5,141
chr8,94715828,94716264,8,436
chr8,94718626,94719905,22,1279
chr8,94764299,94764403,5,104
chr8,94792527,94792712,6,185
chr8,94804427,94804543,7,116
chr8,94822460,94823559,38,1099
chr8,94894568,94896859,127,2291
chr8,94948524,94950238,95,1714
chr8,95024953,95026340,48,1387
chr8,95038801,95039309,5,508
chr8,95073142,95073688,30,546
chr8,95133746,95134680,46,934
chr8,95268300,95269319,35,1019
chr8,95693465,95693553,5,88
chr8,95735369,95735454,5,85
chr8,96144420,96145801,70,1381
chr8,96150130,96150303,9,173
chr8,96154543,96154634,8,91
chr8,96157436,96161812,129,4376
chr8,96197296,96197471,7,175
chr8,96261443,96262489,72,1046
chr8,96330099,96330328,5,229
chr8,96418897,96419046,5,149
chr8,96452391,96452497,7,106
chr8,96493536,96494257,49,721
chr8,96645117,96645263,13,146
chr8,96652824,96652929,5,105
chr8,97209360,97209616,8,256
chr8,97232396,97232559,5,163
chr8,97277433,97279035,39,1602
chr8,97304245,97305002,6,757
chr8,97445871,97446000,6,129
chr8,97556935,97557262,36,327
chr8,97643260,97644962,54,1702
chr8,97738306,97738719,5,413
chr8,97740219,97740761,5,542
chr8,97747657,97747712,6,55
chr8,97768628,97768861,5,233
chr8,97774065,97776798,85,2733
chr8,97786615,97786673,5,58
chr8,97800554,97800589,5,35
chr8,97849831,97850164,10,333
chr8,97868049,97869605,47,1556
chr8,97874448,97874624,5,176
chr8,97893737,97893832,6,95
chr8,98045166,98046111,41,945
chr8,98063666,98064973,30,1307
chr8,98117290,98117615,26,325
chr8,98130053,98130362,8,309
chr8,98170055,98170201,9,146
chr8,98242730,98242779,6,49
chr8,98293433,98294291,70,858
chr8,98364194,98365056,8,862
chr8,98426465,98427640,110,1175
chr8,98687236,98687464,5,228
chr8,98800646,98801661,11,1015
chr8,98825266,98826043,39,777
chr8,98897416,98897435,5,19
chr8,98939819,98942485,130,2666
chr8,98944065,98945438,57,1373
chr8,98947626,98949938,78,2312
chr8,98972418,98972718,23,300
chr8,98973890,98974603,44,713
chr8,99013038,99013259,9,221
chr8,99893091,99893607,24,516
chr8,100106064,100106464,18,400
chr8,100143916,100145886,46,1970
chr8,100150548,100150698,10,150
chr8,100157214,100158443,46,1229
chr8,100165505,100165544,5,39
chr8,100212800,100213734,68,934
chr8,100229133,100229398,6,265
chr8,100245581,100245645,5,64
chr8,100309147,100310579,86,1432
chr8,100317056,100317145,10,89
chr8,100559237,100560334,46,1097
chr8,100582743,100582875,6,132
chr8,100649407,100649786,23,379
chr8,100668822,100669241,6,419
chr8,100714653,100714703,5,50
chr8,100720951,100722871,92,1920
chr8,100808837,100810140,9,1303
chr8,100847562,100847760,8,198
chr8,100908006,100909582,18,1576
chr8,100928106,100928204,5,98
chr8,100950478,100953397,96,2919
chr8,100971355,100971425,5,70
chr8,100999412,100999476,5,64
chr8,101080505,101081249,32,744
chr8,101084700,101085399,6,699
chr8,101116510,101117216,5,706
chr8,101126411,101126468,7,57
chr8,101136606,101136999,6,393
chr8,101170150,101170336,5,186
chr8,101186077,101186284,6,207
chr8,101205397,101206701,60,1304
chr8,101224125,101224218,8,93
chr8,101360012,101360069,5,57
chr8,101438614,101438754,8,140
chr8,101445459,101445669,6,210
chr8,101492529,101494441,58,1912
chr8,101558586,101558759,9,173
chr8,102123518,102125631,24,2113
chr8,102238579,102239776,57,1197
chr8,102244103,102244273,5,170
chr8,102363747,102364144,5,397
chr8,102411589,102413632,58,2043
chr8,102485780,102485857,8,77
chr8,102527959,102529048,7,1089
chr8,102600832,102601161,10,329
chr8,102617304,102617409,7,105
chr8,102626933,102627439,6,506
chr8,102654080,102657450,111,3370
chr8,102659208,102659504,6,296
chr8,102716333,102716992,6,659
chr8,102738593,102738805,13,212
chr8,102795258,102795645,12,387
chr8,102805508,102807354,53,1846
chr8,102809782,102810977,39,1195
chr8,102863167,102864767,70,1600
chr8,103021119,103021248,9,129
chr8,103105638,103106058,6,420
chr8,103140516,103141464,60,948
chr8,103298588,103299362,70,774
chr8,103371442,103372063,26,621
chr8,103414784,103415594,57,810
chr8,103498841,103501890,111,3049
chr8,103529584,103529672,6,88
chr8,104049278,104049343,5,65
chr8,104223091,104224131,57,1040
chr8,104363332,104363455,7,123
chr8,104367417,104367454,6,37
chr8,104392785,104392876,6,91
chr8,104466524,104467111,51,587
chr8,104588266,104589732,50,1466
chr8,104633049,104633233,10,184
chr8,105318397,105319278,47,881
chr8,105387630,105387702,9,72
chr8,105670420,105670782,5,362
chr8,106270094,106271870,56,1776
chr8,106637955,106638373,6,418
chr8,106657836,106658080,22,244
chr8,106770138,106770182,5,44
chr8,106908559,106908658,5,99
chr8,107280320,107280435,5,115
chr8,107573402,107573724,6,322
chr8,107662465,107662596,6,131
chr8,108081804,108084050,66,2246
chr8,108443866,108443944,10,78
chr8,108786938,108787644,29,706
chr8,109071154,109071327,7,173
chr8,109151136,109151185,6,49
chr8,109333721,109334384,9,663
chr8,109362354,109362476,6,122
chr8,109539897,109540396,11,499
chr8,109644043,109645488,46,1445
chr8,109691231,109691887,48,656
chr8,109776796,109776917,5,121
chr8,109973947,109975958,43,2011
chr8,110202535,110202982,19,447
chr8,110308152,110308888,7,736
chr8,110502176,110502281,5,105
chr8,110684779,110684839,5,60
chr8,110734031,110735124,10,1093
chr8,110822212,110822826,10,614
chr8,111039522,111041152,16,1630
chr8,111100493,111101133,9,640
chr8,111271851,111271963,5,112
chr8,111332021,111332271,10,250
chr8,111472395,111472720,6,325
chr8,111538224,111538330,5,106
chr8,112082466,112083294,10,828
chr8,112132662,112133802,17,1140
chr8,112647394,112647467,7,73
chr8,113313185,113313482,11,297
chr8,113432166,113432571,7,405
chr8,113437553,113437969,6,416
chr8,113658565,113658698,8,133
chr8,113807308,113807373,5,65
chr8,113875956,113876191,9,235
chr8,113901203,113901239,5,36
chr8,114236416,114236502,5,86
chr8,114342089,114342279,7,190
chr8,114875511,114875739,5,228
chr8,114886395,114886604,11,209
chr8,115111793,115111869,5,76
chr8,115442832,115442952,6,120
chr8,115648346,115648443,14,97
chr8,115667517,115669218,43,1701
chr8,116063127,116063414,5,287
chr8,116531154,116531191,5,37
chr8,116703272,116703659,8,387
chr8,116755773,116755837,5,64
chr8,116766467,116766576,9,109
chr8,116874167,116874731,39,564
chr8,116949746,116950050,21,304
chr8,117520664,117520911,16,247
chr8,118074440,118074622,14,182
chr8,118092646,118092719,5,73
chr8,118109716,118113194,81,3478
chr8,118304092,118305048,9,956
chr8,118621246,118621505,11,259
chr8,118921482,118921514,6,32
chr8,118951711,118952391,41,680
chr8,119207793,119209757,63,1964
chr8,119361413,119361638,6,225
chr8,119416336,119416778,21,442
chr8,119554425,119554517,7,92
chr8,119671911,119672242,7,331
chr8,119673257,119673446,12,189
chr8,119767202,119767579,6,377
chr8,119832083,119833318,8,1235
chr8,119855331,119856011,52,680
chr8,119872799,119872863,5,64
chr8,119873967,119874307,28,340
chr8,120049630,120049823,6,193
chr8,120109649,120110686,5,1037
chr8,120124881,120124942,11,61
chr8,120125993,120126187,7,194
chr8,120152054,120152319,5,265
chr8,120249026,120249087,6,61
chr8,120291283,120291452,7,169
chr8,120445012,120445562,9,550
chr8,120555164,120555282,5,118
chr8,120592904,120593232,5,328
chr8,120810949,120812623,45,1674
chr8,120865752,120865816,6,64
chr8,121045942,121046236,12,294
chr8,121442815,121442935,5,120
chr8,121639741,121641569,35,1828
chr8,121667430,121667824,20,394
chr8,121829310,121829785,8,475
chr8,121948044,121948430,13,386
chr8,122175309,122175585,5,276
chr8,122603122,122604235,5,1113
chr8,122709097,122709225,5,128
chr8,122733728,122735163,6,1435
chr8,122779597,122782752,100,3155
chr8,122822537,122822787,5,250
chr8,122835264,122836440,8,1176
chr8,122842631,122843663,6,1032
chr8,122887235,122887390,7,155
chr8,123004621,123004969,5,348
chr8,123041960,123042482,54,522
chr8,123072490,123074187,33,1697
chr8,123156683,123159562,49,2879
chr8,123160694,123161845,23,1151
chr8,123174918,123175144,6,226
chr8,123182519,123183788,27,1269
chr8,123207172,123207485,28,313
chr8,123211615,123212514,12,899
chr8,123225074,123225166,5,92
chr8,123235694,123235872,5,178
chr8,123240452,123242489,62,2037
chr8,123273740,123276542,85,2802
chr8,123306252,123306654,6,402
chr8,123383629,123383713,5,84
chr8,123396009,123396673,40,664
chr8,123416400,123417139,33,739
chr8,123539926,123542100,104,2174
chr8,123768002,123769069,54,1067
chr8,124009449,124009997,6,548
chr8,124138360,124139250,6,890
chr8,124289368,124289675,6,307
chr8,124300650,124301760,14,1110
chr8,124371788,124373155,49,1367
chr8,124450871,124451469,13,598
chr8,124474564,124475188,30,624
chr8,124538686,124539151,23,465
chr8,124601121,124601748,6,627
chr8,124622438,124622755,5,317
chr8,124627582,124628413,5,831
chr8,124652726,124653106,5,380
chr8,124687109,124687496,7,387
chr8,124727275,124729677,81,2402
chr8,124754277,124754427,5,150
chr8,124880364,124880680,9,316
chr8,124895353,124895397,8,44
chr8,124973309,124973501,8,192
chr8,124998024,124999377,17,1353
chr8,125032258,125032366,5,108
chr8,125091349,125092318,36,969
chr8,125366306,125366396,6,90
chr8,125404947,125405149,8,202
chr8,125414595,125414677,5,82
chr8,125415843,125416864,6,1021
chr8,125429141,125432190,162,3049
chr8,125485213,125486443,8,1230
chr8,125575881,125576444,6,563
chr8,126399768,126400031,6,263
chr8,126556513,126558567,57,2054
chr8,126608587,126609303,8,716
chr8,126713857,126713975,6,118
chr8,127086569,127086928,8,359
chr8,127311611,127311668,6,57
chr8,127315500,127315685,8,185
chr8,127684320,127684610,5,290
chr8,127734993,127738613,69,3620
chr8,127761522,127761562,6,40
chr8,127793836,127794643,46,807
chr8,127798172,127798768,7,596
chr8,127811086,127813085,9,1999
chr8,127817888,127818466,7,578
chr8,127843285,127843696,8,411
chr8,127854009,127854231,5,222
chr8,127855242,127855647,7,405
chr8,127907053,127907480,9,427
chr8,127911434,127911528,5,94
chr8,127926355,127927152,6,797
chr8,127949837,127950142,7,305
chr8,128031197,128032137,6,940
chr8,128107015,128107363,8,348
chr8,128123413,128123483,5,70
chr8,128445043,128445437,5,394
chr8,128655323,128655384,6,61
chr8,128827193,128827505,6,312
chr8,128927840,128927907,5,67
chr8,129349527,129349814,5,287
chr8,129939149,129940958,31,1809
chr8,129983614,129983970,20,356
chr8,130015981,130017171,100,1190
chr8,130019463,130021438,11,1975
chr8,130045928,130046339,15,411
chr8,130078170,130078447,8,277
chr8,130107586,130108900,5,1314
chr8,130123523,130123719,5,196
chr8,130357312,130359639,56,2327
chr8,130400304,130400755,5,451
chr8,130442834,130444257,71,1423
chr8,130463455,130463858,7,403
chr8,130518699,130519035,6,336
chr8,130764999,130765132,5,133
chr8,130807915,130808707,5,792
chr8,130948854,130948979,12,125
chr8,130951842,130951970,5,128
chr8,131039062,131042433,57,3371
chr8,131487104,131487235,6,131
chr8,131904054,131904956,51,902
chr8,132161356,132161488,5,132
chr8,132249963,132250068,7,105
chr8,132479339,132481854,94,2515
chr8,132515342,132515471,5,129
chr8,132674812,132675429,30,617
chr8,132695639,132695831,5,192
chr8,132775297,132775834,27,537
chr8,132990818,132990875,5,57
chr8,133065618,133067121,6,1503
chr8,133082555,133082622,5,67
chr8,133202836,133202950,5,114
chr8,133264463,133264556,6,93
chr8,133267894,133268162,5,268
chr8,133296399,133297760,17,1361
chr8,133377272,133378732,8,1460
chr8,133447577,133447683,6,106
chr8,133449734,133450380,6,646
chr8,133459682,133459783,5,101
chr8,133463110,133465075,10,1965
chr8,133498864,133499135,5,271
chr8,133567802,133568439,5,637
chr8,133569666,133572600,120,2934
chr8,133686366,133686977,7,611
chr8,133696899,133698003,5,1104
chr8,134457710,134458880,8,1170
chr8,134600626,134601579,6,953
chr8,134613143,134613367,5,224
chr8,134667417,134667806,8,389
chr8,134712514,134713238,78,724
chr8,134831574,134832824,63,1250
chr8,134951274,134951339,6,65
chr8,135273554,135274205,7,651
chr8,135457229,135458073,45,844
chr8,135565086,135565186,5,100
chr8,135688498,135690744,18,2246
chr8,135731884,135731988,5,104
chr8,135846060,135846112,5,52
chr8,136453759,136454321,6,562
chr8,136485418,136485604,6,186
chr8,137108512,137108572,5,60
chr8,137382984,137383044,5,60
chr8,138069103,138069209,6,106
chr8,138167935,138168104,9,169
chr8,138496897,138497530,57,633
chr8,138589068,138589432,5,364
chr8,138660075,138660436,6,361
chr8,138692733,138694849,9,2116
chr8,138724477,138725056,9,579
chr8,138766982,138767826,11,844
chr8,138771793,138772984,7,1191
chr8,138812308,138813299,5,991
chr8,138820844,138821401,7,557
chr8,138877737,138878088,16,351
chr8,138880976,138881842,7,866
chr8,138914063,138915063,15,1000
chr8,138931142,138931375,5,233
chr8,139198084,139198177,5,93
chr8,139370841,139370993,6,152
chr8,139404364,139405888,18,1524
chr8,139456036,139456297,6,261
chr8,139561664,139562084,8,420
chr8,139631041,139631301,14,260
chr8,139648793,139649329,9,536
chr8,139679237,139682066,11,2829
chr8,139702406,139704634,98,2228
chr8,139705781,139706663,37,882
chr8,139710990,139712026,9,1036
chr8,139764673,139764813,5,140
chr8,139774676,139775097,8,421
chr8,139789723,139790367,10,644
chr8,139800834,139801603,6,769
chr8,139813421,139813580,6,159
chr8,139825634,139827515,19,1881
chr8,139851313,139851472,5,159
chr8,139876414,139877320,5,906
chr8,139890051,139890165,6,114
chr8,139905502,139906160,6,658
chr8,139916335,139916544,10,209
chr8,139918596,139918991,7,395
chr8,139933651,139933840,5,189
chr8,139980467,139980604,6,137
chr8,139987792,139988840,13,1048
chr8,140042648,140042927,6,279
chr8,140047188,140047729,20,541
chr8,140096931,140100144,45,3213
chr8,140125541,140125687,5,146
chr8,140200289,140200699,6,410
chr8,140220940,140221044,6,104
chr8,140253602,140254336,5,734
chr8,140263088,140264481,6,1393
chr8,140283966,140284131,6,165
chr8,140287678,140287756,8,78
chr8,140299412,140299617,8,205
chr8,140302655,140302811,5,156
chr8,140310245,140311548,7,1303
chr8,140328910,140329014,5,104
chr8,140350617,140350924,7,307
chr8,140357800,140357918,5,118
chr8,140375893,140376512,5,619
chr8,140443959,140445178,8,1219
chr8,140456547,140458500,22,1953
chr8,140463554,140464831,33,1277
chr8,140469659,140469926,6,267
chr8,140490882,140491253,9,371
chr8,140510554,140513592,110,3038
chr8,140525530,140525625,6,95
chr8,140544297,140544933,7,636
chr8,140549201,140549325,10,124
chr8,140557274,140559333,14,2059
chr8,140561010,140561837,12,827
chr8,140603205,140603297,6,92
chr8,140608519,140609890,10,1371
chr8,140634044,140636594,145,2550
chr8,140649780,140650136,7,356
chr8,140681497,140681542,5,45
chr8,140839115,140839229,6,114
chr8,140980546,140980741,5,195
chr8,141000418,141002114,103,1696
chr8,141029512,141029770,10,258
chr8,141036140,141036298,10,158
chr8,141041818,141043049,5,1231
chr8,141051046,141051260,8,214
chr8,141058152,141060757,20,2605
chr8,141071298,141072723,15,1425
chr8,141078754,141079602,7,848
chr8,141084641,141085925,19,1284
chr8,141089841,141090028,7,187
chr8,141101358,141103961,23,2603
chr8,141109206,141109401,9,195
chr8,141127717,141129679,65,1962
chr8,141136644,141136747,7,103
chr8,141139123,141141339,19,2216
chr8,141149577,141150184,7,607
chr8,141152075,141154240,17,2165
chr8,141170869,141170990,6,121
chr8,141177467,141178354,8,887
chr8,141179472,141180756,12,1284
chr8,141183502,141184327,7,825
chr8,141192490,141192679,7,189
chr8,141195277,141195904,13,627
chr8,141205318,141206919,47,1601
chr8,141210056,141210511,5,455
chr8,141218243,141221788,52,3545
chr8,141225664,141225826,6,162
chr8,141226975,141227975,13,1000
chr8,141230505,141230921,7,416
chr8,141263202,141264410,14,1208
chr8,141266179,141266303,8,124
chr8,141280831,141280919,6,88
chr8,141282139,141282220,6,81
chr8,141287127,141287804,5,677
chr8,141300514,141301464,11,950
chr8,141303243,141303292,5,49
chr8,141305080,141306174,6,1094
chr8,141307314,141309055,51,1741
chr8,141318069,141318451,6,382
chr8,141322915,141323450,5,535
chr8,141326304,141329416,24,3112
chr8,141339603,141339732,5,129
chr8,141343251,141344516,8,1265
chr8,141350497,141350665,6,168
chr8,141355137,141356637,5,1500
chr8,141357676,141357797,7,121
chr8,141367057,141368511,9,1454
chr8,141372302,141373069,6,767
chr8,141377943,141377992,5,49
chr8,141391880,141392864,65,984
chr8,141399195,141399562,8,367
chr8,141400625,141402943,29,2318
chr8,141406274,141406450,6,176
chr8,141415165,141416085,20,920
chr8,141417230,141418250,66,1020
chr8,141422221,141422398,9,177
chr8,141426223,141427028,10,805
chr8,141430306,141431027,6,721
chr8,141440131,141442019,11,1888
chr8,141444910,141445316,11,406
chr8,141448054,141448133,5,79
chr8,141449547,141451226,10,1679
chr8,141473386,141474501,9,1115
chr8,141478160,141479557,8,1397
chr8,141507442,141509288,13,1846
chr8,141516377,141516483,5,106
chr8,141518042,141519675,70,1633
chr8,141522082,141523467,8,1385
chr8,141524602,141524689,6,87
chr8,141526599,141526822,8,223
chr8,141535101,141537374,14,2273
chr8,141566899,141568177,9,1278
chr8,141582618,141583517,20,899
chr8,141592964,141595025,6,2061
chr8,141597014,141597732,9,718
chr8,141609104,141611807,30,2703
chr8,141616514,141617245,21,731
chr8,141620209,141621470,11,1261
chr8,141627703,141629768,21,2065
chr8,141636360,141636937,7,577
chr8,141639250,141640434,6,1184
chr8,141646313,141646656,9,343
chr8,141648830,141649160,5,330
chr8,141665440,141667753,13,2313
chr8,141680262,141680633,10,371
chr8,141686099,141687048,9,949
chr8,141692956,141693047,5,91
chr8,141709248,141709944,10,696
chr8,141723388,141724793,22,1405
chr8,141727034,141728383,20,1349
chr8,141735225,141738399,20,3174
chr8,141752251,141753569,10,1318
chr8,141760669,141762184,13,1515
chr8,141769175,141769271,5,96
chr8,141783623,141784360,6,737
chr8,141785823,141785935,8,112
chr8,141814148,141815231,6,1083
chr8,141817104,141817252,7,148
chr8,141855624,141855882,5,258
chr8,141864706,141867137,14,2431
chr8,141877408,141878577,6,1169
chr8,141884784,141884948,6,164
chr8,141899948,141900571,18,623
chr8,141905855,141907381,9,1526
chr8,141917074,141918000,11,926
chr8,141922201,141922399,7,198
chr8,141935947,141936269,6,322
chr8,141938071,141939451,12,1380
chr8,141940929,141941363,8,434
chr8,141969220,141969917,9,697
chr8,141986869,141991630,36,4761
chr8,142001196,142001357,5,161
chr8,142008966,142010229,15,1263
chr8,142014864,142015401,7,537
chr8,142017152,142017538,9,386
chr8,142022065,142023450,6,1385
chr8,142042482,142043754,7,1272
chr8,142047711,142048213,7,502
chr8,142071002,142071780,31,778
chr8,142083557,142083756,10,199
chr8,142088734,142090045,6,1311
chr8,142101198,142101689,12,491
chr8,142119747,142120004,9,257
chr8,142123629,142123741,6,112
chr8,142125082,142126785,15,1703
chr8,142128626,142129496,17,870
chr8,142131398,142133603,14,2205
chr8,142136586,142136762,6,176
chr8,142146375,142149408,21,3033
chr8,142152225,142154162,13,1937
chr8,142173043,142173112,7,69
chr8,142175707,142176665,12,958
chr8,142178888,142180799,15,1911
chr8,142191780,142191838,5,58
chr8,142193419,142193586,8,167
chr8,142194600,142195253,5,653
chr8,142196515,142197467,6,952
chr8,142212689,142213967,7,1278
chr8,142249087,142249236,6,149
chr8,142251303,142252313,25,1010
chr8,142275298,142275657,15,359
chr8,142288480,142288608,7,128
chr8,142294940,142295010,6,70
chr8,142318339,142319513,5,1174
chr8,142325977,142326622,10,645
chr8,142331549,142333107,20,1558
chr8,142341667,142341803,5,136
chr8,142344103,142345177,7,1074
chr8,142346419,142347525,9,1106
chr8,142360691,142361871,7,1180
chr8,142382284,142382408,5,124
chr8,142394195,142394471,7,276
chr8,142402085,142404067,73,1982
chr8,142415977,142417269,16,1292
chr8,142423665,142424567,9,902
chr8,142442995,142444278,12,1283
chr8,142447170,142447870,7,700
chr8,142449531,142453593,237,4062
chr8,142454753,142457148,18,2395
chr8,142459087,142465366,75,6279
chr8,142471447,142472132,8,685
chr8,142474654,142476988,38,2334
chr8,142481496,142481673,7,177
chr8,142491753,142492552,6,799
chr8,142493567,142493988,5,421
chr8,142499698,142500138,8,440
chr8,142508980,142512547,114,3567
chr8,142514292,142514366,5,74
chr8,142518045,142519026,9,981
chr8,142526498,142526745,9,247
chr8,142530617,142530889,8,272
chr8,142543616,142544265,8,649
chr8,142545868,142546182,5,314
chr8,142549772,142551111,14,1339
chr8,142567333,142567520,8,187
chr8,142574841,142574975,7,134
chr8,142586177,142586910,6,733
chr8,142588057,142589227,6,1170
chr8,142596725,142596903,6,178
chr8,142601042,142601774,6,732
chr8,142608875,142609430,8,555
chr8,142612154,142615557,96,3403
chr8,142618100,142618832,6,732
chr8,142622134,142623175,9,1041
chr8,142632679,142635503,14,2824
chr8,142638509,142638617,10,108
chr8,142665018,142666599,23,1581
chr8,142669629,142670406,43,777
chr8,142680279,142681066,15,787
chr8,142699742,142700891,16,1149
chr8,142726389,142728022,47,1633
chr8,142729032,142729276,11,244
chr8,142737202,142739566,30,2364
chr8,142750587,142751683,14,1096
chr8,142759397,142759774,5,377
chr8,142768055,142769351,6,1296
chr8,142772616,142773198,6,582
chr8,142777190,142778293,60,1103
chr8,142787238,142788703,12,1465
chr8,142794576,142795649,7,1073
chr8,142796706,142798378,19,1672
chr8,142817782,142817845,6,63
chr8,142876401,142876541,5,140
chr8,142879378,142879686,6,308
chr8,142923508,142924262,10,754
chr8,142934461,142934568,5,107
chr8,142938821,142941775,23,2954
chr8,142991633,142992334,7,701
chr8,143007932,143009425,7,1493
chr8,143012044,143014190,7,2146
chr8,143016201,143016308,7,107
chr8,143017395,143019773,74,2378
chr8,143023062,143024619,30,1557
chr8,143026379,143027916,6,1537
chr8,143038855,143039465,12,610
chr8,143045158,143045423,5,265
chr8,143050059,143050951,9,892
chr8,143052533,143052730,7,197
chr8,143058735,143058790,5,55
chr8,143079487,143080586,17,1099
chr8,143094777,143095398,14,621
chr8,143108900,143109315,7,415
chr8,143122036,143122277,9,241
chr8,143130743,143131846,14,1103
chr8,143136133,143136533,9,400
chr8,143140897,143141054,8,157
chr8,143153235,143153985,9,750
chr8,143159307,143160719,111,1412
chr8,143165438,143165531,7,93
chr8,143171079,143171354,9,275
chr8,143175641,143175686,6,45
chr8,143183417,143183646,8,229
chr8,143185935,143187122,32,1187
chr8,143188535,143189352,12,817
chr8,143203547,143204007,7,460
chr8,143206081,143207869,13,1788
chr8,143214988,143215544,11,556
chr8,143220328,143222549,38,2221
chr8,143225173,143226874,8,1701
chr8,143228764,143230056,20,1292
chr8,143246387,143247166,44,779
chr8,143249476,143250555,16,1079
chr8,143259721,143263258,33,3537
chr8,143265181,143267767,105,2586
chr8,143274243,143279286,84,5043
chr8,143281627,143281816,13,189
chr8,143288351,143291766,105,3415
chr8,143295871,143297773,69,1902
chr8,143303594,143305526,16,1932
chr8,143310524,143311416,5,892
chr8,143315653,143316449,8,796
chr8,143321097,143321291,13,194
chr8,143324078,143324252,6,174
chr8,143325974,143327707,21,1733
chr8,143334234,143335788,37,1554
chr8,143337839,143338109,11,270
chr8,143354826,143355144,7,318
chr8,143359324,143361251,46,1927
chr8,143364437,143364714,6,277
chr8,143368866,143369572,44,706
chr8,143382532,143384051,13,1519
chr8,143385173,143386608,10,1435
chr8,143389397,143389744,8,347
chr8,143398398,143400316,24,1918
chr8,143401334,143402301,5,967
chr8,143403727,143404769,6,1042
chr8,143407489,143408329,58,840
chr8,143420185,143423591,41,3406
chr8,143426514,143431778,189,5264
chr8,143435542,143437476,15,1934
chr8,143463156,143465547,18,2391
chr8,143468018,143468508,10,490
chr8,143474896,143475511,21,615
chr8,143477113,143480855,29,3742
chr8,143482909,143483532,8,623
chr8,143490243,143491560,9,1317
chr8,143494070,143494600,7,530
chr8,143497788,143500460,26,2672
chr8,143512060,143512902,15,842
chr8,143518970,143520344,10,1374
chr8,143523965,143524068,6,103
chr8,143529161,143529239,5,78
chr8,143531131,143531254,5,123
chr8,143538056,143541746,84,3690
chr8,143546549,143547010,11,461
chr8,143548676,143549763,9,1087
chr8,143552185,143554180,33,1995
chr8,143558140,143562759,50,4619
chr8,143567256,143568346,24,1090
chr8,143569425,143569935,34,510
chr8,143571993,143572680,7,687
chr8,143573809,143574728,6,919
chr8,143576447,143578625,90,2178
chr8,143580104,143581304,14,1200
chr8,143585487,143585710,9,223
chr8,143589286,143589437,6,151
chr8,143597114,143599758,122,2644
chr8,143605744,143605786,5,42
chr8,143609245,143610306,17,1061
chr8,143611938,143613751,8,1813
chr8,143617304,143617935,25,631
chr8,143625944,143626791,15,847
chr8,143631922,143632396,5,474
chr8,143633776,143634508,8,732
chr8,143635520,143637163,44,1643
chr8,143678225,143679744,9,1519
chr8,143684163,143686190,42,2027
chr8,143687398,143688129,9,731
chr8,143693335,143694390,28,1055
chr8,143696741,143697463,5,722
chr8,143698769,143699530,7,761
chr8,143705596,143709480,113,3884
chr8,143711629,143712268,6,639
chr8,143715650,143716779,28,1129
chr8,143718066,143719398,12,1332
chr8,143720789,143722417,30,1628
chr8,143726634,143728460,53,1826
chr8,143732157,143735657,113,3500
chr8,143737595,143740402,48,2807
chr8,143742183,143742461,7,278
chr8,143760825,143761655,40,830
chr8,143766053,143767976,12,1923
chr8,143769004,143772621,60,3617
chr8,143788090,143793050,42,4960
chr8,143800574,143800790,6,216
chr8,143805062,143806429,12,1367
chr8,143807850,143808773,5,923
chr8,143810446,143811335,17,889
chr8,143812920,143814137,26,1217
chr8,143815156,143816102,83,946
chr8,143820640,143820921,8,281
chr8,143828537,143829376,26,839
chr8,143835658,143837608,9,1950
chr8,143838738,143841915,43,3177
chr8,143843161,143844889,11,1728
chr8,143852651,143853753,9,1102
chr8,143868309,143868680,12,371
chr8,143870568,143871870,18,1302
chr8,143874098,143874620,8,522
chr8,143876351,143878766,55,2415
chr8,143886321,143886425,6,104
chr8,143888903,143892842,38,3939
chr8,143897508,143898819,7,1311
chr8,143902210,143902534,5,324
chr8,143905652,143906149,6,497
chr8,143910171,143910392,7,221
chr8,143912526,143913565,15,1039
chr8,143916136,143921999,89,5863
chr8,143923569,143923639,10,70
chr8,143929465,143930643,12,1178
chr8,143931834,143935300,46,3466
chr8,143936340,143939747,40,3407
chr8,143941258,143942776,47,1518
chr8,143943969,143944128,15,159
chr8,143945748,143946440,10,692
chr8,143947674,143950920,44,3246
chr8,143952026,143954312,27,2286
chr8,143956918,143957226,7,308
chr8,143959454,143960903,7,1449
chr8,143972697,143973811,34,1114
chr8,143975257,143978096,127,2839
chr8,143979319,143980680,5,1361
chr8,143982398,143982520,9,122
chr8,143985298,143985567,9,269
chr8,143989047,143992143,60,3096
chr8,144018802,144020068,13,1266
chr8,144037858,144038599,5,741
chr8,144046796,144052169,198,5373
chr8,144056289,144056817,5,528
chr8,144060302,144061389,62,1087
chr8,144063687,144064086,6,399
chr8,144074135,144074422,8,287
chr8,144078404,144079577,47,1173
chr8,144082323,144083462,57,1139
chr8,144094181,144095918,56,1737
chr8,144103529,144105155,80,1626
chr8,144108186,144109994,45,1808
chr8,144113466,144116981,68,3515
chr8,144121032,144121901,5,869
chr8,144124716,144126049,40,1333
chr8,144137459,144138330,66,871
chr8,144147049,144149117,75,2068
chr8,144166370,144167484,8,1114
chr8,144171437,144171878,6,441
chr8,144178003,144178224,7,221
chr8,144180532,144181238,7,706
chr8,144184623,144184762,5,139
chr8,144241371,144242526,6,1155
chr8,144248691,144248746,5,55
chr8,144254940,144255039,7,99
chr8,144264451,144265057,18,606
chr8,144266365,144268865,28,2500
chr8,144271007,144275143,82,4136
chr8,144276956,144278021,22,1065
chr8,144282076,144282163,8,87
chr8,144284922,144285021,7,99
chr8,144291079,144293598,79,2519
chr8,144296915,144297748,9,833
chr8,144311357,144311641,11,284
chr8,144314071,144314293,7,222
chr8,144317948,144318097,8,149
chr8,144326126,144327718,86,1592
chr8,144330611,144339098,286,8487
chr8,144354405,144354477,11,72
chr8,144357813,144359319,124,1506
chr8,144364238,144364457,9,219
chr8,144369654,144372514,20,2860
chr8,144373689,144374727,69,1038
chr8,144391988,144393948,22,1960
chr8,144397772,144398794,11,1022
chr8,144408804,144409884,72,1080
chr8,144413050,144415870,41,2820
chr8,144417198,144420375,24,3177
chr8,144427883,144429449,61,1566
chr8,144431437,144431921,8,484
chr8,144432924,144433173,12,249
chr8,144434508,144436503,15,1995
chr8,144443741,144445945,80,2204
chr8,144450923,144451428,5,505
chr8,144455587,144456503,7,916
chr8,144458923,144459140,5,217
chr8,144461839,144463458,41,1619
chr8,144464887,144468081,125,3194
chr8,144472025,144473284,75,1259
chr8,144474807,144475541,28,734
chr8,144477107,144479302,99,2195
chr8,144482078,144482513,10,435
chr8,144485416,144485603,5,187
chr8,144500296,144501604,32,1308
chr8,144505780,144506821,28,1041
chr8,144508269,144510108,73,1839
chr8,144517021,144518634,58,1613
chr8,144522126,144523164,69,1038
chr8,144524441,144524986,39,545
chr8,144526828,144530387,194,3559
chr8,144532491,144534341,13,1850
chr8,144538966,144539636,6,670
chr8,144544870,144545390,9,520
chr8,144546421,144548309,25,1888
chr8,144559238,144560263,5,1025
chr8,144579126,144579657,8,531
chr8,144580998,144582079,16,1081
chr8,144583124,144583458,6,334
chr8,144588908,144589080,8,172
chr8,144597893,144598592,6,699
chr8,144605513,144605564,7,51
chr8,144618703,144618803,7,100
chr8,144670150,144670590,14,440
chr8,144675330,144676652,22,1322
chr8,144679702,144679836,5,134
chr8,144684537,144685891,82,1354
chr8,144693133,144693466,9,333
chr8,144699848,144700883,36,1035
chr8,144713114,144714256,48,1142
chr8,144730196,144730734,15,538
chr8,144736888,144737792,5,904
chr8,144755148,144755813,51,665
chr8,144762525,144762727,8,202
chr8,144764120,144764504,9,384
chr8,144766182,144766591,16,409
chr8,144773209,144773913,15,704
chr8,144786145,144787492,40,1347
chr8,144791319,144792990,72,1671
chr8,144798274,144800067,89,1793
chr8,144805520,144805708,6,188
chr8,144807730,144808631,32,901
chr8,144826344,144828225,98,1881
chr8,144852702,144852839,20,137
chr8,144882027,144882111,7,84
chr8,144900266,144903076,55,2810
chr8,144950511,144950945,23,434
chr8,145002788,145003676,31,888
chr8,145027727,145027753,5,26
chr8,145051892,145052064,7,172
chr8,145056949,145057052,5,103
chr9,10708,11410,31,702
chr9,72888,73763,46,875
chr9,109154,109396,7,242
chr9,113180,115431,90,2251
chr9,117505,118394,30,889
chr9,214129,215334,69,1205
chr9,504047,505547,89,1500
chr9,630475,630879,7,404
chr9,633179,633227,5,48
chr9,706773,707390,21,617
chr9,711293,711848,6,555
chr9,736018,736099,6,81
chr9,786489,786602,5,113
chr9,811018,811350,5,332
chr9,840427,842843,67,2416
chr9,871196,871632,16,436
chr9,969616,973262,78,3646
chr9,974476,974719,5,243
chr9,975898,978098,66,2200
chr9,1042071,1043063,21,992
chr9,1045467,1047735,47,2268
chr9,1050174,1051822,63,1648
chr9,1053331,1053998,11,667
chr9,1476939,1476999,5,60
chr9,1659768,1659856,5,88
chr9,2014994,2018026,127,3032
chr9,2047180,2047603,17,423
chr9,2115762,2115873,6,111
chr9,2156824,2157927,8,1103
chr9,2241380,2242593,39,1213
chr9,2271639,2272052,7,413
chr9,2621399,2623599,93,2200
chr9,2843225,2843993,17,768
chr9,2933273,2933867,6,594
chr9,3180937,3181594,23,657
chr9,3470517,3470622,5,105
chr9,3525511,3527034,44,1523
chr9,3624616,3624715,5,99
chr9,3669240,3669395,8,155
chr9,3733879,3734920,11,1041
chr9,3753575,3753934,5,359
chr9,3816042,3816212,5,170
chr9,3898723,3898862,5,139
chr9,4118065,4118217,10,152
chr9,4235114,4235570,5,456
chr9,4297303,4300421,119,3118
chr9,4488558,4491417,78,2859
chr9,4561477,4561747,6,270
chr9,4662406,4662447,6,41
chr9,4666251,4666569,14,318
chr9,4679105,4679998,34,893
chr9,4739702,4741521,71,1819
chr9,4792422,4793703,87,1281
chr9,4984655,4985616,73,961
chr9,5031876,5031973,6,97
chr9,5041048,5042104,15,1056
chr9,5111197,5111900,19,703
chr9,5437219,5437962,29,743
chr9,5450295,5450496,9,201
chr9,5628551,5629821,58,1270
chr9,5827741,5827894,6,153
chr9,5832510,5833931,46,1421
chr9,5841715,5841956,6,241
chr9,6005371,6005419,6,48
chr9,6007064,6008469,42,1405
chr9,6015633,6015682,6,49
chr9,6353243,6353308,7,65
chr9,6412457,6414292,52,1835
chr9,6416092,6416224,11,132
chr9,6419009,6420573,6,1564
chr9,6529741,6530126,6,385
chr9,6559739,6559771,5,32
chr9,6644259,6646013,41,1754
chr9,6659431,6659710,13,279
chr9,6680835,6681938,43,1103
chr9,6716079,6716144,10,65
chr9,6721611,6721681,6,70
chr9,6746930,6747420,6,490
chr9,6752257,6752429,7,172
chr9,6757506,6759675,130,2169
chr9,6769908,6770869,7,961
chr9,6796301,6796464,5,163
chr9,7147975,7148321,6,346
chr9,7478356,7478495,5,139
chr9,7799654,7799790,13,136
chr9,8261708,8262818,6,1110
chr9,8440408,8440475,5,67
chr9,8447676,8449538,6,1862
chr9,8713748,8713858,7,110
chr9,8733892,8734148,5,256
chr9,8857407,8858754,55,1347
chr9,9140515,9140671,7,156
chr9,9617798,9618028,13,230
chr9,9980330,9980522,7,192
chr9,10612604,10613281,48,677
chr9,10786917,10787151,5,234
chr9,10941018,10941099,6,81
chr9,11938078,11938127,5,49
chr9,12775622,12776350,12,728
chr9,13277625,13279715,63,2090
chr9,13296061,13296198,6,137
chr9,13323163,13323350,15,187
chr9,13566800,13567093,9,293
chr9,14312968,14316452,141,3484
chr9,14322448,14322985,62,537
chr9,14346189,14347101,7,912
chr9,14348594,14350079,19,1485
chr9,14534681,14534778,5,97
chr9,14692816,14693460,28,644
chr9,14830627,14830761,6,134
chr9,14993279,14993508,19,229
chr9,15054995,15055023,5,28
chr9,15139493,15139674,8,181
chr9,15203134,15203375,7,241
chr9,15285125,15285193,7,68
chr9,15302250,15302792,10,542
chr9,15306306,15307426,39,1120
chr9,15422664,15423959,18,1295
chr9,15442005,15442184,6,179
chr9,15510220,15511339,69,1119
chr9,15513990,15514095,5,105
chr9,15552233,15554152,19,1919
chr9,15664381,15664508,5,127
chr9,16052399,16052916,5,517
chr9,16054068,16054150,5,82
chr9,16133620,16134075,7,455
chr9,16154618,16154753,7,135
chr9,16192229,16192295,5,66
chr9,16218318,16218411,6,93
chr9,16223132,16223301,6,169
chr9,16315899,16316920,5,1021
chr9,16318631,16319177,8,546
chr9,16473338,16473614,5,276
chr9,16480487,16480586,5,99
chr9,16727061,16727117,9,56
chr9,16818260,16818426,6,166
chr9,16870498,16872393,71,1895
chr9,16878653,16878745,5,92
chr9,16900625,16901650,11,1025
chr9,16994043,16994105,5,62
chr9,17054952,17055192,5,240
chr9,17128044,17128245,6,201
chr9,17134849,17135947,66,1098
chr9,17177333,17178546,11,1213
chr9,17353957,17354034,5,77
chr9,17579254,17579748,39,494
chr9,17906031,17907460,26,1429
chr9,18298867,18298928,5,61
chr9,18315611,18315724,10,113
chr9,18438803,18438945,6,142
chr9,18671893,18671937,6,44
chr9,18776561,18777402,25,841
chr9,18889639,18889721,7,82
chr9,18994573,18994691,5,118
chr9,19027649,19028290,13,641
chr9,19049023,19050539,64,1516
chr9,19074171,19074364,5,193
chr9,19102324,19104376,44,2052
chr9,19127291,19127721,38,430
chr9,19225078,19225456,7,378
chr9,19226624,19227739,7,1115
chr9,19230390,19231140,60,750
chr9,19275353,19275595,5,242
chr9,19292631,19292706,6,75
chr9,19379894,19380338,10,444
chr9,19407281,19409518,62,2237
chr9,19443091,19443327,7,236
chr9,19780330,19781077,10,747
chr9,19788412,19789053,34,641
chr9,19934447,19934725,20,278
chr9,20620499,20621182,29,683
chr9,20622529,20623613,22,1084
chr9,20682873,20682935,6,62
chr9,20684110,20684769,46,659
chr9,20779675,20779943,5,268
chr9,21031636,21032180,24,544
chr9,21044736,21044804,7,68
chr9,21170033,21170059,5,26
chr9,21334931,21335552,37,621
chr9,21396209,21396301,11,92
chr9,21402552,21402680,10,128
chr9,21559318,21560001,35,683
chr9,21695773,21697359,28,1586
chr9,21802231,21803827,18,1596
chr9,21844900,21844955,6,55
chr9,21964621,21965711,32,1090
chr9,21967298,21968485,20,1187
chr9,21973528,21975199,26,1671
chr9,21976303,21976437,5,134
chr9,21990049,21990099,6,50
chr9,21994022,21996333,87,2311
chr9,22008685,22009402,55,717
chr9,22163223,22163375,5,152
chr9,22363569,22363833,11,264
chr9,22395349,22395376,6,27
chr9,22446758,22447550,15,792
chr9,22508816,22508912,5,96
chr9,22877757,22878042,7,285
chr9,22958457,22958562,5,105
chr9,23452189,23452249,6,60
chr9,23479351,23479563,12,212
chr9,23820750,23822118,48,1368
chr9,23824213,23825023,12,810
chr9,23830922,23831502,20,580
chr9,23850477,23851186,12,709
chr9,23898079,23898450,8,371
chr9,24135056,24136264,17,1208
chr9,24223221,24223285,5,64
chr9,24230233,24230392,7,159
chr9,24533746,24533845,5,99
chr9,25280216,25280481,6,265
chr9,25677530,25678685,66,1155
chr9,25723357,25723487,7,130
chr9,25913456,25913806,7,350
chr9,26218844,26220271,8,1427
chr9,26426770,26427028,6,258
chr9,26485385,26485417,5,32
chr9,26892428,26892896,38,468
chr9,26907262,26907311,6,49
chr9,26942742,26942795,6,53
chr9,26946880,26947517,36,637
chr9,26956389,26956480,10,91
chr9,26957999,26958048,5,49
chr9,26988055,26988247,6,192
chr9,27060680,27060878,7,198
chr9,27093808,27093894,6,86
chr9,27108964,27109156,5,192
chr9,27283865,27284056,7,191
chr9,27528649,27529909,50,1260
chr9,27572995,27574178,37,1183
chr9,27675147,27675306,6,159
chr9,27941158,27941385,5,227
chr9,28666080,28666372,5,292
chr9,29189244,29189277,5,33
chr9,29212174,29215234,69,3060
chr9,29340805,29341077,10,272
chr9,29397873,29397941,5,68
chr9,29438355,29438488,5,133
chr9,30560595,30560657,8,62
chr9,30575073,30575332,5,259
chr9,30642882,30643017,5,135
chr9,30670268,30670973,8,705
chr9,30835041,30835151,9,110
chr9,31026213,31026393,5,180
chr9,31071688,31072002,6,314
chr9,31254609,31255146,9,537
chr9,31392386,31392437,5,51
chr9,31400414,31400608,6,194
chr9,31889115,31889640,5,525
chr9,32384063,32385149,45,1086
chr9,32526117,32526419,22,302
chr9,32548101,32548416,9,315
chr9,32550655,32552457,64,1802
chr9,32565896,32566800,8,904
chr9,32572861,32573090,12,229
chr9,32755738,32755913,9,175
chr9,32782758,32784492,58,1734
chr9,32927886,32928216,6,330
chr9,32930730,32930912,5,182
chr9,32946292,32946439,6,147
chr9,32955914,32956315,18,401
chr9,32989884,32990265,6,381
chr9,32999836,33001138,9,1302
chr9,33025027,33026447,50,1420
chr9,33044283,33044386,8,103
chr9,33076548,33077696,43,1148
chr9,33166358,33168170,40,1812
chr9,33194599,33194742,5,143
chr9,33263581,33265001,67,1420
chr9,33383559,33383604,5,45
chr9,33385711,33386380,9,669
chr9,33392238,33392475,5,237
chr9,33447449,33447745,15,296
chr9,33463332,33463850,10,518
chr9,33470616,33471132,7,516
chr9,33473587,33474020,11,433
chr9,33479318,33479822,9,504
chr9,33510877,33511222,15,345
chr9,33523754,33524780,25,1026
chr9,33618209,33618333,6,124
chr9,33676795,33677318,25,523
chr9,33750049,33751089,22,1040
chr9,33766189,33766295,5,106
chr9,33811278,33811461,7,183
chr9,33817118,33818282,44,1164
chr9,33926768,33926975,5,207
chr9,33945391,33945456,5,65
chr9,34023599,34024198,6,599
chr9,34030373,34030664,7,291
chr9,34037057,34037112,6,55
chr9,34045202,34045238,5,36
chr9,34046371,34046756,8,385
chr9,34048346,34048685,8,339
chr9,34050312,34051213,9,901
chr9,34074866,34075092,5,226
chr9,34079839,34080449,6,610
chr9,34102098,34103193,5,1095
chr9,34126336,34127021,45,685
chr9,34178914,34179435,11,521
chr9,34221389,34221446,5,57
chr9,34328311,34330109,25,1798
chr9,34370783,34371014,17,231
chr9,34376307,34376475,5,168
chr9,34377526,34377866,12,340
chr9,34379925,34381894,29,1969
chr9,34400398,34401076,11,678
chr9,34437246,34438037,9,791
chr9,34440774,34440807,5,33
chr9,34457281,34459267,72,1986
chr9,34483087,34483152,6,65
chr9,34522812,34523560,38,748
chr9,34547949,34548845,10,896
chr9,34577796,34578495,45,699
chr9,34589140,34593262,114,4122
chr9,34611836,34612906,50,1070
chr9,34620266,34620393,12,127
chr9,34622870,34624650,22,1780
chr9,34627827,34629007,24,1180
chr9,34637472,34637839,24,367
chr9,34640323,34640385,6,62
chr9,34646709,34646777,9,68
chr9,34652132,34652305,14,173
chr9,34665184,34666102,26,918
chr9,34701306,34701650,14,344
chr9,34809768,34810364,38,596
chr9,34957721,34958474,65,753
chr9,34988967,34990943,62,1976
chr9,35036197,35036507,15,310
chr9,35070798,35072496,61,1698
chr9,35079460,35080916,26,1456
chr9,35082187,35082277,5,90
chr9,35096295,35096667,29,372
chr9,35101711,35103353,19,1642
chr9,35108045,35108149,5,104
chr9,35114948,35116448,23,1500
chr9,35162034,35162241,21,207
chr9,35184528,35184632,5,104
chr9,35377506,35377592,6,86
chr9,35403672,35403980,10,308
chr9,35406318,35406803,6,485
chr9,35489752,35491805,75,2053
chr9,35555444,35555641,6,197
chr9,35562896,35563980,6,1084
chr9,35603150,35606044,92,2894
chr9,35609158,35610021,16,863
chr9,35617081,35617413,20,332
chr9,35645977,35646992,39,1015
chr9,35649900,35650003,7,103
chr9,35656526,35658740,45,2214
chr9,35664953,35665298,24,345
chr9,35675128,35676443,37,1315
chr9,35685273,35685719,12,446
chr9,35689859,35691287,73,1428
chr9,35697509,35697804,5,295
chr9,35709811,35710139,7,328
chr9,35731985,35732732,48,747
chr9,35748671,35749202,30,531
chr9,35757043,35757497,22,454
chr9,35790842,35792468,46,1626
chr9,35809982,35811279,5,1297
chr9,35814693,35814886,18,193
chr9,35818913,35819952,6,1039
chr9,35828784,35829604,31,820
chr9,35846387,35846716,14,329
chr9,35853545,35853628,5,83
chr9,35905611,35906447,5,836
chr9,35972209,35972324,5,115
chr9,35986978,35987577,5,599
chr9,36036240,36038238,40,1998
chr9,36135960,36137789,82,1829
chr9,36146839,36148448,11,1609
chr9,36165387,36167321,44,1934
chr9,36190506,36191585,53,1079
chr9,36198605,36199542,7,937
chr9,36246490,36246761,5,271
chr9,36258181,36258587,20,406
chr9,36266833,36266924,6,91
chr9,36306908,36307912,9,1004
chr9,36400291,36401230,77,939
chr9,36435730,36435920,11,190
chr9,36458542,36458766,12,224
chr9,36483104,36483214,6,110
chr9,36486915,36488011,52,1096
chr9,36492673,36492798,9,125
chr9,36510474,36510553,5,79
chr9,36519340,36519443,5,103
chr9,36542833,36543486,17,653
chr9,36553541,36554477,7,936
chr9,36560321,36561643,5,1322
chr9,36572657,36572901,23,244
chr9,36574307,36574413,5,106
chr9,36594706,36595296,9,590
chr9,36644990,36645086,7,96
chr9,36739602,36739989,26,387
chr9,36746070,36746204,5,134
chr9,36748435,36748491,5,56
chr9,36765851,36766482,12,631
chr9,36780870,36781707,6,837
chr9,36818281,36820536,27,2255
chr9,36842687,36842775,5,88
chr9,36849968,36852669,11,2701
chr9,36867992,36868405,5,413
chr9,36875323,36875806,6,483
chr9,36964087,36964448,15,361
chr9,36985838,36986886,51,1048
chr9,37001620,37002876,43,1256
chr9,37007515,37007561,5,46
chr9,37018771,37019865,8,1094
chr9,37025105,37027672,85,2567
chr9,37029370,37030715,27,1345
chr9,37033745,37038299,116,4554
chr9,37079611,37080386,20,775
chr9,37081578,37081745,7,167
chr9,37118552,37118802,5,250
chr9,37120216,37120979,38,763
chr9,37378221,37378855,12,634
chr9,37422072,37423328,42,1256
chr9,37428604,37428915,7,311
chr9,37464953,37466842,55,1889
chr9,37485217,37486547,17,1330
chr9,37518181,37518300,6,119
chr9,37526729,37526943,5,214
chr9,37537181,37537630,6,449
chr9,37575945,37576447,44,502
chr9,37592202,37592794,36,592
chr9,37650640,37651205,35,565
chr9,37740713,37740939,5,226
chr9,37750632,37750856,8,224
chr9,37753713,37754035,8,322
chr9,37784705,37785415,39,710
chr9,37787304,37787496,18,192
chr9,37800332,37801493,36,1161
chr9,37835156,37835662,8,506
chr9,37903661,37904078,31,417
chr9,37916446,37917482,6,1036
chr9,37938290,37938793,15,503
chr9,38038782,38039116,5,334
chr9,38066959,38070067,146,3108
chr9,38075436,38075490,7,54
chr9,38226593,38227285,5,692
chr9,38242178,38242775,7,597
chr9,38276886,38277208,5,322
chr9,38317417,38317475,5,58
chr9,38377597,38377685,14,88
chr9,38392635,38392730,12,95
chr9,38395931,38397143,8,1212
chr9,38424004,38424720,92,716
chr9,38478396,38478464,6,68
chr9,38487228,38488437,15,1209
chr9,38619985,38623377,77,3392
chr9,38637637,38637770,6,133
chr9,38646488,38646723,8,235
chr9,38669104,38669818,6,714
chr9,38672611,38672973,13,362
chr9,38687301,38688800,16,1499
chr9,38716194,38717566,15,1372
chr9,38763421,38763874,5,453
chr9,38765401,38766701,6,1300
chr9,39001187,39001317,5,130
chr9,39062149,39062455,5,306
chr9,39078794,39078890,13,96
chr9,39132281,39132934,6,653
chr9,40651186,40651451,6,265
chr9,40884690,40884985,14,295
chr9,40992000,40992633,30,633
chr9,41073851,41074860,31,1009
chr9,41123581,41124093,18,512
chr9,41234925,41237633,28,2708
chr9,41266909,41267359,5,450
chr9,41274051,41274130,6,79
chr9,41352649,41352840,6,191
chr9,41645677,41645743,5,66
chr9,42129419,42129475,8,56
chr9,42258846,42259022,5,176
chr9,42332795,42333131,9,336
chr9,42503057,42503146,5,89
chr9,42742817,42743746,16,929
chr9,42852324,42852749,15,425
chr9,43037970,43038030,6,60
chr9,43249933,43250897,8,964
chr9,60545884,60546020,9,136
chr9,61330540,61330932,21,392
chr9,61572489,61572644,5,155
chr9,61667075,61668460,24,1385
chr9,61670840,61670946,7,106
chr9,61672127,61672291,13,164
chr9,61674577,61674751,6,174
chr9,61690827,61690925,5,98
chr9,62800134,62802689,36,2555
chr9,62837503,62838495,20,992
chr9,62864512,62864669,10,157
chr9,63450814,63450860,9,46
chr9,63696166,63696226,5,60
chr9,63703053,63703851,9,798
chr9,63705842,63705952,10,110
chr9,63708686,63708886,7,200
chr9,63709917,63710105,6,188
chr9,63813217,63813534,18,317
chr9,63816827,63818446,45,1619
chr9,63859270,63859671,6,401
chr9,63979798,63979864,5,66
chr9,64071518,64072194,28,676
chr9,64100925,64101315,8,390
chr9,64369249,64369317,10,68
chr9,64773024,64775301,52,2277
chr9,65385269,65391148,38,5879
chr9,65395332,65396147,8,815
chr9,65397425,65398226,6,801
chr9,65401015,65402127,8,1112
chr9,65408894,65409658,8,764
chr9,65426494,65426684,5,190
chr9,65454847,65454985,9,138
chr9,65514654,65514999,9,345
chr9,65545193,65545259,7,66
chr9,65566028,65566195,6,167
chr9,65675898,65675973,11,75
chr9,65704835,65704940,5,105
chr9,65737197,65737306,7,109
chr9,66263765,66263958,6,193
chr9,66831221,66831284,8,63
chr9,67059250,67059520,29,270
chr9,67711647,67711759,11,112
chr9,67718706,67718780,8,74
chr9,68270807,68270913,5,106
chr9,68307250,68307762,13,512
chr9,68356715,68357555,23,840
chr9,68525980,68526271,5,291
chr9,68608924,68608968,5,44
chr9,68704811,68706729,80,1918
chr9,68733884,68733933,5,49
chr9,68780223,68780917,24,694
chr9,69034846,69037434,50,2588
chr9,69039720,69040592,10,872
chr9,69045517,69045667,5,150
chr9,69066969,69067264,11,295
chr9,69120425,69122261,47,1836
chr9,69173674,69174677,38,1003
chr9,69213251,69213394,6,143
chr9,69220902,69221344,25,442
chr9,69324529,69326497,63,1968
chr9,69412168,69412450,7,282
chr9,69432522,69432618,6,96
chr9,69500794,69500986,5,192
chr9,69671544,69674073,72,2529
chr9,69759493,69760379,32,886
chr9,69810363,69810528,12,165
chr9,69820825,69821058,10,233
chr9,70037284,70037373,5,89
chr9,70043438,70044597,32,1159
chr9,70258913,70259577,24,664
chr9,70411334,70413724,49,2390
chr9,70418111,70420971,59,2860
chr9,70425190,70425333,5,143
chr9,71446656,71447081,25,425
chr9,71624503,71625047,6,544
chr9,71767905,71769920,65,2015
chr9,71910121,71911708,73,1587
chr9,71962864,71964533,19,1669
chr9,72007708,72008127,7,419
chr9,72114534,72114623,5,89
chr9,72126372,72126659,6,287
chr9,72149763,72150005,19,242
chr9,72229207,72229442,6,235
chr9,72348647,72348890,6,243
chr9,72364230,72366345,56,2115
chr9,72480479,72480596,12,117
chr9,72542186,72542772,9,586
chr9,72655696,72656225,7,529
chr9,73258664,73258725,6,61
chr9,73474785,73474863,6,78
chr9,74197863,74197912,5,49
chr9,74276212,74276291,6,79
chr9,74356455,74356487,5,32
chr9,74496876,74500828,103,3952
chr9,74727313,74728256,5,943
chr9,74887178,74887757,21,579
chr9,74902262,74903257,9,995
chr9,74927712,74928085,8,373
chr9,74952049,74952844,34,795
chr9,75027128,75029532,52,2404
chr9,75050825,75050924,5,99
chr9,75087806,75089142,57,1336
chr9,75187715,75187785,5,70
chr9,75808929,75808995,5,66
chr9,75876345,75876635,5,290
chr9,75888734,75889032,9,298
chr9,75890062,75892658,111,2596
chr9,75941823,75942977,11,1154
chr9,76043201,76043252,5,51
chr9,76097307,76097451,7,144
chr9,76188073,76188707,8,634
chr9,76393722,76394771,82,1049
chr9,76459171,76460470,40,1299
chr9,76577088,76577152,7,64
chr9,76582283,76582667,10,384
chr9,76833621,76833920,7,299
chr9,76905987,76907123,14,1136
chr9,77012162,77012235,6,73
chr9,77015879,77016821,34,942
chr9,77018476,77021049,85,2573
chr9,77022757,77024357,27,1600
chr9,77049474,77049525,5,51
chr9,77177338,77178575,69,1237
chr9,77344479,77344573,5,94
chr9,77429293,77429413,6,120
chr9,77462154,77462285,5,131
chr9,77535468,77535974,6,506
chr9,77647407,77648937,34,1530
chr9,77837410,77837478,5,68
chr9,78030279,78032586,126,2307
chr9,78150701,78150792,5,91
chr9,78219081,78219176,6,95
chr9,78235694,78236465,36,771
chr9,78279876,78279944,5,68
chr9,78296575,78298095,32,1520
chr9,78313222,78313319,6,97
chr9,78334396,78334518,6,122
chr9,78438841,78439752,12,911
chr9,78442018,78442091,6,73
chr9,79277313,79278198,13,885
chr9,79391454,79391546,5,92
chr9,79570903,79574130,134,3227
chr9,79817778,79818019,5,241
chr9,79975387,79975463,5,76
chr9,79976613,79977194,6,581
chr9,80359469,80359985,5,516
chr9,80564268,80564562,5,294
chr9,80747352,80747555,8,203
chr9,81217255,81217335,5,80
chr9,81401309,81401386,5,77
chr9,81466356,81466501,5,145
chr9,81508507,81508749,8,242
chr9,81514781,81514907,5,126
chr9,81572749,81572989,5,240
chr9,81603012,81604240,6,1228
chr9,81666699,81667885,8,1186
chr9,81687118,81689862,132,2744
chr9,81693351,81693458,6,107
chr9,81695458,81695631,6,173
chr9,81735855,81735985,8,130
chr9,81749320,81749487,5,167
chr9,81790783,81791132,10,349
chr9,81808197,81809531,14,1334
chr9,81836508,81837362,7,854
chr9,81841015,81841106,5,91
chr9,81881150,81881573,9,423
chr9,81892166,81892344,5,178
chr9,81976554,81976865,10,311
chr9,82054347,82054655,12,308
chr9,83058147,83058275,6,128
chr9,83062505,83063295,89,790
chr9,83219344,83219578,7,234
chr9,83334127,83334475,5,348
chr9,83537458,83538731,88,1273
chr9,83622803,83623280,26,477
chr9,83704554,83704699,5,145
chr9,83707385,83708039,39,654
chr9,83817187,83818517,69,1330
chr9,83921135,83922537,53,1402
chr9,83953536,83955512,19,1976
chr9,83956670,83956795,14,125
chr9,83959924,83960252,6,328
chr9,83963684,83964533,6,849
chr9,83979273,83981035,46,1762
chr9,84055949,84056010,5,61
chr9,84102312,84102431,6,119
chr9,84140503,84140696,18,193
chr9,84384232,84384339,6,107
chr9,84397776,84398161,7,385
chr9,84408140,84408691,12,551
chr9,84668642,84670663,77,2021
chr9,84730665,84731021,5,356
chr9,85290167,85290456,13,289
chr9,85375881,85376346,8,465
chr9,85424714,85425572,9,858
chr9,85489980,85491017,5,1037
chr9,85522628,85523159,18,531
chr9,85705417,85706686,6,1269
chr9,85739632,85739917,7,285
chr9,85741383,85742422,42,1039
chr9,85805225,85805926,48,701
chr9,85940948,85941536,51,588
chr9,86098871,86100263,57,1392
chr9,86116643,86116690,5,47
chr9,86259889,86260055,5,166
chr9,86281644,86282805,74,1161
chr9,86354204,86354947,57,743
chr9,86652556,86652826,5,270
chr9,86847722,86848041,6,319
chr9,86902741,86903382,20,641
chr9,86945440,86949163,175,3723
chr9,87148057,87148898,37,841
chr9,87189754,87190434,6,680
chr9,87235540,87235803,5,263
chr9,87251905,87252254,7,349
chr9,87497278,87499122,95,1844
chr9,87622767,87623966,7,1199
chr9,87652864,87653200,5,336
chr9,87657965,87658083,9,118
chr9,87664548,87664952,6,404
chr9,87706258,87707235,9,977
chr9,87725903,87727262,49,1359
chr9,87824017,87825735,12,1718
chr9,87859379,87859463,8,84
chr9,87884066,87884831,6,765
chr9,87944881,87944974,6,93
chr9,87952994,87953056,7,62
chr9,87974135,87975010,26,875
chr9,87992360,87992875,6,515
chr9,88005780,88005919,6,139
chr9,88007068,88007174,12,106
chr9,88076355,88077208,30,853
chr9,88160894,88161060,6,166
chr9,88177878,88178442,9,564
chr9,88180637,88180737,5,100
chr9,88204186,88204446,6,260
chr9,88216536,88217195,14,659
chr9,88220240,88220931,13,691
chr9,88258200,88259214,8,1014
chr9,88269997,88270233,13,236
chr9,88281211,88282241,5,1030
chr9,88300496,88300911,8,415
chr9,88376717,88377018,6,301
chr9,88387827,88389142,84,1315
chr9,88443706,88444783,10,1077
chr9,88533450,88533768,6,318
chr9,88535533,88536129,30,596
chr9,88706501,88706745,5,244
chr9,88990100,88992085,78,1985
chr9,89000635,89001222,12,587
chr9,89008635,89008881,7,246
chr9,89051648,89052050,5,402
chr9,89177549,89178383,68,834
chr9,89180416,89180545,5,129
chr9,89209432,89209465,5,33
chr9,89282395,89282595,5,200
chr9,89309834,89311548,51,1714
chr9,89318437,89318868,32,431
chr9,89347494,89347763,6,269
chr9,89363307,89363458,5,151
chr9,89379180,89379588,6,408
chr9,89402713,89402916,5,203
chr9,89429678,89429720,5,42
chr9,89430901,89431286,5,385
chr9,89438959,89439275,10,316
chr9,89497394,89498011,54,617
chr9,89538806,89538910,5,104
chr9,89602596,89606477,84,3881
chr9,89639416,89640812,15,1396
chr9,89662729,89662997,8,268
chr9,89664939,89665303,6,364
chr9,89677301,89680021,18,2720
chr9,89681117,89681526,21,409
chr9,89769306,89769579,5,273
chr9,89871945,89873157,5,1212
chr9,90095892,90097135,8,1243
chr9,90134433,90134857,7,424
chr9,90224640,90226028,13,1388
chr9,90227323,90227361,5,38
chr9,90315562,90315906,8,344
chr9,90642925,90642998,10,73
chr9,90755566,90756432,7,866
chr9,90801427,90802210,35,783
chr9,90857919,90858102,5,183
chr9,90895543,90895923,8,380
chr9,90906594,90907221,7,627
chr9,90924582,90924720,5,138
chr9,90973357,90973491,5,134
chr9,91029822,91030230,5,408
chr9,91070835,91071005,5,170
chr9,91163035,91163185,5,150
chr9,91166436,91167193,5,757
chr9,91179260,91179367,7,107
chr9,91185343,91186553,9,1210
chr9,91193077,91193893,22,816
chr9,91361715,91362080,13,365
chr9,91404106,91404396,7,290
chr9,91421006,91422432,29,1426
chr9,91423737,91424572,64,835
chr9,91657202,91657351,5,149
chr9,91681626,91681841,9,215
chr9,91714580,91714719,9,139
chr9,91724941,91725014,5,73
chr9,91726514,91726930,7,416
chr9,91809708,91810701,6,993
chr9,91840073,91840262,6,189
chr9,91857612,91858048,5,436
chr9,91885976,91886681,17,705
chr9,91926307,91926695,5,388
chr9,91948614,91950667,136,2053
chr9,92001508,92002763,12,1255
chr9,92003780,92005574,19,1794
chr9,92098058,92098209,8,151
chr9,92115080,92115388,19,308
chr9,92140437,92141749,29,1312
chr9,92173114,92173303,5,189
chr9,92186595,92186936,6,341
chr9,92189611,92189931,19,320
chr9,92293583,92294592,48,1009
chr9,92325983,92326152,17,169
chr9,92345177,92345297,6,120
chr9,92394518,92394697,5,179
chr9,92613635,92613994,8,359
chr9,92641700,92642285,5,585
chr9,92669495,92670240,29,745
chr9,92715216,92715299,8,83
chr9,92753858,92754061,8,203
chr9,92764178,92765385,71,1207
chr9,92784361,92784460,5,99
chr9,92806529,92809954,65,3425
chr9,92837312,92837455,10,143
chr9,92913264,92913976,16,712
chr9,92947246,92947681,21,435
chr9,92953961,92955599,5,1638
chr9,92965441,92966556,9,1115
chr9,93050097,93050806,7,709
chr9,93058151,93059566,32,1415
chr9,93094988,93096617,63,1629
chr9,93117456,93117731,6,275
chr9,93120986,93121563,5,577
chr9,93125450,93127681,11,2231
chr9,93132729,93134293,41,1564
chr9,93140734,93141271,5,537
chr9,93172889,93174156,8,1267
chr9,93183871,93185379,63,1508
chr9,93262053,93262654,7,601
chr9,93293278,93293508,6,230
chr9,93299567,93299878,6,311
chr9,93303395,93303523,5,128
chr9,93306640,93307078,12,438
chr9,93322379,93322620,10,241
chr9,93325319,93325764,9,445
chr9,93346340,93347168,13,828
chr9,93366227,93366346,6,119
chr9,93450488,93453658,55,3170
chr9,93566561,93567109,28,548
chr9,93575824,93577964,110,2140
chr9,93636396,93636506,8,110
chr9,93659497,93660465,9,968
chr9,93677439,93677791,10,352
chr9,93728369,93729577,6,1208
chr9,93810396,93811573,16,1177
chr9,93826340,93827973,33,1633
chr9,93860750,93861429,21,679
chr9,93879962,93880000,6,38
chr9,93912273,93912426,7,153
chr9,93920070,93920296,6,226
chr9,93946162,93946319,8,157
chr9,93947956,93949908,28,1952
chr9,93951299,93956076,189,4777
chr9,93958240,93960860,87,2620
chr9,93962666,93962844,5,178
chr9,94030466,94031020,26,554
chr9,94162881,94163123,5,242
chr9,94166235,94167356,52,1121
chr9,94258625,94261134,48,2509
chr9,94320725,94320967,6,242
chr9,94322138,94322228,6,90
chr9,94346030,94346221,6,191
chr9,94374308,94375306,19,998
chr9,94505203,94505271,5,68
chr9,94553725,94555187,15,1462
chr9,94603450,94603557,5,107
chr9,94613690,94614035,5,345
chr9,94639528,94639577,9,49
chr9,94647168,94647305,5,137
chr9,94649768,94649857,6,89
chr9,94707394,94707623,7,229
chr9,94724696,94724894,5,198
chr9,94726595,94727196,19,601
chr9,94731288,94731320,5,32
chr9,94777356,94777726,8,370
chr9,94784896,94785131,5,235
chr9,94793223,94793272,5,49
chr9,94921269,94921859,6,590
chr9,95004397,95005566,84,1169
chr9,95041635,95041821,5,186
chr9,95045150,95045339,14,189
chr9,95048152,95048484,10,332
chr9,95079645,95080470,5,825
chr9,95082014,95082936,7,922
chr9,95088529,95089215,7,686
chr9,95090307,95090456,7,149
chr9,95127710,95128177,14,467
chr9,95137339,95137849,7,510
chr9,95270285,95270327,5,42
chr9,95316908,95317871,62,963
chr9,95349308,95350023,58,715
chr9,95358932,95359000,5,68
chr9,95426862,95427069,12,207
chr9,95458954,95459306,8,352
chr9,95460355,95460750,7,395
chr9,95461888,95462980,11,1092
chr9,95505890,95509358,147,3468
chr9,95510415,95513022,73,2607
chr9,95516176,95517396,62,1220
chr9,95525770,95525943,5,173
chr9,95553087,95553491,20,404
chr9,95570213,95570304,9,91
chr9,95626271,95626985,7,714
chr9,95669391,95670262,6,871
chr9,95680352,95680389,7,37
chr9,95729167,95729414,16,247
chr9,95752274,95752523,12,249
chr9,95772054,95772968,20,914
chr9,95779879,95779930,5,51
chr9,95784556,95784845,9,289
chr9,95874764,95876152,53,1388
chr9,96020944,96023028,98,2084
chr9,96026074,96027864,30,1790
chr9,96030626,96031067,18,441
chr9,96047114,96047281,6,167
chr9,96048317,96049746,12,1429
chr9,96080433,96080588,5,155
chr9,96098064,96098201,6,137
chr9,96146700,96147200,10,500
chr9,96149463,96149699,5,236
chr9,96168688,96169683,10,995
chr9,96186808,96186873,9,65
chr9,96203225,96204464,8,1239
chr9,96218359,96219388,30,1029
chr9,96372729,96373543,5,814
chr9,96375084,96375299,5,215
chr9,96383462,96384132,42,670
chr9,96417409,96419390,140,1981
chr9,96449992,96451344,78,1352
chr9,96486049,96486106,5,57
chr9,96488185,96490062,12,1877
chr9,96496647,96496990,22,343
chr9,96501094,96501199,6,105
chr9,96561408,96561571,5,163
chr9,96566730,96567449,22,719
chr9,96580482,96580578,6,96
chr9,96583351,96583623,8,272
chr9,96591846,96591906,5,60
chr9,96618549,96619777,65,1228
chr9,96639247,96639382,5,135
chr9,96654910,96655258,38,348
chr9,96663881,96663981,8,100
chr9,96684370,96684734,7,364
chr9,96686879,96687933,12,1054
chr9,96701128,96701232,7,104
chr9,96718715,96720260,25,1545
chr9,96734278,96734675,12,397
chr9,96777950,96778822,27,872
chr9,96852911,96855099,47,2188
chr9,96875111,96875838,15,727
chr9,96877416,96877737,9,321
chr9,96911567,96911681,7,114
chr9,96933168,96933273,6,105
chr9,96935428,96935518,6,90
chr9,96936689,96936931,9,242
chr9,97013401,97013819,18,418
chr9,97029203,97029271,7,68
chr9,97038617,97039687,41,1070
chr9,97075017,97078590,33,3573
chr9,97130502,97130557,5,55
chr9,97220947,97221926,40,979
chr9,97237956,97238284,20,328
chr9,97271334,97271429,14,95
chr9,97307284,97307889,27,605
chr9,97314613,97314735,7,122
chr9,97387513,97387901,7,388
chr9,97412005,97413155,48,1150
chr9,97501530,97503268,61,1738
chr9,97574229,97574277,9,48
chr9,97632681,97634060,79,1379
chr9,97635571,97635689,6,118
chr9,97696771,97697519,45,748
chr9,97698993,97699100,6,107
chr9,97740372,97742833,47,2461
chr9,97803077,97803825,37,748
chr9,97831421,97832014,7,593
chr9,97847792,97848842,42,1050
chr9,97851719,97855457,177,3738
chr9,97857801,97858110,21,309
chr9,97922431,97922758,25,327
chr9,97982839,97985390,129,2551
chr9,98055928,98057085,21,1157
chr9,98087571,98087601,7,30
chr9,98119045,98120110,36,1065
chr9,98132052,98132279,5,227
chr9,98161222,98161807,5,585
chr9,98191877,98193231,77,1354
chr9,98199448,98200430,12,982
chr9,98208731,98208926,9,195
chr9,98251141,98251215,5,74
chr9,98255357,98257501,35,2144
chr9,98305733,98306255,5,522
chr9,98317025,98318210,6,1185
chr9,98463752,98463844,5,92
chr9,98562926,98563447,9,521
chr9,98692503,98693303,11,800
chr9,98706767,98710656,193,3889
chr9,98736894,98737069,8,175
chr9,98796183,98796848,70,665
chr9,98807540,98808452,22,912
chr9,98825764,98827467,15,1703
chr9,98916530,98917128,6,598
chr9,98943915,98944840,35,925
chr9,98975024,98975329,20,305
chr9,99104820,99105797,66,977
chr9,99221533,99222487,35,954
chr9,99259421,99259805,7,384
chr9,99296560,99296637,8,77
chr9,99305879,99306083,6,204
chr9,99359460,99359569,5,109
chr9,99368372,99368966,13,594
chr9,99819328,99820141,55,813
chr9,99821199,99825683,97,4484
chr9,99828417,99829204,29,787
chr9,99906588,99907176,33,588
chr9,99998411,99998513,7,102
chr9,100098292,100099148,29,856
chr9,100230663,100230708,5,45
chr9,100332360,100333089,5,729
chr9,100352463,100353049,62,586
chr9,100411785,100411930,6,145
chr9,100427091,100427720,80,629
chr9,100472984,100473975,103,991
chr9,100598693,100599014,24,321
chr9,101028696,101029682,33,986
chr9,101194475,101194675,5,200
chr9,101338248,101338348,9,100
chr9,101398152,101398859,7,707
chr9,101448649,101449397,15,748
chr9,101486040,101487088,33,1048
chr9,101533497,101533850,12,353
chr9,101594898,101595545,9,647
chr9,101737204,101738882,51,1678
chr9,101933777,101933826,5,49
chr9,102248804,102249132,8,328
chr9,102487225,102487350,15,125
chr9,103114322,103114468,5,146
chr9,103483877,103484018,6,141
chr9,103879404,103879785,5,381
chr9,103999569,103999734,20,165
chr9,104094155,104094502,16,347
chr9,104235505,104235546,5,41
chr9,104316121,104316250,5,129
chr9,104363197,104363249,6,52
chr9,104374425,104374559,5,134
chr9,104496592,104496805,9,213
chr9,104747885,104748965,43,1080
chr9,104764334,104764883,22,549
chr9,104821420,104821493,6,73
chr9,104926742,104928599,63,1857
chr9,104968235,104968505,14,270
chr9,104991244,104991731,16,487
chr9,105244307,105245542,102,1235
chr9,105279123,105279403,5,280
chr9,105324198,105324246,5,48
chr9,105400119,105400169,6,50
chr9,105419771,105420753,7,982
chr9,105447248,105448543,33,1295
chr9,105508057,105508271,5,214
chr9,105558195,105558561,15,366
chr9,105656123,105657288,64,1165
chr9,105694453,105694922,32,469
chr9,105812312,105812508,5,196
chr9,105820068,105820166,5,98
chr9,105902984,105903361,12,377
chr9,106209070,106209116,6,46
chr9,106697406,106697648,5,242
chr9,106720053,106720114,5,61
chr9,106860149,106860881,27,732
chr9,106862438,106864177,42,1739
chr9,106926502,106927561,6,1059
chr9,107002838,107003166,6,328
chr9,107203463,107203583,5,120
chr9,107282993,107283828,70,835
chr9,107309855,107309999,5,144
chr9,107395647,107396169,5,522
chr9,107398445,107398708,5,263
chr9,107425159,107425370,10,211
chr9,107465586,107465807,18,221
chr9,107470682,107471239,5,557
chr9,107487123,107491624,171,4501
chr9,107501418,107502271,9,853
chr9,107518761,107519137,5,376
chr9,107637492,107637805,13,313
chr9,107739221,107739629,5,408
chr9,107742920,107743833,8,913
chr9,108184576,108184993,7,417
chr9,108272454,108272996,7,542
chr9,108366505,108366737,5,232
chr9,108530330,108531352,6,1022
chr9,108854793,108856132,25,1339
chr9,108932402,108932434,5,32
chr9,108933819,108934563,16,744
chr9,109012685,109013699,35,1014
chr9,109028306,109028359,5,53
chr9,109115206,109115681,8,475
chr9,109156451,109156775,6,324
chr9,109161036,109161079,5,43
chr9,109166872,109167460,52,588
chr9,109318647,109321292,139,2645
chr9,109420571,109420712,7,141
chr9,109483462,109483681,5,219
chr9,109497844,109500030,87,2186
chr9,109532800,109533048,8,248
chr9,109534221,109534303,13,82
chr9,109598799,109598923,5,124
chr9,109641444,109641542,5,98
chr9,109772835,109772974,6,139
chr9,109780197,109780386,23,189
chr9,109943083,109943286,7,203
chr9,110048837,110050788,27,1951
chr9,110057472,110057539,6,67
chr9,110109241,110109433,6,192
chr9,110127328,110127780,9,452
chr9,110196199,110196833,5,634
chr9,110202751,110203114,6,363
chr9,110213455,110213801,6,346
chr9,110255635,110257111,50,1476
chr9,110268645,110269188,5,543
chr9,110388690,110388825,5,135
chr9,110465660,110466717,7,1057
chr9,110578934,110579956,41,1022
chr9,110694122,110694198,5,76
chr9,110926019,110926081,5,62
chr9,111037634,111039507,84,1873
chr9,111482820,111484442,119,1622
chr9,111511781,111512036,5,255
chr9,111525150,111525945,23,795
chr9,111534766,111534816,5,50
chr9,111560565,111560709,7,144
chr9,111597799,111600077,50,2278
chr9,111616440,111617495,5,1055
chr9,111630417,111631725,16,1308
chr9,111660935,111662317,42,1382
chr9,111740823,111741287,12,464
chr9,111795022,111795264,10,242
chr9,111869503,111869573,6,70
chr9,111889534,111889850,7,316
chr9,111895582,111897389,78,1807
chr9,112064595,112064799,5,204
chr9,112174663,112176679,80,2016
chr9,112333048,112334147,76,1099
chr9,112380026,112380254,19,228
chr9,112397940,112399006,9,1066
chr9,112415964,112416132,7,168
chr9,112486613,112487353,48,740
chr9,112659707,112660037,10,330
chr9,112681625,112682709,8,1084
chr9,112716668,112718310,34,1642
chr9,112721586,112721830,8,244
chr9,112736923,112737744,5,821
chr9,112750643,112751607,56,964
chr9,112890494,112891152,13,658
chr9,112945757,112945957,10,200
chr9,112959127,112959441,5,314
chr9,113056636,113057257,35,621
chr9,113059845,113059894,5,49
chr9,113061568,113062691,14,1123
chr9,113150814,113151526,64,712
chr9,113220635,113222883,40,2248
chr9,113275071,113277064,39,1993
chr9,113303829,113304081,7,252
chr9,113313766,113314504,10,738
chr9,113339833,113340421,31,588
chr9,113346531,113346630,5,99
chr9,113349436,113349796,17,360
chr9,113374254,113374332,5,78
chr9,113376250,113376994,37,744
chr9,113381926,113382033,5,107
chr9,113394207,113394287,5,80
chr9,113400753,113401290,11,537
chr9,113410350,113410483,12,133
chr9,113411500,113411594,7,94
chr9,113463642,113463839,17,197
chr9,113503267,113504049,6,782
chr9,113505452,113506485,8,1033
chr9,113548713,113548957,6,244
chr9,113564980,113565349,15,369
chr9,113593927,113594626,6,699
chr9,113616125,113616418,7,293
chr9,113682414,113682575,5,161
chr9,113687946,113688626,23,680
chr9,113790079,113790218,5,139
chr9,113851487,113851565,11,78
chr9,113871246,113872188,17,942
chr9,113875820,113876831,26,1011
chr9,113901385,113902109,8,724
chr9,113992593,113993264,7,671
chr9,114008335,114008508,5,173
chr9,114028757,114028862,8,105
chr9,114097828,114099162,29,1334
chr9,114108143,114108575,8,432
chr9,114153658,114156827,108,3169
chr9,114163350,114163702,8,352
chr9,114167770,114170369,24,2599
chr9,114183248,114184202,11,954
chr9,114208648,114209540,6,892
chr9,114259921,114260268,5,347
chr9,114264285,114265474,9,1189
chr9,114285619,114285833,7,214
chr9,114287650,114288174,8,524
chr9,114339818,114339917,5,99
chr9,114387703,114387832,7,129
chr9,114397596,114398827,46,1231
chr9,114452255,114452371,6,116
chr9,114466443,114467605,9,1162
chr9,114470831,114471653,5,822
chr9,114504766,114506002,79,1236
chr9,114511105,114511212,6,107
chr9,114586708,114587341,14,633
chr9,114611329,114611576,18,247
chr9,114702764,114702890,8,126
chr9,115058904,115059821,6,917
chr9,115087004,115087135,8,131
chr9,115234429,115234618,5,189
chr9,115498466,115498783,6,317
chr9,116154133,116155918,61,1785
chr9,116157173,116157237,5,64
chr9,116267799,116268029,5,230
chr9,116482250,116482693,6,443
chr9,116686884,116687508,44,624
chr9,116959620,116959954,8,334
chr9,117412720,117415920,93,3200
chr9,117487783,117488260,5,477
chr9,117564585,117564625,5,40
chr9,117642123,117643521,17,1398
chr9,117745018,117745188,23,170
chr9,118321003,118321196,6,193
chr9,118514388,118515349,8,961
chr9,118544350,118544418,5,68
chr9,118695292,118695726,17,434
chr9,118809277,118809451,6,174
chr9,118895679,118896212,11,533
chr9,119167080,119167234,5,154
chr9,119247511,119247571,5,60
chr9,119368188,119369776,56,1588
chr9,119556412,119556719,6,307
chr9,119599126,119599340,5,214
chr9,119750935,119751073,5,138
chr9,120156443,120156589,5,146
chr9,120242232,120242584,6,352
chr9,120577995,120580310,47,2315
chr9,120589412,120589536,5,124
chr9,120713642,120715553,77,1911
chr9,120784506,120785848,9,1342
chr9,120793183,120793453,21,270
chr9,120868498,120869152,21,654
chr9,120876257,120877531,64,1274
chr9,120894486,120895308,39,822
chr9,120928502,120929443,40,941
chr9,120980787,120980891,6,104
chr9,121073577,121073674,10,97
chr9,121074831,121075220,31,389
chr9,121201351,121203091,69,1740
chr9,121224289,121224394,6,105
chr9,121267152,121268512,29,1360
chr9,121286360,121287262,6,902
chr9,121299277,121300650,20,1373
chr9,121319279,121320928,14,1649
chr9,121369525,121370610,19,1085
chr9,121498696,121500061,43,1365
chr9,121502920,121503863,5,943
chr9,121537564,121538817,9,1253
chr9,121545771,121546294,18,523
chr9,121550790,121550835,6,45
chr9,121578451,121578712,7,261
chr9,121581919,121582258,8,339
chr9,121598222,121600015,51,1793
chr9,121612269,121612548,5,279
chr9,121619577,121620747,6,1170
chr9,121622554,121622644,5,90
chr9,121651481,121652530,32,1049
chr9,121668116,121668330,5,214
chr9,121678730,121678966,16,236
chr9,121698636,121701244,91,2608
chr9,121719102,121720384,6,1282
chr9,121736037,121737027,51,990
chr9,121760098,121760187,7,89
chr9,121772423,121772795,15,372
chr9,121780341,121780422,5,81
chr9,121817052,121818433,10,1381
chr9,121904043,121904269,5,226
chr9,121985386,121985609,6,223
chr9,122038367,122039355,6,988
chr9,122067627,122067770,5,143
chr9,122092677,122095491,40,2814
chr9,122099724,122100068,5,344
chr9,122119376,122119634,6,258
chr9,122121529,122121973,9,444
chr9,122126472,122127170,25,698
chr9,122131394,122131854,5,460
chr9,122144146,122144316,6,170
chr9,122158009,122158109,9,100
chr9,122159217,122159938,24,721
chr9,122175970,122176034,5,64
chr9,122193509,122193818,5,309
chr9,122213544,122214187,52,643
chr9,122216678,122216974,9,296
chr9,122218540,122220555,47,2015
chr9,122225446,122228745,66,3299
chr9,122343001,122343336,6,335
chr9,122346934,122347727,40,793
chr9,122370917,122371917,18,1000
chr9,122387984,122388144,5,160
chr9,122392366,122392489,7,123
chr9,122405451,122406515,14,1064
chr9,122464304,122464349,5,45
chr9,122800548,122801257,6,709
chr9,122828255,122829774,29,1519
chr9,122892504,122892706,9,202
chr9,122901694,122902022,8,328
chr9,122904341,122906303,55,1962
chr9,122912517,122913783,33,1266
chr9,122931286,122931545,10,259
chr9,122940867,122941418,13,551
chr9,123108680,123108850,6,170
chr9,123114296,123114870,5,574
chr9,123254385,123254927,7,542
chr9,123267885,123268742,79,857
chr9,123302058,123302142,6,84
chr9,123339505,123340192,20,687
chr9,123354179,123354529,5,350
chr9,123360437,123361065,5,628
chr9,123363063,123363304,8,241
chr9,123370680,123370745,5,65
chr9,123373485,123373782,22,297
chr9,123382161,123384023,24,1862
chr9,123392082,123392388,9,306
chr9,123403235,123403338,6,103
chr9,123454910,123455156,6,246
chr9,123457322,123458125,11,803
chr9,123557570,123558155,10,585
chr9,123568713,123569075,5,362
chr9,123586697,123586801,5,104
chr9,123885750,123885940,5,190
chr9,123903256,123903379,5,123
chr9,123929236,123930228,46,992
chr9,123996923,123998137,13,1214
chr9,123999348,124000326,72,978
chr9,124007968,124009296,53,1328
chr9,124010968,124013728,111,2760
chr9,124015497,124019422,145,3925
chr9,124022252,124022784,9,532
chr9,124040470,124041481,30,1011
chr9,124043377,124044016,7,639
chr9,124045075,124045996,28,921
chr9,124088946,124089118,5,172
chr9,124094831,124097430,7,2599
chr9,124125654,124125982,7,328
chr9,124140267,124140392,5,125
chr9,124215998,124216902,8,904
chr9,124242980,124243164,5,184
chr9,124257709,124258878,39,1169
chr9,124267356,124267406,6,50
chr9,124281794,124282030,6,236
chr9,124291152,124291905,8,753
chr9,124295043,124295268,5,225
chr9,124323341,124323433,5,92
chr9,124326295,124326602,17,307
chr9,124332830,124334770,13,1940
chr9,124340463,124343842,20,3379
chr9,124346584,124347801,5,1217
chr9,124349801,124350027,5,226
chr9,124414834,124415607,21,773
chr9,124422525,124424333,12,1808
chr9,124435776,124435886,5,110
chr9,124441398,124441621,7,223
chr9,124450263,124450784,11,521
chr9,124452672,124454140,28,1468
chr9,124467189,124468336,10,1147
chr9,124475367,124478033,27,2666
chr9,124479275,124479380,5,105
chr9,124485914,124488206,18,2292
chr9,124492618,124494008,5,1390
chr9,124496026,124498538,21,2512
chr9,124499965,124500652,19,687
chr9,124503347,124505804,122,2457
chr9,124507177,124507827,13,650
chr9,124588610,124588838,7,228
chr9,124628307,124628733,6,426
chr9,124769585,124772360,107,2775
chr9,124774690,124774885,5,195
chr9,124777243,124777555,17,312
chr9,124812611,124813044,9,433
chr9,124852672,124854286,26,1614
chr9,124861243,124863697,27,2454
chr9,124868779,124870521,88,1742
chr9,124876343,124876481,6,138
chr9,124937377,124937555,5,178
chr9,124940809,124941523,38,714
chr9,125006377,125006584,5,207
chr9,125051971,125053353,8,1382
chr9,125069508,125069716,7,208
chr9,125143034,125143788,30,754
chr9,125188640,125189884,56,1244
chr9,125200002,125200719,26,717
chr9,125221451,125221768,5,317
chr9,125230259,125231218,8,959
chr9,125241232,125243137,21,1905
chr9,125249315,125249792,5,477
chr9,125251808,125251946,6,138
chr9,125261684,125262273,26,589
chr9,125265857,125267050,9,1193
chr9,125374876,125376900,9,2024
chr9,125378962,125381198,11,2236
chr9,125406448,125409013,62,2565
chr9,125438859,125439312,10,453
chr9,125706827,125707322,20,495
chr9,125722542,125722909,8,367
chr9,125746052,125748990,131,2938
chr9,125889249,125890175,32,926
chr9,125988762,125989150,6,388
chr9,125991797,125993345,11,1548
chr9,125998945,125999301,5,356
chr9,126014667,126015889,14,1222
chr9,126018464,126019407,8,943
chr9,126037090,126037270,11,180
chr9,126057430,126057716,9,286
chr9,126058914,126059750,14,836
chr9,126107581,126108331,10,750
chr9,126125353,126125776,6,423
chr9,126164166,126165273,12,1107
chr9,126206004,126206071,5,67
chr9,126222451,126223157,7,706
chr9,126235863,126236000,11,137
chr9,126298583,126298815,8,232
chr9,126326380,126327382,67,1002
chr9,126337814,126338421,21,607
chr9,126366928,126367417,6,489
chr9,126398050,126398214,7,164
chr9,126408150,126408415,10,265
chr9,126421907,126422222,8,315
chr9,126452502,126453549,5,1047
chr9,126454987,126455280,5,293
chr9,126499245,126500182,20,937
chr9,126503413,126503667,8,254
chr9,126507226,126507701,8,475
chr9,126514329,126515941,24,1612
chr9,126516997,126517351,5,354
chr9,126526406,126526644,6,238
chr9,126531287,126532184,5,897
chr9,126534485,126535028,9,543
chr9,126555285,126556712,12,1427
chr9,126563160,126564231,8,1071
chr9,126581984,126582975,9,991
chr9,126586543,126586893,16,350
chr9,126609848,126615804,182,5956
chr9,126617323,126622315,38,4992
chr9,126623590,126626899,104,3309
chr9,126634094,126634346,6,252
chr9,126638208,126639405,23,1197
chr9,126642495,126644154,12,1659
chr9,126647405,126648291,6,886
chr9,126650375,126650915,9,540
chr9,126652121,126652323,6,202
chr9,126665606,126665804,6,198
chr9,126671429,126672127,10,698
chr9,126679949,126681569,8,1620
chr9,126682751,126683845,61,1094
chr9,126691067,126691516,5,449
chr9,126693149,126693975,10,826
chr9,126701019,126702955,12,1936
chr9,126722517,126724421,59,1904
chr9,126755074,126755444,19,370
chr9,126774921,126775055,5,134
chr9,126777538,126778024,6,486
chr9,126805050,126805408,26,358
chr9,126850647,126850893,6,246
chr9,126860343,126861316,51,973
chr9,126879952,126880850,9,898
chr9,126914577,126915645,94,1068
chr9,127096304,127096381,5,77
chr9,127121743,127122801,19,1058
chr9,127207923,127209299,7,1376
chr9,127211543,127212235,5,692
chr9,127224858,127225865,72,1007
chr9,127244951,127245458,20,507
chr9,127298095,127299760,5,1665
chr9,127393194,127393413,5,219
chr9,127397465,127398110,32,645
chr9,127404618,127404782,8,164
chr9,127424201,127424679,37,478
chr9,127431910,127432240,6,330
chr9,127444516,127445147,20,631
chr9,127450675,127451956,71,1281
chr9,127479947,127480082,5,135
chr9,127491686,127491833,6,147
chr9,127494168,127495044,7,876
chr9,127497258,127498145,8,887
chr9,127501646,127502713,5,1067
chr9,127507389,127507993,8,604
chr9,127521527,127521694,5,167
chr9,127536478,127537870,8,1392
chr9,127539516,127540887,12,1371
chr9,127550927,127551106,9,179
chr9,127561872,127563669,19,1797
chr9,127568162,127569371,61,1209
chr9,127590937,127592080,7,1143
chr9,127608552,127608657,13,105
chr9,127612027,127613201,55,1174
chr9,127676695,127676775,6,80
chr9,127692417,127693073,6,656
chr9,127699134,127699366,12,232
chr9,127714987,127715738,37,751
chr9,127720239,127720366,5,127
chr9,127724708,127726712,16,2004
chr9,127727920,127728114,5,194
chr9,127732498,127732598,7,100
chr9,127734877,127737966,31,3089
chr9,127741427,127741931,6,504
chr9,127754243,127756158,39,1915
chr9,127785095,127786723,119,1628
chr9,127795213,127795552,8,339
chr9,127801786,127803576,28,1790
chr9,127818134,127819472,6,1338
chr9,127824418,127826788,25,2370
chr9,127828441,127828880,12,439
chr9,127846502,127846775,9,273
chr9,127854014,127854638,11,624
chr9,127866776,127867689,14,913
chr9,127877332,127877820,21,488
chr9,127884460,127885322,8,862
chr9,127890668,127890820,8,152
chr9,127898317,127899877,73,1560
chr9,127905907,127906852,9,945
chr9,127911753,127913257,15,1504
chr9,127915892,127917696,33,1804
chr9,127921510,127921965,15,455
chr9,127923282,127925206,9,1924
chr9,127927246,127928606,33,1360
chr9,127930604,127931742,30,1138
chr9,127937803,127938611,35,808
chr9,127949736,127950880,10,1144
chr9,127979946,127981206,59,1260
chr9,127983449,127984464,9,1015
chr9,128006088,128006203,6,115
chr9,128029491,128029889,5,398
chr9,128049362,128049615,6,253
chr9,128053193,128053696,7,503
chr9,128058810,128060220,11,1410
chr9,128067343,128070864,65,3521
chr9,128082951,128083602,8,651
chr9,128091209,128091645,10,436
chr9,128098366,128099952,21,1586
chr9,128103216,128103414,11,198
chr9,128105231,128107273,20,2042
chr9,128115359,128116103,5,744
chr9,128117354,128118211,12,857
chr9,128125998,128126128,5,130
chr9,128127816,128129323,70,1507
chr9,128145615,128146006,5,391
chr9,128160048,128160887,74,839
chr9,128191427,128193892,46,2465
chr9,128203295,128204201,67,906
chr9,128218628,128219525,19,897
chr9,128224240,128224396,6,156
chr9,128234078,128234952,9,874
chr9,128244636,128246041,5,1405
chr9,128249580,128251139,40,1559
chr9,128263478,128264513,16,1035
chr9,128275478,128276374,45,896
chr9,128312775,128313785,6,1010
chr9,128320117,128320857,6,740
chr9,128322352,128323107,27,755
chr9,128325789,128326689,7,900
chr9,128340179,128340998,51,819
chr9,128352119,128353505,10,1386
chr9,128364780,128365260,20,480
chr9,128371215,128371665,12,450
chr9,128392041,128393265,62,1224
chr9,128396258,128396329,6,71
chr9,128400758,128401162,6,404
chr9,128405162,128405971,5,809
chr9,128408609,128409014,6,405
chr9,128412696,128414220,13,1524
chr9,128415898,128416040,5,142
chr9,128418526,128421142,59,2616
chr9,128426812,128427257,7,445
chr9,128444134,128444523,5,389
chr9,128452933,128453127,5,194
chr9,128455102,128457295,90,2193
chr9,128504560,128504989,29,429
chr9,128530840,128531660,7,820
chr9,128552754,128553165,37,411
chr9,128615767,128615969,5,202
chr9,128624509,128624808,5,299
chr9,128627655,128629876,17,2221
chr9,128632799,128633804,15,1005
chr9,128635317,128635995,6,678
chr9,128641760,128642729,5,969
chr9,128656642,128657552,11,910
chr9,128660209,128661235,7,1026
chr9,128683397,128684591,9,1194
chr9,128688851,128690355,78,1504
chr9,128702473,128705348,114,2875
chr9,128709210,128710176,8,966
chr9,128711354,128711471,9,117
chr9,128723994,128724474,44,480
chr9,128758579,128759089,6,510
chr9,128771666,128772010,33,344
chr9,128785946,128787340,36,1394
chr9,128792444,128792573,6,129
chr9,128795515,128795661,6,146
chr9,128818799,128819292,15,493
chr9,128829497,128829831,25,334
chr9,128872958,128873497,6,539
chr9,128876714,128876991,7,277
chr9,128881241,128882994,33,1753
chr9,128902767,128904821,10,2054
chr9,128907172,128907372,9,200
chr9,128909632,128909782,5,150
chr9,128916129,128917693,22,1564
chr9,128920978,128922379,11,1401
chr9,128947332,128948818,65,1486
chr9,129006339,129006963,15,624
chr9,129009226,129010005,8,779
chr9,129016582,129017033,8,451
chr9,129019488,129019665,6,177
chr9,129026986,129028278,40,1292
chr9,129033733,129035433,15,1700
chr9,129036640,129037036,31,396
chr9,129043743,129045480,15,1737
chr9,129067943,129069098,6,1155
chr9,129071293,129072314,14,1021
chr9,129079765,129079913,5,148
chr9,129081061,129081503,33,442
chr9,129086757,129087517,6,760
chr9,129110195,129114314,92,4119
chr9,129126073,129126286,6,213
chr9,129138708,129139521,9,813
chr9,129154067,129154337,6,270
chr9,129166611,129167697,10,1086
chr9,129173350,129178552,168,5202
chr9,129202945,129203786,24,841
chr9,129211883,129212333,5,450
chr9,129238363,129238569,6,206
chr9,129245535,129247197,12,1662
chr9,129252146,129254030,13,1884
chr9,129257088,129258683,28,1595
chr9,129271148,129271401,7,253
chr9,129282315,129283977,16,1662
chr9,129290419,129290897,7,478
chr9,129308861,129309031,7,170
chr9,129314648,129315793,9,1145
chr9,129319167,129319636,7,469
chr9,129320711,129321156,28,445
chr9,129334183,129335119,12,936
chr9,129336643,129337586,35,943
chr9,129340988,129341496,21,508
chr9,129342649,129342817,6,168
chr9,129344062,129344718,13,656
chr9,129345757,129347783,21,2026
chr9,129351217,129352975,32,1758
chr9,129381728,129381857,5,129
chr9,129383304,129384095,72,791
chr9,129399112,129401379,23,2267
chr9,129402468,129402601,12,133
chr9,129406390,129406595,7,205
chr9,129413243,129416365,88,3122
chr9,129436875,129439253,73,2378
chr9,129459434,129462656,40,3222
chr9,129479705,129480659,6,954
chr9,129481743,129484648,89,2905
chr9,129488221,129490302,52,2081
chr9,129493666,129494008,5,342
chr9,129495620,129497122,50,1502
chr9,129500449,129500525,5,76
chr9,129506101,129506967,7,866
chr9,129523408,129524191,5,783
chr9,129549703,129550545,53,842
chr9,129557344,129558648,6,1304
chr9,129568332,129569057,39,725
chr9,129576985,129577103,11,118
chr9,129587157,129587781,5,624
chr9,129595147,129595553,6,406
chr9,129596980,129598114,41,1134
chr9,129604750,129605172,6,422
chr9,129609686,129611260,54,1574
chr9,129615449,129615543,6,94
chr9,129620077,129620675,24,598
chr9,129622885,129624238,10,1353
chr9,129626066,129627198,33,1132
chr9,129635345,129635605,7,260
chr9,129640765,129642825,60,2060
chr9,129651182,129652981,11,1799
chr9,129664305,129668633,102,4328
chr9,129672298,129672791,9,493
chr9,129674936,129675181,5,245
chr9,129685827,129686926,5,1099
chr9,129696643,129698035,26,1392
chr9,129712848,129713060,9,212
chr9,129718997,129719484,25,487
chr9,129732666,129732828,7,162
chr9,129736718,129739064,28,2346
chr9,129744523,129746228,17,1705
chr9,129751570,129752971,32,1401
chr9,129783990,129785283,9,1293
chr9,129787064,129787206,6,142
chr9,129797335,129797936,8,601
chr9,129802849,129803565,47,716
chr9,129805069,129806603,6,1534
chr9,129808423,129808642,5,219
chr9,129823519,129824454,43,935
chr9,129834393,129835751,50,1358
chr9,129865828,129866621,10,793
chr9,129868140,129869423,11,1283
chr9,129880832,129880952,6,120
chr9,129885379,129885941,14,562
chr9,129887981,129888746,16,765
chr9,129890212,129890350,5,138
chr9,129892093,129892429,5,336
chr9,129989765,129989962,5,197
chr9,130001188,130001256,5,68
chr9,130003750,130003878,5,128
chr9,130038279,130038553,7,274
chr9,130042015,130044361,94,2346
chr9,130049281,130049663,8,382
chr9,130053496,130054479,27,983
chr9,130140336,130140893,7,557
chr9,130171234,130173539,95,2305
chr9,130181725,130181937,13,212
chr9,130185788,130185942,8,154
chr9,130191343,130191501,5,158
chr9,130192667,130193699,13,1032
chr9,130200426,130200908,5,482
chr9,130236408,130237439,6,1031
chr9,130264665,130266431,40,1766
chr9,130275256,130275366,5,110
chr9,130284481,130285327,14,846
chr9,130295507,130295730,6,223
chr9,130305983,130307300,5,1317
chr9,130319521,130321288,27,1767
chr9,130331782,130333224,9,1442
chr9,130354911,130355565,8,654
chr9,130375367,130376118,5,751
chr9,130381269,130382306,10,1037
chr9,130384679,130384728,5,49
chr9,130393760,130394549,10,789
chr9,130395863,130395946,5,83
chr9,130398706,130398817,8,111
chr9,130418929,130420143,7,1214
chr9,130422153,130422656,9,503
chr9,130428057,130430107,12,2050
chr9,130433943,130434056,7,113
chr9,130444124,130445561,61,1437
chr9,130466697,130467437,14,740
chr9,130470448,130472381,30,1933
chr9,130478047,130479134,14,1087
chr9,130481734,130481773,6,39
chr9,130491238,130491322,7,84
chr9,130519487,130519767,9,280
chr9,130520932,130522135,5,1203
chr9,130523431,130524263,5,832
chr9,130527375,130528269,5,894
chr9,130551032,130553027,15,1995
chr9,130569969,130570208,6,239
chr9,130578913,130580083,43,1170
chr9,130629233,130629420,5,187
chr9,130646772,130646943,5,171
chr9,130649141,130650132,7,991
chr9,130651951,130652011,5,60
chr9,130659351,130667021,324,7670
chr9,130669251,130669764,7,513
chr9,130678085,130678379,5,294
chr9,130680251,130682257,40,2006
chr9,130693877,130694142,6,265
chr9,130700164,130700452,5,288
chr9,130712159,130713506,71,1347
chr9,130821787,130821999,6,212
chr9,130835054,130835803,34,749
chr9,130841296,130841401,5,105
chr9,130872881,130873400,10,519
chr9,130876837,130876965,6,128
chr9,130883102,130884719,16,1617
chr9,130886217,130887741,7,1524
chr9,130891520,130892477,11,957
chr9,130893912,130894129,10,217
chr9,130898115,130899255,6,1140
chr9,130901594,130904703,23,3109
chr9,130906238,130907467,12,1229
chr9,130909209,130909451,9,242
chr9,130911807,130913416,32,1609
chr9,130920950,130921665,14,715
chr9,130924208,130926486,18,2278
chr9,130929939,130930060,6,121
chr9,130932253,130932446,10,193
chr9,130938424,130940370,107,1946
chr9,130956299,130957556,16,1257
chr9,130973262,130974162,16,900
chr9,130986620,130986731,5,111
chr9,130991549,130991657,8,108
chr9,130997050,130998793,16,1743
chr9,131000679,131001735,10,1056
chr9,131004554,131004667,6,113
chr9,131008290,131009324,30,1034
chr9,131012136,131013801,35,1665
chr9,131017064,131017950,13,886
chr9,131036247,131036299,5,52
chr9,131064588,131064620,5,32
chr9,131091763,131092521,5,758
chr9,131096259,131097238,32,979
chr9,131111981,131114142,14,2161
chr9,131125508,131125738,18,230
chr9,131238221,131238893,12,672
chr9,131240205,131240604,6,399
chr9,131250893,131251052,6,159
chr9,131252296,131252853,11,557
chr9,131254685,131254750,5,65
chr9,131258954,131259126,6,172
chr9,131260177,131261800,12,1623
chr9,131265762,131266241,8,479
chr9,131269809,131270717,5,908
chr9,131272855,131273261,7,406
chr9,131274953,131277554,103,2601
chr9,131278861,131279003,5,142
chr9,131280280,131280566,10,286
chr9,131282774,131283553,26,779
chr9,131289263,131290095,19,832
chr9,131298153,131299293,5,1140
chr9,131301659,131301909,6,250
chr9,131313013,131314208,16,1195
chr9,131319587,131320851,15,1264
chr9,131329251,131329496,5,245
chr9,131332729,131334998,21,2269
chr9,131347823,131348293,7,470
chr9,131350228,131350764,24,536
chr9,131353528,131353802,5,274
chr9,131364426,131364498,5,72
chr9,131368815,131369577,6,762
chr9,131372118,131373772,29,1654
chr9,131393430,131394783,64,1353
chr9,131421932,131423279,6,1347
chr9,131444432,131444639,6,207
chr9,131464724,131464976,10,252
chr9,131474803,131475956,11,1153
chr9,131502519,131503671,33,1152
chr9,131520403,131520545,7,142
chr9,131522020,131522345,6,325
chr9,131528961,131529240,18,279
chr9,131530926,131532158,73,1232
chr9,131545277,131546764,40,1487
chr9,131554520,131555624,41,1104
chr9,131574455,131574540,5,85
chr9,131579248,131580193,12,945
chr9,131582647,131582693,5,46
chr9,131583983,131584103,7,120
chr9,131588094,131588933,8,839
chr9,131598185,131598360,6,175
chr9,131660008,131660075,5,67
chr9,131729823,131730567,6,744
chr9,131733354,131733813,8,459
chr9,131739240,131741099,54,1859
chr9,131762538,131762762,12,224
chr9,131792055,131792457,6,402
chr9,131794434,131794620,6,186
chr9,131823938,131825369,15,1431
chr9,131834923,131835603,18,680
chr9,131836719,131837754,6,1035
chr9,131841852,131842611,24,759
chr9,131863532,131863754,5,222
chr9,131973649,131973923,5,274
chr9,132079155,132079683,9,528
chr9,132141855,132141962,8,107
chr9,132156229,132157120,6,891
chr9,132161440,132164584,141,3144
chr9,132175539,132175810,11,271
chr9,132185222,132186100,7,878
chr9,132189237,132190189,5,952
chr9,132197873,132198769,6,896
chr9,132204358,132204404,5,46
chr9,132208360,132209456,17,1096
chr9,132214203,132215909,13,1706
chr9,132226981,132227037,5,56
chr9,132240852,132242632,86,1780
chr9,132249006,132250082,5,1076
chr9,132252346,132252650,6,304
chr9,132320448,132320486,5,38
chr9,132354352,132356074,56,1722
chr9,132368017,132368446,6,429
chr9,132406157,132406869,12,712
chr9,132409942,132410562,37,620
chr9,132415418,132416661,5,1243
chr9,132423308,132424764,8,1456
chr9,132427178,132427539,12,361
chr9,132432624,132432806,5,182
chr9,132457739,132458209,14,470
chr9,132472829,132473066,6,237
chr9,132476791,132477082,6,291
chr9,132480523,132480755,6,232
chr9,132482482,132482520,5,38
chr9,132486285,132486998,14,713
chr9,132492615,132494179,7,1564
chr9,132498629,132499558,16,929
chr9,132506087,132506448,10,361
chr9,132510355,132510466,6,111
chr9,132513747,132514969,11,1222
chr9,132517762,132518139,5,377
chr9,132521859,132523180,8,1321
chr9,132531736,132533224,8,1488
chr9,132542973,132544140,9,1167
chr9,132545720,132546385,10,665
chr9,132551865,132552061,5,196
chr9,132556947,132557753,5,806
chr9,132575175,132575264,5,89
chr9,132579862,132583786,108,3924
chr9,132586193,132590896,155,4703
chr9,132669576,132671313,102,1737
chr9,132673044,132673107,5,63
chr9,132677376,132678424,8,1048
chr9,132708003,132708799,13,796
chr9,132732582,132733416,11,834
chr9,132743723,132744132,9,409
chr9,132745322,132745657,16,335
chr9,132769287,132770668,12,1381
chr9,132774738,132774880,5,142
chr9,132805200,132805587,5,387
chr9,132852359,132852466,5,107
chr9,132877806,132879114,55,1308
chr9,132884118,132884245,5,127
chr9,132944320,132944899,24,579
chr9,132953578,132953850,5,272
chr9,132972872,132973082,6,210
chr9,132983490,132983785,6,295
chr9,132986733,132987596,13,863
chr9,132999260,132999631,10,371
chr9,133022997,133023723,12,726
chr9,133030076,133031162,56,1086
chr9,133037407,133038873,17,1466
chr9,133043925,133044119,9,194
chr9,133064388,133065351,7,963
chr9,133071596,133071662,9,66
chr9,133102809,133102941,6,132
chr9,133111870,133113764,12,1894
chr9,133115211,133116541,8,1330
chr9,133121092,133121520,36,428
chr9,133125831,133130064,33,4233
chr9,133132214,133132356,6,142
chr9,133144403,133144872,22,469
chr9,133148730,133151019,42,2289
chr9,133153350,133154224,10,874
chr9,133162857,133164367,50,1510
chr9,133171869,133172232,6,363
chr9,133187443,133188506,17,1063
chr9,133199106,133200397,19,1291
chr9,133206131,133206395,10,264
chr9,133225449,133225813,10,364
chr9,133233864,133235429,12,1565
chr9,133238334,133239309,6,975
chr9,133246797,133246883,5,86
chr9,133273901,133276242,46,2341
chr9,133282366,133282599,6,233
chr9,133296720,133296982,10,262
chr9,133306631,133307380,7,749
chr9,133331003,133333138,23,2135
chr9,133335148,133336340,57,1192
chr9,133338398,133338466,5,68
chr9,133347440,133348923,53,1483
chr9,133356089,133357583,53,1494
chr9,133364156,133364648,8,492
chr9,133375481,133376857,43,1376
chr9,133386043,133386668,17,625
chr9,133396359,133397079,8,720
chr9,133403092,133403904,9,812
chr9,133417103,133418666,75,1563
chr9,133422053,133422177,5,124
chr9,133425246,133425667,10,421
chr9,133428504,133429984,61,1480
chr9,133431900,133432121,5,221
chr9,133437775,133437832,5,57
chr9,133448802,133451350,15,2548
chr9,133455402,133455575,6,173
chr9,133458480,133460851,34,2371
chr9,133478501,133479779,46,1278
chr9,133485210,133486120,12,910
chr9,133487814,133488056,11,242
chr9,133491315,133491550,7,235
chr9,133492702,133492777,5,75
chr9,133497215,133497371,7,156
chr9,133499760,133499952,5,192
chr9,133505981,133506070,6,89
chr9,133509331,133509442,6,111
chr9,133516820,133517580,7,760
chr9,133532569,133536138,40,3569
chr9,133539681,133540824,20,1143
chr9,133554506,133555292,9,786
chr9,133558991,133561137,17,2146
chr9,133562678,133562740,11,62
chr9,133565720,133565805,5,85
chr9,133567837,133568498,24,661
chr9,133570642,133570816,9,174
chr9,133575219,133577355,31,2136
chr9,133578425,133580182,22,1757
chr9,133585099,133586172,26,1073
chr9,133602018,133602352,7,334
chr9,133604660,133606066,16,1406
chr9,133609103,133609854,57,751
chr9,133613694,133614290,8,596
chr9,133634605,133634665,6,60
chr9,133642272,133643140,12,868
chr9,133646324,133646412,5,88
chr9,133651562,133651718,7,156
chr9,133658520,133659099,14,579
chr9,133662274,133662377,5,103
chr9,133664356,133666808,15,2452
chr9,133671574,133672162,10,588
chr9,133676544,133676720,6,176
chr9,133701452,133702631,22,1179
chr9,133708064,133711937,30,3873
chr9,133714599,133715468,7,869
chr9,133729600,133730348,12,748
chr9,133731618,133732583,11,965
chr9,133756795,133758474,9,1679
chr9,133759605,133759760,8,155
chr9,133777608,133778952,13,1344
chr9,133788362,133789743,16,1381
chr9,133793135,133793244,6,109
chr9,133798012,133798425,5,413
chr9,133808829,133811135,12,2306
chr9,133812269,133813737,27,1468
chr9,133814783,133815278,19,495
chr9,133819150,133819658,5,508
chr9,133833355,133834768,8,1413
chr9,133842363,133842900,8,537
chr9,133845080,133845240,11,160
chr9,133847348,133847552,6,204
chr9,133855073,133856164,12,1091
chr9,133857692,133858734,6,1042
chr9,133861131,133861362,9,231
chr9,133863299,133863876,7,577
chr9,133867897,133869239,12,1342
chr9,133875186,133875563,5,377
chr9,133883670,133883858,5,188
chr9,133898111,133898982,6,871
chr9,133900897,133901219,5,322
chr9,133902999,133904639,23,1640
chr9,133911078,133911277,10,199
chr9,133912282,133912395,7,113
chr9,133914942,133915318,7,376
chr9,133916423,133916929,6,506
chr9,133924225,133925309,9,1084
chr9,133930428,133930508,6,80
chr9,133932133,133932484,9,351
chr9,133935442,133936713,6,1271
chr9,133937985,133939040,6,1055
chr9,133949300,133951015,13,1715
chr9,133957061,133957180,5,119
chr9,133959919,133961749,20,1830
chr9,133968618,133969242,9,624
chr9,133983606,133983756,6,150
chr9,133987488,133987979,5,491
chr9,133990746,133995552,146,4806
chr9,134004777,134004950,5,173
chr9,134025565,134026476,24,911
chr9,134031903,134031950,6,47
chr9,134046471,134048831,21,2360
chr9,134053285,134053585,18,300
chr9,134055967,134056705,7,738
chr9,134058631,134060120,9,1489
chr9,134065348,134069291,170,3943
chr9,134131328,134132382,7,1054
chr9,134134892,134137589,72,2697
chr9,134139861,134139990,6,129
chr9,134149299,134149390,5,91
chr9,134153625,134153695,7,70
chr9,134156132,134158144,14,2012
chr9,134159489,134160838,10,1349
chr9,134163187,134163793,18,606
chr9,134164849,134165333,47,484
chr9,134167306,134167552,5,246
chr9,134172445,134173676,13,1231
chr9,134175849,134176129,8,280
chr9,134177927,134179224,19,1297
chr9,134180420,134181176,8,756
chr9,134187406,134190805,35,3399
chr9,134215717,134215903,6,186
chr9,134219177,134222068,25,2891
chr9,134223206,134223954,13,748
chr9,134233159,134234775,17,1616
chr9,134236195,134236653,8,458
chr9,134239733,134241691,13,1958
chr9,134249358,134250653,7,1295
chr9,134260225,134261082,17,857
chr9,134263767,134264849,10,1082
chr9,134268627,134268813,5,186
chr9,134281471,134282256,14,785
chr9,134287958,134288456,5,498
chr9,134292215,134294817,31,2602
chr9,134297085,134297131,7,46
chr9,134298456,134298554,6,98
chr9,134319452,134320471,13,1019
chr9,134323387,134327567,137,4180
chr9,134329011,134329137,8,126
chr9,134335968,134336552,6,584
chr9,134341574,134342249,9,675
chr9,134343751,134344773,14,1022
chr9,134354287,134354441,8,154
chr9,134355471,134357208,5,1737
chr9,134358302,134361054,11,2752
chr9,134362817,134365109,9,2292
chr9,134375559,134375635,5,76
chr9,134378152,134379171,14,1019
chr9,134380920,134382857,10,1937
chr9,134384573,134386110,17,1537
chr9,134388991,134390834,18,1843
chr9,134391843,134392371,9,528
chr9,134396387,134397817,11,1430
chr9,134401420,134401726,6,306
chr9,134404413,134407767,20,3354
chr9,134409065,134410537,21,1472
chr9,134412470,134412643,8,173
chr9,134415977,134419098,20,3121
chr9,134421952,134422458,11,506
chr9,134428861,134430392,18,1531
chr9,134432724,134433320,13,596
chr9,134437708,134439395,9,1687
chr9,134443302,134443578,9,276
chr9,134456107,134457487,13,1380
chr9,134462370,134463253,7,883
chr9,134464346,134464548,6,202
chr9,134473757,134475578,24,1821
chr9,134485965,134486792,7,827
chr9,134493735,134495558,14,1823
chr9,134514768,134515253,10,485
chr9,134525499,134525939,7,440
chr9,134533862,134534819,5,957
chr9,134548834,134549488,9,654
chr9,134561946,134562155,5,209
chr9,134582700,134582937,8,237
chr9,134585795,134585959,5,164
chr9,134592053,134593950,25,1897
chr9,134598692,134599038,9,346
chr9,134619189,134620084,5,895
chr9,134623467,134624214,6,747
chr9,134626633,134626781,5,148
chr9,134632078,134632626,6,548
chr9,134637862,134637949,9,87
chr9,134639008,134639608,7,600
chr9,134641194,134642728,74,1534
chr9,134647626,134647698,6,72
chr9,134655972,134656413,6,441
chr9,134658341,134658848,10,507
chr9,134680132,134681501,12,1369
chr9,134682597,134684252,22,1655
chr9,134689852,134691014,21,1162
chr9,134696995,134697419,13,424
chr9,134706216,134707940,10,1724
chr9,134728277,134729304,11,1027
chr9,134731405,134731635,13,230
chr9,134738525,134739336,6,811
chr9,134742421,134742995,5,574
chr9,134750408,134751437,7,1029
chr9,134756450,134757870,23,1420
chr9,134765060,134765799,20,739
chr9,134767670,134768753,8,1083
chr9,134770822,134771370,8,548
chr9,134781345,134782363,13,1018
chr9,134783503,134786257,39,2754
chr9,134793173,134793551,8,378
chr9,134800669,134800940,6,271
chr9,134801992,134803117,8,1125
chr9,134809489,134812567,31,3078
chr9,134814724,134815918,14,1194
chr9,134818415,134823501,29,5086
chr9,134829453,134830983,24,1530
chr9,134832635,134833607,7,972
chr9,134840982,134842572,15,1590
chr9,134845054,134846320,7,1266
chr9,134864709,134864943,7,234
chr9,134869017,134869151,7,134
chr9,134881325,134881566,6,241
chr9,134912739,134913158,10,419
chr9,134944397,134945084,9,687
chr9,134947378,134947611,5,233
chr9,134960569,134961679,6,1110
chr9,134962684,134963878,17,1194
chr9,134991023,134992464,27,1441
chr9,135008617,135009785,9,1168
chr9,135021014,135021453,6,439
chr9,135044456,135044571,5,115
chr9,135068165,135070242,12,2077
chr9,135075172,135076384,47,1212
chr9,135082910,135083910,5,1000
chr9,135086206,135089618,84,3412
chr9,135098551,135098742,8,191
chr9,135101184,135101614,7,430
chr9,135102742,135103135,7,393
chr9,135104367,135110056,73,5689
chr9,135118205,135119157,11,952
chr9,135124380,135124904,7,524
chr9,135126592,135127701,8,1109
chr9,135130868,135133025,13,2157
chr9,135134319,135134543,13,224
chr9,135136172,135136857,5,685
chr9,135143347,135143426,5,79
chr9,135148152,135148283,6,131
chr9,135164821,135166534,12,1713
chr9,135167799,135168678,9,879
chr9,135173531,135173850,10,319
chr9,135175911,135176497,7,586
chr9,135184531,135185831,11,1300
chr9,135189778,135190360,5,582
chr9,135198162,135198340,5,178
chr9,135205297,135205426,5,129
chr9,135214346,135215139,12,793
chr9,135220886,135222050,11,1164
chr9,135242141,135245092,30,2951
chr9,135246491,135247662,8,1171
chr9,135250078,135250988,7,910
chr9,135252448,135253299,9,851
chr9,135254738,135254818,5,80
chr9,135256228,135256448,7,220
chr9,135260442,135260564,5,122
chr9,135265599,135266605,13,1006
chr9,135271660,135271753,8,93
chr9,135279155,135280380,8,1225
chr9,135288368,135288417,7,49
chr9,135292644,135294774,8,2130
chr9,135301432,135303151,25,1719
chr9,135328802,135330002,11,1200
chr9,135339942,135340544,9,602
chr9,135342648,135344251,10,1603
chr9,135345850,135350222,37,4372
chr9,135355640,135357045,6,1405
chr9,135367793,135368219,13,426
chr9,135374774,135375246,15,472
chr9,135380214,135380503,8,289
chr9,135398947,135399060,5,113
chr9,135411000,135411372,10,372
chr9,135412414,135414393,41,1979
chr9,135438728,135439585,6,857
chr9,135440915,135441650,10,735
chr9,135443915,135444595,21,680
chr9,135455447,135455813,6,366
chr9,135465680,135466106,6,426
chr9,135468910,135469198,9,288
chr9,135478996,135480645,119,1649
chr9,135483360,135486925,31,3565
chr9,135490465,135491401,8,936
chr9,135495162,135495772,10,610
chr9,135498593,135501737,70,3144
chr9,135503962,135504056,6,94
chr9,135508083,135508439,6,356
chr9,135515136,135517739,17,2603
chr9,135523242,135524630,18,1388
chr9,135526757,135526967,6,210
chr9,135544686,135546022,8,1336
chr9,135547094,135547827,7,733
chr9,135549889,135550124,6,235
chr9,135551947,135553470,14,1523
chr9,135575105,135576167,9,1062
chr9,135584742,135585952,5,1210
chr9,135589480,135591018,9,1538
chr9,135603919,135605156,21,1237
chr9,135614233,135617547,31,3314
chr9,135652914,135654038,5,1124
chr9,135658779,135659083,7,304
chr9,135661960,135662919,13,959
chr9,135667276,135667375,5,99
chr9,135670922,135671097,15,175
chr9,135675071,135676972,12,1901
chr9,135680397,135680527,11,130
chr9,135682115,135682812,5,697
chr9,135685399,135685936,8,537
chr9,135690681,135690889,5,208
chr9,135695568,135695960,9,392
chr9,135698424,135700273,31,1849
chr9,135702050,135702406,23,356
chr9,135703771,135703960,8,189
chr9,135705236,135706405,6,1169
chr9,135714330,135715063,74,733
chr9,135717513,135717685,9,172
chr9,135721237,135722664,11,1427
chr9,135723715,135724026,6,311
chr9,135725682,135725931,8,249
chr9,135727729,135728739,5,1010
chr9,135735601,135739710,46,4109
chr9,135741693,135741948,7,255
chr9,135743186,135743244,5,58
chr9,135744972,135745774,14,802
chr9,135747002,135747348,5,346
chr9,135750791,135751056,16,265
chr9,135756904,135757472,6,568
chr9,135759406,135759465,5,59
chr9,135764048,135765001,10,953
chr9,135770043,135771681,57,1638
chr9,135778625,135778805,8,180
chr9,135780772,135784593,39,3821
chr9,135785881,135789100,48,3219
chr9,135791178,135793028,14,1850
chr9,135796130,135797639,7,1509
chr9,135803001,135803940,7,939
chr9,135806027,135807203,9,1176
chr9,135817996,135819058,30,1062
chr9,135825539,135825588,6,49
chr9,135837376,135837782,9,406
chr9,135877918,135878736,8,818
chr9,135906632,135908424,80,1792
chr9,135930410,135930935,5,525
chr9,135937655,135938325,10,670
chr9,135945858,135948391,31,2533
chr9,135953209,135953508,7,299
chr9,135959752,135961578,78,1826
chr9,135971303,135971481,10,178
chr9,135976568,135977231,14,663
chr9,135978831,135980214,13,1383
chr9,135984687,135985033,8,346
chr9,135988628,135990256,27,1628
chr9,135991677,135993928,25,2251
chr9,135995414,135995533,6,119
chr9,135997093,135998224,20,1131
chr9,135999366,136000313,11,947
chr9,136001553,136001598,5,45
chr9,136003285,136003531,7,246
chr9,136007193,136008848,16,1655
chr9,136010319,136011134,10,815
chr9,136012756,136015834,20,3078
chr9,136017942,136019967,24,2025
chr9,136045975,136046405,8,430
chr9,136049648,136053315,78,3667
chr9,136058333,136061340,23,3007
chr9,136063096,136063213,6,117
chr9,136067178,136067219,6,41
chr9,136072162,136072377,5,215
chr9,136077104,136077707,5,603
chr9,136084544,136084874,7,330
chr9,136085897,136089162,22,3265
chr9,136093208,136096075,111,2867
chr9,136098812,136098978,5,166
chr9,136101978,136104270,19,2292
chr9,136105995,136108272,21,2277
chr9,136109535,136112140,35,2605
chr9,136113213,136114362,9,1149
chr9,136116367,136119418,86,3051
chr9,136122918,136123001,6,83
chr9,136131372,136134390,66,3018
chr9,136136228,136137455,15,1227
chr9,136143599,136145861,9,2262
chr9,136147057,136147291,5,234
chr9,136148382,136148926,9,544
chr9,136154126,136156884,28,2758
chr9,136159153,136159536,10,383
chr9,136164515,136164714,5,199
chr9,136170138,136170721,5,583
chr9,136178974,136180464,15,1490
chr9,136182652,136183309,6,657
chr9,136185139,136185443,13,304
chr9,136186697,136187327,9,630
chr9,136188438,136190164,10,1726
chr9,136191867,136194634,90,2767
chr9,136196696,136203680,177,6984
chr9,136204970,136205627,31,657
chr9,136208089,136209500,21,1411
chr9,136219098,136219314,6,216
chr9,136221747,136221785,5,38
chr9,136225631,136226815,11,1184
chr9,136238809,136239569,9,760
chr9,136245387,136245861,26,474
chr9,136250112,136250242,7,130
chr9,136251743,136251812,7,69
chr9,136254014,136254485,14,471
chr9,136261769,136261889,6,120
chr9,136263706,136264633,7,927
chr9,136267918,136268252,9,334
chr9,136275726,136276598,9,872
chr9,136279983,136282458,18,2475
chr9,136289015,136292574,52,3559
chr9,136298189,136299451,5,1262
chr9,136302985,136304224,23,1239
chr9,136310836,136312147,15,1311
chr9,136321658,136323384,14,1726
chr9,136326096,136328685,76,2589
chr9,136336080,136340590,45,4510
chr9,136342389,136342657,17,268
chr9,136344994,136346078,9,1084
chr9,136347738,136348278,6,540
chr9,136349723,136350791,9,1068
chr9,136354476,136356658,23,2182
chr9,136357989,136358184,15,195
chr9,136361257,136366086,66,4829
chr9,136370792,136372937,28,2145
chr9,136378998,136380111,14,1113
chr9,136383213,136383762,17,549
chr9,136398203,136400764,67,2561
chr9,136402197,136404241,23,2044
chr9,136406960,136407776,8,816
chr9,136409371,136411195,56,1824
chr9,136420222,136425028,32,4806
chr9,136430262,136430347,8,85
chr9,136431838,136433888,21,2050
chr9,136436073,136436989,13,916
chr9,136438033,136440241,54,2208
chr9,136459597,136459862,9,265
chr9,136465932,136466673,22,741
chr9,136472742,136474128,22,1386
chr9,136475282,136476600,12,1318
chr9,136482472,136484256,87,1784
chr9,136490362,136490976,14,614
chr9,136492192,136493293,17,1101
chr9,136496048,136496086,6,38
chr9,136497183,136497573,8,390
chr9,136499284,136499660,13,376
chr9,136502027,136503125,10,1098
chr9,136506730,136507235,17,505
chr9,136508655,136509046,7,391
chr9,136510595,136512386,30,1791
chr9,136516260,136517740,13,1480
chr9,136519630,136521266,19,1636
chr9,136523906,136526770,40,2864
chr9,136528586,136534141,72,5555
chr9,136538516,136541470,24,2954
chr9,136542708,136543188,5,480
chr9,136544647,136547997,124,3350
chr9,136551465,136553021,15,1556
chr9,136554919,136555156,11,237
chr9,136565309,136565551,11,242
chr9,136566638,136568787,29,2149
chr9,136570559,136571145,6,586
chr9,136576520,136578678,27,2158
chr9,136583760,136584746,9,986
chr9,136585846,136585896,5,50
chr9,136587171,136588979,33,1808
chr9,136594632,136594727,8,95
chr9,136599055,136600331,13,1276
chr9,136602279,136604198,18,1919
chr9,136605257,136605340,6,83
chr9,136608736,136609445,12,709
chr9,136611735,136612665,14,930
chr9,136614379,136615937,12,1558
chr9,136618799,136623986,52,5187
chr9,136625098,136625470,8,372
chr9,136627614,136629417,31,1803
chr9,136634281,136635805,13,1524
chr9,136637322,136637434,5,112
chr9,136642150,136642402,6,252
chr9,136643697,136647052,59,3355
chr9,136651623,136652086,11,463
chr9,136653503,136655275,33,1772
chr9,136658458,136662907,56,4449
chr9,136664780,136670553,107,5773
chr9,136673541,136675217,13,1676
chr9,136677025,136678176,15,1151
chr9,136679510,136680815,10,1305
chr9,136686570,136687893,42,1323
chr9,136689148,136693771,41,4623
chr9,136694953,136695220,10,267
chr9,136700548,136701561,6,1013
chr9,136709411,136710183,5,772
chr9,136711855,136717185,77,5330
chr9,136718789,136722221,25,3432
chr9,136725157,136725308,5,151
chr9,136727973,136729065,85,1092
chr9,136730366,136731128,6,762
chr9,136735556,136736263,5,707
chr9,136737323,136738016,5,693
chr9,136740410,136742713,28,2303
chr9,136743958,136744058,6,100
chr9,136749196,136750265,9,1069
chr9,136753752,136753793,6,41
chr9,136756531,136758603,29,2072
chr9,136760015,136760607,10,592
chr9,136762576,136764730,19,2154
chr9,136767001,136767583,7,582
chr9,136770902,136771317,7,415
chr9,136777647,136778637,8,990
chr9,136787288,136787939,7,651
chr9,136790840,136792293,30,1453
chr9,136799400,136800611,18,1211
chr9,136804585,136805143,5,558
chr9,136806861,136809400,99,2539
chr9,136810875,136811446,7,571
chr9,136817918,136817986,5,68
chr9,136821411,136821882,46,471
chr9,136823440,136823539,5,99
chr9,136825447,136827512,11,2065
chr9,136831740,136831953,7,213
chr9,136839317,136839493,10,176
chr9,136841096,136841222,6,126
chr9,136842523,136849524,253,7001
chr9,136850835,136851077,6,242
chr9,136854661,136856292,9,1631
chr9,136857390,136857434,7,44
chr9,136865885,136868029,52,2144
chr9,136877920,136878060,5,140
chr9,136879295,136881207,7,1912
chr9,136883861,136883914,5,53
chr9,136885692,136886973,82,1281
chr9,136889240,136890898,15,1658
chr9,136896386,136896948,9,562
chr9,136902620,136903842,8,1222
chr9,136908002,136908173,8,171
chr9,136909604,136909739,8,135
chr9,136927270,136927318,5,48
chr9,136943390,136945822,82,2432
chr9,136947895,136948025,5,130
chr9,136949038,136950584,53,1546
chr9,136952953,136954635,18,1682
chr9,136961602,136961858,5,256
chr9,136965830,136969477,29,3647
chr9,136970903,136974500,18,3597
chr9,136975749,136976456,9,707
chr9,136977562,136979815,50,2253
chr9,136981627,136982689,9,1062
chr9,136985177,136986193,42,1016
chr9,136991911,136992399,31,488
chr9,136994349,136995581,33,1232
chr9,136997997,136998419,10,422
chr9,137001351,137001940,9,589
chr9,137004592,137005624,8,1032
chr9,137008114,137010346,24,2232
chr9,137011609,137014358,35,2749
chr9,137017797,137018325,9,528
chr9,137020694,137021495,10,801
chr9,137024045,137024103,7,58
chr9,137027990,137028617,53,627
chr9,137030640,137032753,13,2113
chr9,137034592,137035758,11,1166
chr9,137039724,137043056,51,3332
chr9,137044723,137046688,109,1965
chr9,137049024,137049710,10,686
chr9,137053391,137054583,96,1192
chr9,137055794,137056486,9,692
chr9,137062413,137062856,5,443
chr9,137064027,137065209,13,1182
chr9,137069633,137070856,69,1223
chr9,137072983,137073186,5,203
chr9,137076023,137078768,89,2745
chr9,137080661,137081652,13,991
chr9,137085975,137086604,35,629
chr9,137096795,137096863,6,68
chr9,137107377,137107742,5,365
chr9,137114242,137115240,46,998
chr9,137129358,137131224,66,1866
chr9,137136719,137136894,11,175
chr9,137139014,137140015,32,1001
chr9,137148006,137149899,22,1893
chr9,137157020,137159475,11,2455
chr9,137161832,137165482,75,3650
chr9,137167323,137170135,122,2812
chr9,137175334,137175550,13,216
chr9,137176738,137178349,9,1611
chr9,137179804,137183330,23,3526
chr9,137188054,137189500,81,1446
chr9,137191837,137192818,8,981
chr9,137194597,137196266,10,1669
chr9,137199250,137201257,105,2007
chr9,137204925,137206444,53,1519
chr9,137208375,137208551,6,176
chr9,137212467,137214128,10,1661
chr9,137217082,137218236,11,1154
chr9,137220543,137225478,103,4935
chr9,137228633,137230540,28,1907
chr9,137231720,137234444,19,2724
chr9,137235914,137236990,9,1076
chr9,137239140,137242994,100,3854
chr9,137247178,137247792,10,614
chr9,137253481,137257663,87,4182
chr9,137262967,137265481,26,2514
chr9,137266919,137267328,8,409
chr9,137270071,137273097,16,3026
chr9,137276675,137282391,135,5716
chr9,137287250,137287407,5,157
chr9,137292649,137299007,127,6358
chr9,137300685,137305862,165,5177
chr9,137307563,137308797,18,1234
chr9,137311504,137312501,10,997
chr9,137314543,137316729,70,2186
chr9,137318332,137319323,5,991
chr9,137320764,137320901,5,137
chr9,137347192,137347276,5,84
chr9,137349212,137349915,19,703
chr9,137354142,137355249,10,1107
chr9,137368730,137369993,29,1263
chr9,137371298,137373520,17,2222
chr9,137379796,137380180,6,384
chr9,137381347,137383490,28,2143
chr9,137390091,137391490,18,1399
chr9,137393986,137395034,9,1048
chr9,137404632,137405046,5,414
chr9,137407021,137407578,32,557
chr9,137411344,137412660,23,1316
chr9,137416612,137417994,34,1382
chr9,137422675,137424733,120,2058
chr9,137428663,137430657,23,1994
chr9,137431782,137431985,11,203
chr9,137435980,137439568,48,3588
chr9,137441580,137441915,26,335
chr9,137447006,137447234,5,228
chr9,137448736,137450358,18,1622
chr9,137452673,137454380,16,1707
chr9,137457496,137463490,100,5994
chr9,137466313,137467290,19,977
chr9,137473882,137474517,9,635
chr9,137478801,137479296,10,495
chr9,137486701,137487678,11,977
chr9,137500767,137501125,9,358
chr9,137514153,137515500,16,1347
chr9,137519347,137519998,11,651
chr9,137523787,137523906,5,119
chr9,137543223,137543545,6,322
chr9,137550452,137552254,51,1802
chr9,137564759,137565218,8,459
chr9,137578010,137579742,28,1732
chr9,137582541,137582682,5,141
chr9,137589893,137592293,94,2400
chr9,137593477,137593724,8,247
chr9,137603837,137607437,115,3600
chr9,137618317,137619874,89,1557
chr9,137675664,137677586,22,1922
chr9,137709477,137709844,7,367
chr9,137722693,137723624,8,931
chr9,137751496,137752372,13,876
chr9,137757247,137757387,8,140
chr9,137765338,137765710,6,372
chr9,137786598,137786957,11,359
chr9,137789110,137789197,9,87
chr9,137800284,137801120,5,836
chr9,137802831,137803030,5,199
chr9,137808179,137808304,5,125
chr9,137810263,137811371,8,1108
chr9,137813822,137814550,10,728
chr9,137828048,137828698,5,650
chr9,137833694,137834830,32,1136
chr9,137848250,137848336,5,86
chr9,137875369,137875463,5,94
chr9,137877209,137879031,47,1822
chr9,137888264,137888356,7,92
chr9,137959889,137960049,5,160
chr9,138016598,138017475,5,877
chr9,138023186,138024731,57,1545
chr9,138048078,138050422,12,2344
chr9,138075618,138076220,5,602
chr9,138079799,138080022,5,223
chr9,138118586,138119360,13,774
chr9,138147736,138150771,56,3035
chr10,48100,49133,5,1033
chr10,73503,74364,45,861
chr10,75579,77015,39,1436
chr10,134667,136850,126,2183
chr10,261130,261509,7,379
chr10,275911,275971,5,60
chr10,300580,301105,14,525
chr10,307724,307774,5,50
chr10,311167,311391,13,224
chr10,341383,341603,17,220
chr10,345458,348006,38,2548
chr10,350621,351813,11,1192
chr10,353163,353722,5,559
chr10,364380,364561,11,181
chr10,367277,367915,11,638
chr10,371890,372168,6,278
chr10,376408,376664,8,256
chr10,385191,386056,9,865
chr10,394204,394289,6,85
chr10,419086,419112,5,26
chr10,420158,422142,23,1984
chr10,479987,482053,12,2066
chr10,491444,491503,6,59
chr10,505104,505217,6,113
chr10,506952,507038,6,86
chr10,528547,530112,13,1565
chr10,533208,533394,6,186
chr10,545576,545998,5,422
chr10,550933,551089,7,156
chr10,556142,556363,9,221
chr10,559246,560029,13,783
chr10,571050,571398,9,348
chr10,585189,585643,8,454
chr10,588272,588951,11,679
chr10,598810,598994,6,184
chr10,600052,600615,14,563
chr10,612834,614449,6,1615
chr10,629942,629973,5,31
chr10,632946,633275,6,329
chr10,638840,639508,17,668
chr10,640564,640722,24,158
chr10,650310,650423,5,113
chr10,663686,664142,6,456
chr10,688444,691193,118,2749
chr10,697075,697372,8,297
chr10,721320,721630,5,310
chr10,750635,750784,7,149
chr10,773657,774364,6,707
chr10,784662,785236,34,574
chr10,787286,788323,15,1037
chr10,789602,790472,16,870
chr10,804323,805578,29,1255
chr10,807585,807692,5,107
chr10,809910,809944,5,34
chr10,846622,847266,7,644
chr10,849004,849093,6,89
chr10,909218,909250,5,32
chr10,930936,934127,79,3191
chr10,937660,937977,5,317
chr10,940006,940110,6,104
chr10,948897,949003,6,106
chr10,968950,970755,13,1805
chr10,975824,976592,13,768
chr10,988057,988754,55,697
chr10,1019597,1020291,10,694
chr10,1048418,1049928,65,1510
chr10,1055901,1057400,60,1499
chr10,1084472,1084537,5,65
chr10,1096643,1096998,9,355
chr10,1101612,1101765,10,153
chr10,1105808,1105878,6,70
chr10,1110050,1110457,6,407
chr10,1114617,1115142,5,525
chr10,1126029,1126777,8,748
chr10,1159851,1160332,8,481
chr10,1184519,1185823,11,1304
chr10,1187679,1187754,5,75
chr10,1199301,1199948,5,647
chr10,1202670,1203519,13,849
chr10,1240332,1240618,5,286
chr10,1243245,1243332,11,87
chr10,1265568,1267166,16,1598
chr10,1297749,1298390,8,641
chr10,1316593,1316980,7,387
chr10,1339116,1340106,5,990
chr10,1361551,1364258,61,2707
chr10,1374402,1374788,11,386
chr10,1395689,1395977,8,288
chr10,1400937,1401491,12,554
chr10,1410884,1410974,6,90
chr10,1418283,1418362,5,79
chr10,1468013,1468480,5,467
chr10,1473994,1474952,14,958
chr10,1506870,1507414,5,544
chr10,1534610,1535728,14,1118
chr10,1553091,1554547,20,1456
chr10,1567883,1568112,5,229
chr10,1608941,1609220,8,279
chr10,1659321,1660019,12,698
chr10,1707012,1707480,9,468
chr10,1712669,1713836,8,1167
chr10,1725488,1725603,6,115
chr10,1732723,1732837,6,114
chr10,1736428,1737750,31,1322
chr10,1773276,1773684,9,408
chr10,1807725,1808087,16,362
chr10,1810034,1810066,5,32
chr10,1846751,1846989,6,238
chr10,1897645,1897740,6,95
chr10,1952649,1952850,11,201
chr10,2076369,2076822,7,453
chr10,2083095,2083211,6,116
chr10,2104879,2105293,6,414
chr10,2207565,2208105,13,540
chr10,2232777,2232959,5,182
chr10,2236822,2237582,8,760
chr10,2322346,2322525,6,179
chr10,2329017,2329244,6,227
chr10,2372452,2372819,6,367
chr10,2577991,2578279,14,288
chr10,2732965,2733848,11,883
chr10,2836466,2837106,7,640
chr10,2849486,2849772,7,286
chr10,2890079,2890510,19,431
chr10,2913273,2913463,6,190
chr10,2922451,2922638,5,187
chr10,2934427,2935944,20,1517
chr10,2950077,2950346,9,269
chr10,2993445,2993844,6,399
chr10,3066170,3069360,189,3190
chr10,3079029,3079632,10,603
chr10,3096346,3097034,9,688
chr10,3101909,3102307,6,398
chr10,3107500,3107660,11,160
chr10,3111775,3113820,17,2045
chr10,3115978,3118893,35,2915
chr10,3119925,3120820,5,895
chr10,3124432,3126161,17,1729
chr10,3128850,3129057,6,207
chr10,3138410,3138832,10,422
chr10,3159253,3159850,6,597
chr10,3170630,3171139,9,509
chr10,3172162,3172540,9,378
chr10,3197120,3197534,13,414
chr10,3238183,3239792,22,1609
chr10,3240846,3241655,8,809
chr10,3257624,3258683,10,1059
chr10,3267432,3268080,13,648
chr10,3276548,3277491,11,943
chr10,3318027,3318551,6,524
chr10,3323061,3323123,5,62
chr10,3331937,3333806,13,1869
chr10,3345401,3345589,5,188
chr10,3355619,3355791,5,172
chr10,3423179,3424466,7,1287
chr10,3470218,3470643,6,425
chr10,3472563,3472687,6,124
chr10,3514855,3515750,7,895
chr10,3517287,3517496,6,209
chr10,3529045,3529993,6,948
chr10,3534927,3535210,6,283
chr10,3550762,3552235,5,1473
chr10,3554241,3555270,6,1029
chr10,3590168,3590385,6,217
chr10,3636933,3637068,5,135
chr10,3668680,3668912,6,232
chr10,3746314,3746719,8,405
chr10,3749508,3750176,11,668
chr10,3757571,3758372,5,801
chr10,3763126,3763330,12,204
chr10,3780882,3783733,18,2851
chr10,3784739,3786086,74,1347
chr10,3879328,3879385,5,57
chr10,3886841,3887900,5,1059
chr10,3948714,3948902,5,188
chr10,3992847,3993232,11,385
chr10,4321811,4321930,5,119
chr10,4403766,4404101,13,335
chr10,4744014,4744198,5,184
chr10,4826441,4826756,9,315
chr10,4844912,4845277,9,365
chr10,4866577,4866726,6,149
chr10,4937661,4937742,6,81
chr10,5412167,5412881,19,714
chr10,5469839,5470173,6,334
chr10,5481768,5481822,5,54
chr10,5496414,5496815,7,401
chr10,5498856,5499544,8,688
chr10,5512380,5512569,12,189
chr10,5524886,5525589,36,703
chr10,5546169,5546206,6,37
chr10,5557462,5559117,7,1655
chr10,5564394,5564800,6,406
chr10,5574043,5574636,7,593
chr10,5579539,5579675,5,136
chr10,5598821,5598996,5,175
chr10,5606560,5607954,9,1394
chr10,5613376,5613708,9,332
chr10,5620516,5621338,15,822
chr10,5624244,5625051,17,807
chr10,5632149,5632334,7,185
chr10,5640262,5640774,9,512
chr10,5646507,5646593,5,86
chr10,5648709,5648791,5,82
chr10,5655872,5656062,7,190
chr10,5666479,5667438,48,959
chr10,5684736,5685520,62,784
chr10,5692782,5692853,10,71
chr10,5812781,5813994,97,1213
chr10,5840123,5840438,9,315
chr10,5853053,5853223,5,170
chr10,5889302,5890413,72,1111
chr10,5937198,5937248,6,50
chr10,5975866,5978367,74,2501
chr10,6001955,6002055,5,100
chr10,6036851,6036998,6,147
chr10,6049850,6051361,13,1511
chr10,6054159,6054405,6,246
chr10,6088793,6089975,49,1182
chr10,6117948,6118237,6,289
chr10,6121341,6121674,7,333
chr10,6141115,6141612,11,497
chr10,6143754,6145949,86,2195
chr10,6155194,6155727,8,533
chr10,6163561,6164119,48,558
chr10,6165907,6166048,6,141
chr10,6176681,6178670,14,1989
chr10,6200873,6204443,149,3570
chr10,6215112,6215905,15,793
chr10,6217068,6217227,8,159
chr10,6218794,6220773,25,1979
chr10,6222165,6224199,12,2034
chr10,6225498,6226408,6,910
chr10,6231526,6231903,8,377
chr10,6232918,6233037,7,119
chr10,6236279,6237274,9,995
chr10,6245962,6246431,6,469
chr10,6270056,6270702,7,646
chr10,6275284,6275715,11,431
chr10,6394606,6395156,8,550
chr10,6549822,6549923,5,101
chr10,6562102,6562466,8,364
chr10,6579981,6580598,33,617
chr10,6721570,6721691,5,121
chr10,6889454,6889662,5,208
chr10,6920865,6921177,6,312
chr10,7171995,7172134,11,139
chr10,7261546,7262588,5,1042
chr10,7319300,7319508,5,208
chr10,7357839,7357959,5,120
chr10,7397708,7397831,8,123
chr10,7406895,7413279,140,6384
chr10,7430812,7430844,5,32
chr10,7500243,7500897,13,654
chr10,7519827,7520709,9,882
chr10,7575674,7576643,13,969
chr10,7636775,7636885,6,110
chr10,7660657,7661005,9,348
chr10,7666353,7668069,33,1716
chr10,7720753,7721744,7,991
chr10,7787343,7789109,30,1766
chr10,7818909,7819294,20,385
chr10,7887091,7887536,9,445
chr10,7915567,7915715,6,148
chr10,8033295,8039509,114,6214
chr10,8041275,8041963,5,688
chr10,8043158,8043386,11,228
chr10,8044951,8046314,24,1363
chr10,8047690,8056596,277,8906
chr10,8058473,8058983,19,510
chr10,8060038,8060588,8,550
chr10,8072355,8073860,9,1505
chr10,8079240,8079586,5,346
chr10,8154353,8154421,5,68
chr10,8286352,8286733,5,381
chr10,8298733,8298859,5,126
chr10,8300637,8301001,7,364
chr10,8306313,8306544,5,231
chr10,8332691,8333148,6,457
chr10,8464795,8465008,5,213
chr10,8504041,8504477,6,436
chr10,8514213,8514412,5,199
chr10,8711478,8711576,5,98
chr10,9057461,9057574,7,113
chr10,9183370,9183407,5,37
chr10,9252196,9252266,5,70
chr10,9379265,9379339,6,74
chr10,9402244,9402398,6,154
chr10,10037539,10037571,5,32
chr10,10620580,10620842,7,262
chr10,10622933,10622955,5,22
chr10,10666786,10666818,5,32
chr10,10797238,10798736,15,1498
chr10,10916655,10916759,6,104
chr10,10936985,10937203,5,218
chr10,11017673,11018689,76,1016
chr10,11065891,11066151,5,260
chr10,11140014,11140964,5,950
chr10,11165268,11165950,36,682
chr10,11256769,11256922,6,153
chr10,11272036,11273500,10,1464
chr10,11280474,11281561,6,1087
chr10,11299672,11300083,9,411
chr10,11343561,11344756,20,1195
chr10,11379916,11379983,7,67
chr10,11403414,11403464,5,50
chr10,11445012,11445059,6,47
chr10,11495029,11495110,6,81
chr10,11553644,11553820,5,176
chr10,11562186,11562509,7,323
chr10,11585258,11585610,5,352
chr10,11611062,11612012,60,950
chr10,11680956,11683202,11,2246
chr10,11691401,11691511,5,110
chr10,11742116,11743036,45,920
chr10,11783400,11784652,14,1252
chr10,11800062,11800325,7,263
chr10,11823210,11823925,61,715
chr10,11829112,11830110,6,998
chr10,11851865,11853416,13,1551
chr10,11860025,11860926,5,901
chr10,11869602,11870236,24,634
chr10,11878253,11878824,6,571
chr10,11880833,11881544,6,711
chr10,11887012,11887640,8,628
chr10,11894380,11894999,21,619
chr10,11898488,11898886,8,398
chr10,11913933,11914179,5,246
chr10,11919719,11919779,6,60
chr10,11923604,11923795,7,191
chr10,12038653,12038962,9,309
chr10,12042316,12042923,45,607
chr10,12051616,12051827,5,211
chr10,12054430,12054864,6,434
chr10,12066713,12067041,6,328
chr10,12068813,12069408,41,595
chr10,12117975,12119133,11,1158
chr10,12128699,12130064,22,1365
chr10,12132129,12132225,6,96
chr10,12175663,12176128,6,465
chr10,12191013,12191666,7,653
chr10,12194065,12196338,37,2273
chr10,12239079,12239597,8,518
chr10,12245182,12245276,5,94
chr10,12267263,12267477,8,214
chr10,12345297,12345559,8,262
chr10,12348600,12351186,136,2586
chr10,12357723,12357838,6,115
chr10,12362590,12363387,12,797
chr10,12401873,12401981,5,108
chr10,12408262,12408978,7,716
chr10,12416669,12416939,5,270
chr10,12480262,12480327,5,65
chr10,12506679,12507705,8,1026
chr10,12591278,12592270,7,992
chr10,12672437,12672989,6,552
chr10,12739479,12739584,5,105
chr10,12785592,12785953,12,361
chr10,12820053,12820125,7,72
chr10,12898464,12898576,10,112
chr10,12901973,12902357,5,384
chr10,12922661,12923728,10,1067
chr10,13001188,13001887,46,699
chr10,13074374,13074974,8,600
chr10,13079235,13079390,8,155
chr10,13098566,13100409,44,1843
chr10,13113113,13113182,5,69
chr10,13158515,13158835,20,320
chr10,13161213,13161769,38,556
chr10,13235134,13236354,8,1220
chr10,13238358,13238556,6,198
chr10,13260724,13260831,6,107
chr10,13275676,13275765,5,89
chr10,13288691,13289160,7,469
chr10,13296060,13296878,6,818
chr10,13299596,13303199,81,3603
chr10,13332053,13332791,7,738
chr10,13335904,13336384,8,480
chr10,13347087,13350324,111,3237
chr10,13362502,13363036,8,534
chr10,13382791,13383948,24,1157
chr10,13391577,13391878,9,301
chr10,13408036,13408179,6,143
chr10,13420173,13420356,5,183
chr10,13456274,13456466,6,192
chr10,13528187,13530955,98,2768
chr10,13586798,13588451,29,1653
chr10,13657306,13657686,24,380
chr10,13727352,13727864,5,512
chr10,13777897,13778087,7,190
chr10,13798366,13799250,5,884
chr10,13820943,13821117,5,174
chr10,13824809,13825445,6,636
chr10,13869009,13869918,8,909
chr10,13871354,13871931,5,577
chr10,13891354,13892438,35,1084
chr10,13967261,13967293,5,32
chr10,14109828,14109886,5,58
chr10,14174168,14174449,7,281
chr10,14184614,14185249,5,635
chr10,14330109,14331131,5,1022
chr10,14376535,14377536,8,1001
chr10,14474439,14474703,5,264
chr10,14497711,14497871,10,160
chr10,14581194,14581375,5,181
chr10,14603180,14605155,70,1975
chr10,14626080,14627029,7,949
chr10,14725986,14726308,9,322
chr10,14782256,14782314,5,58
chr10,14825046,14825114,5,68
chr10,14837679,14839431,48,1752
chr10,14878246,14879688,109,1442
chr10,14945859,14946101,7,242
chr10,14953687,14954152,26,465
chr10,14959234,14960748,45,1514
chr10,14975042,14976247,13,1205
chr10,14981087,14981908,9,821
chr10,14990718,14991277,11,559
chr10,14996011,14996166,13,155
chr10,15035212,15035520,7,308
chr10,15088511,15088941,32,430
chr10,15096206,15098610,65,2404
chr10,15167669,15169847,55,2178
chr10,15213358,15214376,15,1018
chr10,15234852,15235031,7,179
chr10,15263044,15263282,5,238
chr10,15369723,15371330,80,1607
chr10,15424722,15424785,6,63
chr10,15426340,15426488,14,148
chr10,15448947,15449209,6,262
chr10,15520609,15520739,5,130
chr10,15534978,15536157,10,1179
chr10,15555756,15555788,5,32
chr10,15680185,15680320,5,135
chr10,15719453,15720101,41,648
chr10,15765690,15765944,6,254
chr10,15859621,15860561,24,940
chr10,16436222,16437508,32,1286
chr10,16519657,16521893,102,2236
chr10,16913557,16914483,6,926
chr10,16919780,16920011,5,231
chr10,16999921,17001134,5,1213
chr10,17018196,17018407,6,211
chr10,17224707,17224795,6,88
chr10,17228233,17230092,72,1859
chr10,17305012,17305216,7,204
chr10,17386395,17387294,12,899
chr10,17453448,17454573,75,1125
chr10,17546136,17546783,7,647
chr10,17580238,17580298,6,60
chr10,17609277,17609314,5,37
chr10,17612778,17615839,12,3061
chr10,17617024,17617153,16,129
chr10,17618192,17618326,6,134
chr10,17629874,17630022,8,148
chr10,17637365,17637619,6,254
chr10,17644325,17644415,5,90
chr10,17732369,17732666,5,297
chr10,17789744,17789916,9,172
chr10,17807856,17809745,7,1889
chr10,17832415,17832471,5,56
chr10,17866593,17866731,7,138
chr10,17939816,17940201,6,385
chr10,18096476,18096581,6,105
chr10,18140050,18141347,59,1297
chr10,18400893,18401962,7,1069
chr10,18512923,18513070,9,147
chr10,18539569,18539949,6,380
chr10,18586408,18586506,6,98
chr10,18651397,18651803,12,406
chr10,18659232,18659739,44,507
chr10,18695211,18695412,5,201
chr10,18710324,18710579,8,255
chr10,19489001,19489087,10,86
chr10,19814646,19818014,110,3368
chr10,20466284,20466386,5,102
chr10,20819198,20819466,7,268
chr10,21030252,21030349,6,97
chr10,21172979,21174811,112,1832
chr10,21302265,21303481,6,1216
chr10,21318613,21318709,5,96
chr10,21331253,21332697,11,1444
chr10,21371464,21371664,9,200
chr10,21393678,21394329,22,651
chr10,21405714,21406145,7,431
chr10,21476714,21476943,6,229
chr10,21493413,21497231,126,3818
chr10,21499709,21500542,29,833
chr10,21507218,21510490,58,3272
chr10,21516269,21518286,90,2017
chr10,21521142,21521255,5,113
chr10,21525973,21527687,82,1714
chr10,21533343,21536217,79,2874
chr10,21543281,21543774,7,493
chr10,21553450,21554914,9,1464
chr10,21642277,21642532,6,255
chr10,21756822,21757864,7,1042
chr10,21759401,21759691,9,290
chr10,21871740,21873079,7,1339
chr10,22002528,22003819,44,1291
chr10,22207987,22208093,12,106
chr10,22229147,22229450,31,303
chr10,22251862,22253638,85,1776
chr10,22316509,22317486,20,977
chr10,22320498,22322146,119,1648
chr10,22325424,22325996,29,572
chr10,22334101,22336536,117,2435
chr10,22340445,22341554,83,1109
chr10,22345270,22345925,34,655
chr10,22436499,22437820,38,1321
chr10,22476221,22477940,118,1719
chr10,22504007,22504265,5,258
chr10,22506293,22506584,5,291
chr10,22580399,22580575,5,176
chr10,22612540,22612634,6,94
chr10,22713399,22714842,103,1443
chr10,22728388,22728639,5,251
chr10,23064151,23064382,7,231
chr10,23095601,23095770,11,169
chr10,23111158,23111549,8,391
chr10,23145890,23147017,6,1127
chr10,23157642,23157710,5,68
chr10,23158891,23159164,7,273
chr10,23171371,23175114,94,3743
chr10,23190716,23193562,139,2846
chr10,23198846,23200182,47,1336
chr10,23203717,23204982,5,1265
chr10,23299846,23301418,9,1572
chr10,23330961,23331615,7,654
chr10,23343690,23344106,28,416
chr10,23438033,23440510,150,2477
chr10,23485721,23485783,6,62
chr10,23502903,23503243,7,340
chr10,23693650,23696018,56,2368
chr10,24153270,24154043,6,773
chr10,24187814,24188966,10,1152
chr10,24208921,24209587,22,666
chr10,24244611,24244860,8,249
chr10,24258685,24258753,5,68
chr10,24300937,24301144,5,207
chr10,24383490,24383565,5,75
chr10,24473669,24473860,6,191
chr10,24702153,24702223,6,70
chr10,24722845,24725032,102,2187
chr10,24808238,24808351,5,113
chr10,24952205,24953568,64,1363
chr10,24957641,24958848,6,1207
chr10,25163300,25163418,5,118
chr10,25174537,25176964,140,2427
chr10,25701699,25701907,11,208
chr10,25705772,25705932,5,160
chr10,25756962,25757172,11,210
chr10,25922103,25922373,8,270
chr10,25933993,25935118,37,1125
chr10,26176218,26176622,8,404
chr10,26205777,26206221,5,444
chr10,26211943,26213136,18,1193
chr10,26214702,26218051,107,3349
chr10,26391464,26392013,23,549
chr10,26438190,26439811,37,1621
chr10,26567006,26567407,11,401
chr10,26696968,26698067,63,1099
chr10,26709492,26710314,9,822
chr10,26728346,26728923,5,577
chr10,26859810,26860931,33,1121
chr10,26905735,26905865,6,130
chr10,26916468,26916542,7,74
chr10,26919780,26920436,8,656
chr10,26933914,26934175,8,261
chr10,27100072,27100463,25,391
chr10,27109255,27109608,9,353
chr10,27153888,27156961,57,3073
chr10,27210682,27210858,6,176
chr10,27240048,27242367,90,2319
chr10,27251551,27254030,29,2479
chr10,27256488,27256615,10,127
chr10,27258772,27259302,36,530
chr10,27413720,27414175,16,455
chr10,27504252,27504827,53,575
chr10,27617208,27617253,5,45
chr10,27625095,27625494,11,399
chr10,27741499,27747160,198,5661
chr10,27826105,27826442,6,337
chr10,27998525,28000112,28,1587
chr10,28099526,28099633,5,107
chr10,28248359,28248456,7,97
chr10,28302528,28303395,43,867
chr10,28325587,28326840,6,1253
chr10,28357477,28357628,5,151
chr10,28523613,28523760,7,147
chr10,28532031,28534049,142,2018
chr10,28668510,28669228,12,718
chr10,28676508,28678290,93,1782
chr10,28722149,28722430,7,281
chr10,28815213,28816087,14,874
chr10,28826259,28826873,5,614
chr10,28897107,28897752,13,645
chr10,28925270,28925935,14,665
chr10,28939875,28940014,8,139
chr10,28984558,28984913,5,355
chr10,28988358,28989163,6,805
chr10,29121212,29121381,5,169
chr10,29124991,29125488,8,497
chr10,29132213,29132428,5,215
chr10,29257209,29257333,5,124
chr10,29269874,29270155,5,281
chr10,29311838,29311996,5,158
chr10,29409489,29410829,25,1340
chr10,29450282,29450615,7,333
chr10,29457428,29458386,9,958
chr10,29550645,29550886,11,241
chr10,29630193,29631542,6,1349
chr10,29735144,29737124,100,1980
chr10,29943211,29944729,6,1518
chr10,30006639,30006815,5,176
chr10,30026219,30028297,20,2078
chr10,30031630,30031915,5,285
chr10,30057980,30059617,69,1637
chr10,30061325,30061466,6,141
chr10,30122684,30122968,9,284
chr10,30163913,30164493,10,580
chr10,30323376,30323666,6,290
chr10,30326455,30327367,8,912
chr10,30349110,30349574,16,464
chr10,30433176,30435645,100,2469
chr10,30476700,30476995,6,295
chr10,30559011,30559107,5,96
chr10,30583229,30584058,9,829
chr10,30717027,30717137,8,110
chr10,30735669,30737547,12,1878
chr10,30785192,30785320,11,128
chr10,30901439,30901542,5,103
chr10,30903022,30903210,9,188
chr10,30930240,30930393,6,153
chr10,30982162,30982194,6,32
chr10,31013135,31013243,7,108
chr10,31031974,31032866,28,892
chr10,31061606,31062110,6,504
chr10,31133719,31134703,42,984
chr10,31157874,31158706,7,832
chr10,31318335,31320418,127,2083
chr10,31587093,31587364,10,271
chr10,31602935,31603841,47,906
chr10,31697781,31698059,10,278
chr10,31755013,31755261,5,248
chr10,31759269,31761005,35,1736
chr10,31928094,31929973,52,1879
chr10,31970039,31970100,6,61
chr10,32055571,32056513,56,942
chr10,32141293,32141784,8,491
chr10,32163983,32164234,7,251
chr10,32180703,32181528,9,825
chr10,32225744,32225878,5,134
chr10,32251504,32251716,5,212
chr10,32275699,32275851,6,152
chr10,32346430,32347610,47,1180
chr10,32351627,32351823,5,196
chr10,32446030,32446110,16,80
chr10,32938614,32938981,5,367
chr10,32957456,32958727,111,1271
chr10,33005748,33005875,14,127
chr10,33013319,33014227,7,908
chr10,33049188,33049266,6,78
chr10,33318963,33320013,9,1050
chr10,33334334,33337594,148,3260
chr10,33480456,33480826,12,370
chr10,33774207,33775207,6,1000
chr10,33810365,33810819,6,454
chr10,34059087,34059467,6,380
chr10,34353164,34353204,5,40
chr10,34600221,34600339,5,118
chr10,34637511,34637680,5,169
chr10,34813711,34816210,132,2499
chr10,34918195,34919177,7,982
chr10,34948375,34950158,10,1783
chr10,34952496,34953285,5,789
chr10,34964974,34965831,11,857
chr10,34969008,34969334,7,326
chr10,34971385,34974312,13,2927
chr10,34993114,34993541,5,427
chr10,35021737,35021921,5,184
chr10,35047466,35047714,6,248
chr10,35051239,35051309,8,70
chr10,35089031,35090632,41,1601
chr10,35105350,35106626,15,1276
chr10,35126715,35127669,66,954
chr10,35206977,35207118,6,141
chr10,35214948,35214999,6,51
chr10,35240361,35240623,6,262
chr10,35335962,35337687,121,1725
chr10,35584126,35584198,5,72
chr10,35585212,35585550,9,338
chr10,35606507,35608651,48,2144
chr10,35639485,35642866,210,3381
chr10,35898319,35899585,10,1266
chr10,36350786,36350835,6,49
chr10,36374740,36375083,7,343
chr10,36508759,36508832,6,73
chr10,36620370,36620547,5,177
chr10,36639621,36640325,5,704
chr10,36641406,36641515,6,109
chr10,36679009,36679178,5,169
chr10,36692555,36692608,5,53
chr10,36715647,36715904,7,257
chr10,36723390,36724688,9,1298
chr10,36737328,36737396,8,68
chr10,36874355,36874661,6,306
chr10,37106427,37106903,6,476
chr10,37123288,37127334,41,4046
chr10,37266593,37266880,5,287
chr10,37580476,37580640,9,164
chr10,37651527,37651659,12,132
chr10,37681018,37681509,24,491
chr10,37701244,37702312,7,1068
chr10,37726576,37726835,5,259
chr10,37764264,37764673,7,409
chr10,37856997,37858075,20,1078
chr10,37859422,37859470,6,48
chr10,37959909,37960336,7,427
chr10,37976287,37976784,33,497
chr10,38010292,38012049,54,1757
chr10,38156597,38157081,16,484
chr10,38356115,38356478,7,363
chr10,38401602,38402786,20,1184
chr10,38403816,38403867,5,51
chr10,38600297,38601025,35,728
chr10,38730439,38730915,23,476
chr10,39042746,39043388,5,642
chr10,41858394,41860295,19,1901
chr10,41861703,41862833,6,1130
chr10,41869490,41871308,9,1818
chr10,41874909,41881947,25,7038
chr10,41883059,41887029,17,3970
chr10,41888764,41890764,13,2000
chr10,41896195,41897593,7,1398
chr10,41902194,41903550,6,1356
chr10,41912913,41913393,6,480
chr10,42149937,42150933,27,996
chr10,42177062,42177808,31,746
chr10,42204340,42205032,7,692
chr10,42241991,42243659,78,1668
chr10,42245918,42246227,5,309
chr10,42281862,42282121,11,259
chr10,42366868,42368047,29,1179
chr10,42475170,42477794,47,2624
chr10,42552784,42552846,7,62
chr10,42566497,42566788,6,291
chr10,42638385,42638512,10,127
chr10,42752111,42756296,138,4185
chr10,42781931,42783083,34,1152
chr10,42836995,42837359,26,364
chr10,42866105,42866885,38,780
chr10,42898310,42898535,8,225
chr10,42932307,42934307,53,2000
chr10,42941306,42941490,6,184
chr10,43075771,43077575,93,1804
chr10,43078774,43080485,9,1711
chr10,43104910,43105651,40,741
chr10,43113578,43113688,5,110
chr10,43128334,43128445,6,111
chr10,43137867,43138939,64,1072
chr10,43202646,43203446,17,800
chr10,43221962,43222102,6,140
chr10,43229298,43230107,41,809
chr10,43263029,43264539,13,1510
chr10,43265565,43267325,48,1760
chr10,43276161,43276210,5,49
chr10,43283050,43283183,8,133
chr10,43304908,43305313,12,405
chr10,43322652,43324087,36,1435
chr10,43342366,43345355,34,2989
chr10,43351115,43351562,13,447
chr10,43387104,43387245,5,141
chr10,43395996,43397284,56,1288
chr10,43405512,43410035,163,4523
chr10,43415529,43417616,20,2087
chr10,43420225,43420865,26,640
chr10,43433674,43433830,7,156
chr10,43435862,43437755,44,1893
chr10,43454209,43455922,37,1713
chr10,43573921,43574654,36,733
chr10,43596453,43597627,5,1174
chr10,43606435,43606870,20,435
chr10,43648250,43649089,62,839
chr10,43666570,43667976,29,1406
chr10,43676230,43677006,9,776
chr10,43689303,43690590,50,1287
chr10,43702413,43703169,34,756
chr10,43728549,43729057,19,508
chr10,43825818,43826338,7,520
chr10,43852007,43852307,5,300
chr10,43903999,43904198,7,199
chr10,44005170,44006225,14,1055
chr10,44292695,44294141,14,1446
chr10,44310354,44311555,9,1201
chr10,44337654,44337775,5,121
chr10,44356956,44358244,13,1288
chr10,44384841,44386841,72,2000
chr10,44414808,44415115,5,307
chr10,44680751,44681033,5,282
chr10,44772370,44772467,5,97
chr10,44827597,44827748,5,151
chr10,44864658,44865333,31,675
chr10,44879051,44881506,22,2455
chr10,44887844,44887894,5,50
chr10,44908375,44909493,9,1118
chr10,44934562,44934771,6,209
chr10,44959472,44960556,35,1084
chr10,44973948,44976051,22,2103
chr10,44978020,44978434,5,414
chr10,45000768,45001648,47,880
chr10,45071604,45072766,6,1162
chr10,45245727,45246017,5,290
chr10,45248945,45249776,11,831
chr10,45260303,45260357,6,54
chr10,45334402,45334922,6,520
chr10,45374251,45374614,22,363
chr10,45418952,45419668,26,716
chr10,45426339,45427824,22,1485
chr10,45443179,45443893,34,714
chr10,45463472,45463569,7,97
chr10,45594445,45594477,5,32
chr10,45595626,45596001,5,375
chr10,45600750,45601809,6,1059
chr10,45638351,45638410,5,59
chr10,45672044,45673060,41,1016
chr10,45726996,45727749,33,753
chr10,45971093,45972645,27,1552
chr10,45993604,45994160,7,556
chr10,46023207,46023618,28,411
chr10,46026987,46027187,8,200
chr10,46030082,46031477,12,1395
chr10,46049271,46049676,6,405
chr10,46078801,46079111,6,310
chr10,46098084,46098469,7,385
chr10,46251843,46253488,7,1645
chr10,46255891,46256335,5,444
chr10,46284834,46285038,23,204
chr10,46308810,46309938,6,1128
chr10,46349763,46349984,6,221
chr10,46526873,46528263,10,1390
chr10,46541365,46541440,10,75
chr10,46550551,46550713,6,162
chr10,46555090,46557751,107,2661
chr10,46774818,46774863,9,45
chr10,46785754,46787070,16,1316
chr10,46911316,46911417,13,101
chr10,47013658,47014283,5,625
chr10,47165329,47167423,11,2094
chr10,47181596,47181661,5,65
chr10,47183597,47183680,5,83
chr10,47278209,47278250,5,41
chr10,47300179,47300736,40,557
chr10,47310119,47310558,20,439
chr10,47311701,47312494,11,793
chr10,47348609,47348992,6,383
chr10,47351512,47351668,5,156
chr10,47384428,47384564,7,136
chr10,47553299,47553586,9,287
chr10,47565572,47565841,20,269
chr10,47705990,47706031,8,41
chr10,47742876,47742981,5,105
chr10,48243578,48244957,7,1379
chr10,48306152,48306847,21,695
chr10,48450589,48450961,17,372
chr10,48453796,48454192,7,396
chr10,48456247,48457579,13,1332
chr10,48459363,48459792,8,429
chr10,48465364,48466847,42,1483
chr10,48496701,48497564,6,863
chr10,48523442,48524937,60,1495
chr10,48604957,48605389,13,432
chr10,48655593,48656502,54,909
chr10,48820255,48820361,6,106
chr10,48913507,48913929,7,422
chr10,49115283,49115780,36,497
chr10,49255286,49255654,5,368
chr10,49325731,49326519,18,788
chr10,49394838,49398672,105,3834
chr10,49417315,49417778,7,463
chr10,49441623,49442275,12,652
chr10,49537750,49538938,20,1188
chr10,49607037,49607452,20,415
chr10,49608663,49611709,90,3046
chr10,49612989,49614832,34,1843
chr10,49696445,49696635,5,190
chr10,49724868,49725237,8,369
chr10,49732715,49732820,5,105
chr10,49734070,49735515,8,1445
chr10,49743487,49743716,9,229
chr10,49746156,49747202,5,1046
chr10,49761636,49762239,32,603
chr10,49768424,49769090,46,666
chr10,49838180,49838287,5,107
chr10,49941765,49941984,12,219
chr10,49966275,49966358,5,83
chr10,50067943,50068421,12,478
chr10,50152854,50152955,8,101
chr10,50372152,50372550,8,398
chr10,50418077,50418421,28,344
chr10,50622722,50625550,91,2828
chr10,50630945,50631197,6,252
chr10,50674916,50674965,6,49
chr10,50681850,50681987,6,137
chr10,50727859,50728682,11,823
chr10,50739713,50740394,37,681
chr10,50991304,50993586,53,2282
chr10,51073929,51075318,37,1389
chr10,51699413,51699648,17,235
chr10,52308612,52308822,10,210
chr10,52313380,52314625,52,1245
chr10,52778498,52779124,11,626
chr10,52805657,52805851,10,194
chr10,52884856,52885325,6,469
chr10,52889881,52889960,5,79
chr10,52955393,52955527,5,134
chr10,53304404,53304436,5,32
chr10,53381804,53381910,7,106
chr10,53499690,53499927,8,237
chr10,53622614,53622902,6,288
chr10,53659773,53659860,7,87
chr10,53876348,53876432,6,84
chr10,53924202,53924240,6,38
chr10,53965120,53965218,6,98
chr10,54250343,54250578,8,235
chr10,54543081,54543261,6,180
chr10,55021888,55023151,5,1263
chr10,55195364,55195549,6,185
chr10,55263090,55263962,7,872
chr10,55472669,55472729,5,60
chr10,55630019,55631575,39,1556
chr10,56126308,56126365,5,57
chr10,56361183,56361739,9,556
chr10,56696805,56697003,7,198
chr10,57039627,57039732,5,105
chr10,57056628,57057351,9,723
chr10,57250039,57250913,5,874
chr10,57320893,57322662,26,1769
chr10,57591028,57591536,11,508
chr10,57842096,57842163,5,67
chr10,58148812,58148949,5,137
chr10,58267462,58269793,61,2331
chr10,58326930,58327214,13,284
chr10,58334869,58335643,48,774
chr10,58385137,58385936,38,799
chr10,58512783,58513614,37,831
chr10,59176200,59177288,51,1088
chr10,59362284,59363152,22,868
chr10,59547707,59547765,5,58
chr10,59693809,59694030,7,221
chr10,59708873,59709950,63,1077
chr10,59738843,59738948,5,105
chr10,59744446,59744476,6,30
chr10,59900165,59900268,6,103
chr10,59905625,59906951,49,1326
chr10,60088271,60088652,5,381
chr10,60186859,60187450,6,591
chr10,60732273,60733994,28,1721
chr10,60778368,60778659,24,291
chr10,60943781,60944689,47,908
chr10,61000854,61001690,27,836
chr10,61452907,61453633,16,726
chr10,61468947,61469167,6,220
chr10,61662827,61663160,30,333
chr10,61896969,61897599,8,630
chr10,61900390,61901761,18,1371
chr10,61903007,61903908,32,901
chr10,62049189,62049716,5,527
chr10,62092458,62092750,15,292
chr10,62132062,62132274,5,212
chr10,62268230,62268859,38,629
chr10,62374074,62374947,33,873
chr10,62608313,62608450,8,137
chr10,62804553,62805700,82,1147
chr10,62813167,62813770,17,603
chr10,62814809,62819017,164,4208
chr10,62924410,62924485,5,75
chr10,62994474,62994646,8,172
chr10,63015665,63015942,7,277
chr10,63033654,63033687,6,33
chr10,63133303,63133848,26,545
chr10,63134916,63135008,7,92
chr10,63143747,63144507,9,760
chr10,63427290,63427420,5,130
chr10,63464934,63466093,67,1159
chr10,63521268,63522229,52,961
chr10,63532518,63532554,5,36
chr10,63545779,63546027,5,248
chr10,63630044,63630891,36,847
chr10,63950593,63950690,7,97
chr10,63973332,63973528,14,196
chr10,64041636,64042295,10,659
chr10,64057462,64057596,6,134
chr10,64170898,64171005,11,107
chr10,64196770,64197184,7,414
chr10,64410412,64410505,5,93
chr10,64576403,64576681,6,278
chr10,64784198,64784366,5,168
chr10,64987469,64987586,5,117
chr10,65053976,65054542,8,566
chr10,65429635,65429770,12,135
chr10,65811284,65812426,15,1142
chr10,66344175,66344359,5,184
chr10,66493795,66494000,6,205
chr10,66668534,66668668,5,134
chr10,66845627,66845659,5,32
chr10,67731726,67731921,6,195
chr10,67843040,67843840,6,800
chr10,67847141,67847247,5,106
chr10,67848327,67850538,28,2211
chr10,67874136,67874390,14,254
chr10,67884367,67885276,48,909
chr10,67886314,67887910,9,1596
chr10,68074713,68075418,48,705
chr10,68122876,68123602,7,726
chr10,68162677,68163534,7,857
chr10,68199387,68199538,7,151
chr10,68219650,68220793,5,1143
chr10,68231140,68231681,28,541
chr10,68279031,68279180,10,149
chr10,68331443,68333059,20,1616
chr10,68406516,68408433,30,1917
chr10,68424548,68424638,7,90
chr10,68429468,68430044,6,576
chr10,68447229,68447471,7,242
chr10,68471755,68472187,25,432
chr10,68485958,68486931,6,973
chr10,68504673,68504773,5,100
chr10,68527204,68527935,47,731
chr10,68532115,68532185,5,70
chr10,68533281,68533465,5,184
chr10,68545431,68545925,9,494
chr10,68560374,68562086,73,1712
chr10,68584703,68585097,6,394
chr10,68598851,68599248,8,397
chr10,68616832,68617114,6,282
chr10,68627334,68627550,6,216
chr10,68632246,68632461,10,215
chr10,68641601,68641659,5,58
chr10,68711575,68712006,8,431
chr10,68714396,68714545,5,149
chr10,68720576,68721460,28,884
chr10,68725062,68725106,5,44
chr10,68726888,68727231,6,343
chr10,68777856,68777942,5,86
chr10,68827374,68828631,32,1257
chr10,68834817,68834885,5,68
chr10,68843311,68844359,11,1048
chr10,68896754,68896967,6,213
chr10,68900744,68901520,24,776
chr10,68956183,68957355,55,1172
chr10,68988699,68989272,19,573
chr10,69022607,69022735,5,128
chr10,69093599,69093694,6,95
chr10,69122982,69124635,29,1653
chr10,69179384,69180537,25,1153
chr10,69227273,69227368,5,95
chr10,69241158,69241332,5,174
chr10,69249656,69249798,6,142
chr10,69265585,69265684,5,99
chr10,69309342,69310037,7,695
chr10,69318111,69319547,103,1436
chr10,69334035,69335228,7,1193
chr10,69347504,69347725,7,221
chr10,69402477,69402637,6,160
chr10,69408193,69409796,32,1603
chr10,69436108,69436197,5,89
chr10,69450894,69452104,43,1210
chr10,69494750,69494963,8,213
chr10,69508054,69508165,5,111
chr10,69545190,69545930,5,740
chr10,69568450,69570245,29,1795
chr10,69571780,69575087,64,3307
chr10,69576332,69578007,37,1675
chr10,69630157,69630575,31,418
chr10,69712420,69712529,7,109
chr10,69716242,69716501,6,259
chr10,69801315,69803119,89,1804
chr10,69836246,69837077,7,831
chr10,69846490,69847134,5,644
chr10,69866801,69866982,9,181
chr10,69880134,69880938,10,804
chr10,69897618,69898590,9,972
chr10,69912327,69912428,5,101
chr10,70052874,70055229,62,2355
chr10,70132342,70133045,44,703
chr10,70145524,70146851,58,1327
chr10,70169908,70171020,19,1112
chr10,70232523,70233652,71,1129
chr10,70254538,70255154,7,616
chr10,70256166,70256327,5,161
chr10,70283640,70284379,38,739
chr10,70323911,70324716,5,805
chr10,70364336,70364728,5,392
chr10,70381513,70382880,47,1367
chr10,70404100,70405136,75,1036
chr10,70440310,70442118,70,1808
chr10,70457224,70459306,52,2082
chr10,70478007,70479571,71,1564
chr10,70494093,70495384,9,1291
chr10,70505460,70505560,8,100
chr10,70512946,70513260,5,314
chr10,70598854,70599713,6,859
chr10,70624942,70625070,9,128
chr10,70671986,70672913,46,927
chr10,70743594,70744017,12,423
chr10,70760768,70761227,5,459
chr10,70779671,70780516,5,845
chr10,70815867,70818213,33,2346
chr10,70887962,70888622,32,660
chr10,70905349,70905590,5,241
chr10,70917777,70919261,11,1484
chr10,71009302,71009929,6,627
chr10,71049290,71049696,6,406
chr10,71208881,71209297,21,416
chr10,71212331,71214085,83,1754
chr10,71217099,71217942,34,843
chr10,71260236,71260461,6,225
chr10,71279528,71279750,7,222
chr10,71296968,71297431,6,463
chr10,71302504,71302912,5,408
chr10,71313276,71313908,5,632
chr10,71316960,71319791,44,2831
chr10,71377139,71377552,12,413
chr10,71396008,71398016,65,2008
chr10,71463017,71463240,6,223
chr10,71465854,71466057,8,203
chr10,71530098,71530352,7,254
chr10,71559756,71559878,5,122
chr10,71638934,71639015,5,81
chr10,71658160,71658754,8,594
chr10,71663297,71663382,5,85
chr10,71666770,71667028,5,258
chr10,71669608,71669957,5,349
chr10,71677547,71677685,8,138
chr10,71701875,71701987,5,112
chr10,71706878,71707012,16,134
chr10,71708287,71709210,11,923
chr10,71712692,71713478,8,786
chr10,71715421,71716217,8,796
chr10,71751692,71751836,5,144
chr10,71773425,71774508,17,1083
chr10,71793294,71793373,6,79
chr10,71799128,71799195,5,67
chr10,71805908,71806055,15,147
chr10,71809473,71811637,18,2164
chr10,71827323,71827355,5,32
chr10,71835166,71835348,6,182
chr10,71849525,71849573,5,48
chr10,71850988,71851109,8,121
chr10,71878374,71878778,7,404
chr10,71888243,71889571,19,1328
chr10,71892582,71892898,5,316
chr10,71939990,71940083,9,93
chr10,71963707,71965473,72,1766
chr10,71970106,71970622,8,516
chr10,71998275,72000351,10,2076
chr10,72007460,72007941,19,481
chr10,72032476,72032550,6,74
chr10,72087127,72088474,69,1347
chr10,72102899,72103225,5,326
chr10,72215271,72216926,17,1655
chr10,72240737,72241014,6,277
chr10,72249229,72249840,9,611
chr10,72260772,72261264,11,492
chr10,72273009,72274451,20,1442
chr10,72288576,72290193,20,1617
chr10,72296921,72298244,20,1323
chr10,72299583,72300709,12,1126
chr10,72301931,72302013,5,82
chr10,72309522,72310627,9,1105
chr10,72319585,72321303,37,1718
chr10,72324753,72325545,6,792
chr10,72332175,72332453,7,278
chr10,72334711,72336350,12,1639
chr10,72340268,72341136,9,868
chr10,72342360,72342390,5,30
chr10,72353420,72355102,61,1682
chr10,72370821,72371160,5,339
chr10,72386045,72386603,5,558
chr10,72411253,72411420,6,167
chr10,72623125,72623165,5,40
chr10,72692244,72692838,17,594
chr10,72740103,72740207,5,104
chr10,72924261,72924637,11,376
chr10,72932398,72932441,6,43
chr10,72989387,72989899,7,512
chr10,73095798,73097226,36,1428
chr10,73105342,73105672,12,330
chr10,73167957,73168304,20,347
chr10,73245220,73247286,26,2066
chr10,73252414,73252628,23,214
chr10,73358345,73358846,23,501
chr10,73412181,73414181,33,2000
chr10,73425586,73426205,6,619
chr10,73495276,73496019,33,743
chr10,73560588,73560870,7,282
chr10,73607738,73608116,8,378
chr10,73625361,73625896,20,535
chr10,73730221,73731719,37,1498
chr10,73732780,73733493,43,713
chr10,73744282,73745749,18,1467
chr10,73771869,73773154,79,1285
chr10,73781800,73782306,19,506
chr10,73785522,73786281,19,759
chr10,73789528,73790035,8,507
chr10,73791863,73792121,12,258
chr10,73799240,73799449,5,209
chr10,73801350,73801379,5,29
chr10,73805880,73806018,5,138
chr10,73807796,73807913,6,117
chr10,73810954,73811980,97,1026
chr10,73819591,73820702,10,1111
chr10,73839794,73840869,5,1075
chr10,73856133,73856454,7,321
chr10,73873419,73875227,63,1808
chr10,73910895,73911816,31,921
chr10,73940652,73941091,21,439
chr10,73978181,73978732,11,551
chr10,73987236,73987268,5,32
chr10,73997828,73999274,32,1446
chr10,74150528,74151650,26,1122
chr10,74229598,74229895,6,297
chr10,74609529,74609666,7,137
chr10,74622931,74623040,6,109
chr10,74744097,74745209,7,1112
chr10,74785719,74785828,6,109
chr10,74791873,74791975,6,102
chr10,74813273,74813689,24,416
chr10,74825422,74826437,50,1015
chr10,74861061,74861158,5,97
chr10,75036674,75037649,5,975
chr10,75039400,75039897,5,497
chr10,75071853,75071913,5,60
chr10,75099448,75100608,9,1160
chr10,75111108,75112224,64,1116
chr10,75208938,75211383,41,2445
chr10,75234143,75236785,93,2642
chr10,75259680,75259712,5,32
chr10,75276397,75276560,7,163
chr10,75294798,75295269,41,471
chr10,75395474,75400248,228,4774
chr10,75401428,75402415,58,987
chr10,75403566,75410604,187,7038
chr10,75431319,75431721,45,402
chr10,75712389,75712506,10,117
chr10,75751072,75751122,5,50
chr10,75782500,75782824,11,324
chr10,75913349,75913598,5,249
chr10,76034808,76034860,5,52
chr10,76111917,76112486,11,569
chr10,76261262,76262469,7,1207
chr10,77027356,77028013,5,657
chr10,77411604,77413154,8,1550
chr10,77470334,77470453,5,119
chr10,77516739,77517301,5,562
chr10,77563819,77563897,5,78
chr10,77590492,77590600,10,108
chr10,77635523,77638630,111,3107
chr10,77710170,77711567,30,1397
chr10,77713015,77713331,6,316
chr10,77771767,77772074,5,307
chr10,77846590,77846977,5,387
chr10,77856793,77856945,7,152
chr10,77900859,77900971,5,112
chr10,77905053,77905209,5,156
chr10,77925676,77927218,74,1542
chr10,77943012,77943238,6,226
chr10,77981445,77981709,7,264
chr10,77990702,77990774,6,72
chr10,78028798,78029895,23,1097
chr10,78032392,78035562,30,3170
chr10,78061880,78062352,11,472
chr10,78176758,78178246,10,1488
chr10,78215893,78215968,5,75
chr10,78303328,78303519,7,191
chr10,78381017,78381439,10,422
chr10,78421237,78421595,7,358
chr10,78465096,78467233,8,2137
chr10,78570846,78571500,5,654
chr10,78656859,78657422,8,563
chr10,78852468,78852642,5,174
chr10,78865065,78865201,7,136
chr10,78913580,78915602,9,2022
chr10,78936928,78937014,8,86
chr10,78963092,78963954,5,862
chr10,78972944,78974837,29,1893
chr10,78981752,78982583,6,831
chr10,79003636,79004260,6,624
chr10,79017265,79017542,6,277
chr10,79033169,79033201,5,32
chr10,79066781,79071653,132,4872
chr10,79085023,79085052,5,29
chr10,79089378,79089528,5,150
chr10,79094241,79094338,5,97
chr10,79113333,79114839,11,1506
chr10,79127208,79127373,7,165
chr10,79134078,79134911,5,833
chr10,79139318,79139630,7,312
chr10,79181565,79181882,7,317
chr10,79195073,79195660,11,587
chr10,79211539,79211892,7,353
chr10,79230554,79230647,5,93
chr10,79238058,79238263,5,205
chr10,79241769,79243902,143,2133
chr10,79255537,79255736,5,199
chr10,79265068,79265623,8,555
chr10,79274525,79274645,6,120
chr10,79310585,79313208,24,2623
chr10,79314312,79315305,11,993
chr10,79347284,79348335,52,1051
chr10,79391722,79392042,5,320
chr10,79393967,79394239,5,272
chr10,79403440,79404405,9,965
chr10,79443596,79446705,61,3109
chr10,79452450,79452692,6,242
chr10,79825708,79826907,33,1199
chr10,79879285,79879362,5,77
chr10,79892497,79893911,16,1414
chr10,79904532,79905439,50,907
chr10,79981586,79982138,29,552
chr10,79983324,79983719,13,395
chr10,80065287,80065676,6,389
chr10,80078682,80079004,21,322
chr10,80100805,80101236,5,431
chr10,80132484,80133341,37,857
chr10,80144324,80144575,5,251
chr10,80161024,80162586,5,1562
chr10,80188935,80189140,5,205
chr10,80205062,80205689,21,627
chr10,80206943,80207268,14,325
chr10,80252675,80253113,6,438
chr10,80298041,80298174,5,133
chr10,80300457,80300534,6,77
chr10,80356649,80357466,5,817
chr10,80359529,80359898,16,369
chr10,80393418,80393540,6,122
chr10,80403913,80404134,6,221
chr10,80407422,80409040,56,1618
chr10,80453893,80455383,86,1490
chr10,80492740,80492926,5,186
chr10,80512015,80513136,6,1121
chr10,80535779,80536435,18,656
chr10,80571833,80573145,16,1312
chr10,80577616,80577693,5,77
chr10,80579512,80579916,5,404
chr10,80585897,80587373,18,1476
chr10,80600352,80600940,5,588
chr10,80603632,80603872,13,240
chr10,80662987,80663096,5,109
chr10,80703303,80703588,6,285
chr10,81112945,81113005,5,60
chr10,81223116,81223333,5,217
chr10,81309429,81309498,7,69
chr10,81505835,81505884,7,49
chr10,81862855,81863096,10,241
chr10,81874405,81876508,116,2103
chr10,82264402,82264443,5,41
chr10,82479588,82479620,5,32
chr10,82879573,82879677,6,104
chr10,82885373,82885964,8,591
chr10,83759534,83759608,6,74
chr10,84069539,84069702,8,163
chr10,84138653,84140472,24,1819
chr10,84159051,84159355,5,304
chr10,84194521,84195063,25,542
chr10,84216847,84217114,5,267
chr10,84237594,84237839,12,245
chr10,84307493,84307784,5,291
chr10,84327268,84328985,25,1717
chr10,84347542,84347672,13,130
chr10,84436055,84436462,8,407
chr10,84540345,84541196,16,851
chr10,84561831,84562035,7,204
chr10,84571343,84571525,6,182
chr10,84590358,84590732,5,374
chr10,84594311,84594439,7,128
chr10,84767352,84767561,8,209
chr10,85096920,85097073,7,153
chr10,85363212,85363459,6,247
chr10,85868792,85869166,6,374
chr10,86139081,86139186,6,105
chr10,86144014,86144749,7,735
chr10,86260525,86261032,5,507
chr10,86262922,86263326,12,404
chr10,86336452,86336559,5,107
chr10,86362607,86367589,159,4982
chr10,86377156,86377507,16,351
chr10,86389710,86389877,13,167
chr10,86400236,86401629,59,1393
chr10,86492578,86492917,9,339
chr10,86509888,86510167,11,279
chr10,86520999,86522253,62,1254
chr10,86535282,86537019,59,1737
chr10,86586863,86587456,6,593
chr10,86597505,86597834,6,329
chr10,86631888,86632338,16,450
chr10,86634397,86634436,5,39
chr10,86681556,86681646,5,90
chr10,86697472,86697646,6,174
chr10,86711173,86712302,84,1129
chr10,86731079,86731317,5,238
chr10,86755683,86757404,128,1721
chr10,86938735,86940171,29,1436
chr10,86943096,86943270,15,174
chr10,86968382,86972118,96,3736
chr10,87061844,87061973,7,129
chr10,87094095,87095626,81,1531
chr10,87203692,87203767,14,75
chr10,87216257,87216330,6,73
chr10,87301587,87301636,9,49
chr10,87341752,87342941,31,1189
chr10,87504548,87505403,51,855
chr10,87602122,87602485,8,363
chr10,87659627,87660269,39,642
chr10,87817751,87818402,26,651
chr10,87862493,87864864,78,2371
chr10,88443432,88443528,7,96
chr10,88582851,88583409,39,558
chr10,88880047,88880727,25,680
chr10,88990412,88991894,62,1482
chr10,89017873,89018048,7,175
chr10,89207173,89208467,56,1294
chr10,89251457,89251898,14,441
chr10,89282359,89283490,6,1131
chr10,89414734,89416015,46,1281
chr10,89534197,89536216,74,2019
chr10,89630585,89630787,5,202
chr10,89643898,89645155,61,1257
chr10,89701350,89701539,12,189
chr10,89836857,89837786,36,929
chr10,90211980,90212057,5,77
chr10,90830712,90832392,9,1680
chr10,90857521,90858230,47,709
chr10,90872080,90872355,8,275
chr10,91069990,91070097,5,107
chr10,91162536,91164408,93,1872
chr10,91220632,91221207,54,575
chr10,91297943,91299231,8,1288
chr10,91409752,91410634,32,882
chr10,91633079,91633768,41,689
chr10,91798351,91798980,63,629
chr10,91801572,91801634,5,62
chr10,91852152,91852476,5,324
chr10,91887345,91887475,16,130
chr10,91908121,91908834,36,713
chr10,91910259,91910500,5,241
chr10,91923754,91924062,40,308
chr10,91943170,91943876,5,706
chr10,92083905,92084010,5,105
chr10,92115142,92115239,8,97
chr10,92239496,92240173,17,677
chr10,92291032,92291891,63,859
chr10,92355785,92356075,5,290
chr10,92368529,92368673,9,144
chr10,92419735,92420765,38,1030
chr10,92436285,92437462,8,1177
chr10,92461635,92461757,5,122
chr10,92515583,92515721,9,138
chr10,92573203,92574498,86,1295
chr10,92591017,92593574,70,2557
chr10,92596104,92596270,6,166
chr10,92611313,92611689,6,376
chr10,92689035,92692230,121,3195
chr10,92695829,92696363,37,534
chr10,92752311,92753086,14,775
chr10,92831340,92832755,10,1415
chr10,92848317,92849145,46,828
chr10,92946220,92946308,5,88
chr10,93037896,93037956,8,60
chr10,93060135,93066960,134,6825
chr10,93068194,93069333,35,1139
chr10,93071769,93075616,89,3847
chr10,93099645,93099772,5,127
chr10,93129348,93129648,5,300
chr10,93180010,93181108,12,1098
chr10,93208151,93208266,5,115
chr10,93220512,93221094,20,582
chr10,93248022,93249189,7,1167
chr10,93279209,93279409,6,200
chr10,93363961,93364002,5,41
chr10,93482135,93482257,5,122
chr10,93495774,93496871,42,1097
chr10,93546870,93547153,7,283
chr10,93566502,93566826,20,324
chr10,93567843,93568168,11,325
chr10,93583095,93583229,6,134
chr10,93600345,93601519,51,1174
chr10,93702446,93702791,17,345
chr10,93757772,93758675,5,903
chr10,93789383,93789796,5,413
chr10,93893928,93894386,31,458
chr10,93923897,93924003,8,106
chr10,93969828,93970045,6,217
chr10,93993408,93994233,32,825
chr10,94362809,94363133,21,324
chr10,94384966,94385275,6,309
chr10,94402132,94403614,54,1482
chr10,94488258,94488681,5,423
chr10,94501356,94501632,5,276
chr10,94544213,94546545,33,2332
chr10,94551292,94551808,7,516
chr10,94577987,94578065,9,78
chr10,95183294,95184557,38,1263
chr10,95290551,95292167,99,1616
chr10,95295375,95295652,20,277
chr10,95396250,95396594,6,344
chr10,95432468,95432539,5,71
chr10,95555042,95555731,5,689
chr10,95560575,95561719,40,1144
chr10,95656360,95657069,49,709
chr10,95693726,95694810,29,1084
chr10,95706928,95707172,7,244
chr10,95905653,95905747,6,94
chr10,95907181,95907694,20,513
chr10,96043354,96044567,68,1213
chr10,96089862,96090302,19,440
chr10,96100307,96100438,7,131
chr10,96129691,96130498,40,807
chr10,96142825,96142874,5,49
chr10,96293534,96294078,5,544
chr10,96369994,96370171,9,177
chr10,96395307,96395962,8,655
chr10,96512477,96514159,77,1682
chr10,96586219,96587386,60,1167
chr10,96645411,96645711,7,300
chr10,96720362,96720645,18,283
chr10,96825719,96826076,5,357
chr10,96831788,96833716,115,1928
chr10,96999809,97001757,14,1948
chr10,97013775,97014164,6,389
chr10,97048988,97049011,5,23
chr10,97063709,97064141,9,432
chr10,97078824,97081122,9,2298
chr10,97095742,97096005,5,263
chr10,97149265,97149463,6,198
chr10,97185339,97186415,34,1076
chr10,97196238,97196527,32,289
chr10,97246993,97248973,12,1980
chr10,97289663,97290293,6,630
chr10,97299363,97299636,5,273
chr10,97303588,97303944,7,356
chr10,97318941,97321097,84,2156
chr10,97332746,97335632,90,2886
chr10,97361678,97362289,5,611
chr10,97366167,97366835,15,668
chr10,97401101,97401352,7,251
chr10,97408346,97408901,10,555
chr10,97414610,97414840,8,230
chr10,97424870,97426863,45,1993
chr10,97445764,97446810,25,1046
chr10,97449631,97449964,6,333
chr10,97498511,97499574,39,1063
chr10,97507445,97507632,6,187
chr10,97514558,97514844,7,286
chr10,97532714,97533409,7,695
chr10,97570645,97572204,7,1559
chr10,97591941,97592333,5,392
chr10,97633080,97633611,36,531
chr10,97640675,97641418,56,743
chr10,97686739,97687852,46,1113
chr10,97689246,97689397,5,151
chr10,97706773,97706841,5,68
chr10,97713353,97715649,60,2296
chr10,97721110,97722369,7,1259
chr10,97732754,97733206,5,452
chr10,97736758,97737319,23,561
chr10,97771434,97772172,35,738
chr10,97788547,97788914,8,367
chr10,97829560,97829865,6,305
chr10,97848968,97850239,58,1271
chr10,97865614,97865782,8,168
chr10,97869223,97869367,6,144
chr10,97895237,97897036,22,1799
chr10,97904543,97905738,9,1195
chr10,97914780,97916267,10,1487
chr10,97936292,97936456,8,164
chr10,97974397,97975422,37,1025
chr10,98029739,98030849,73,1110
chr10,98134462,98135140,26,678
chr10,98267176,98268711,50,1535
chr10,98318587,98318795,6,208
chr10,98321613,98321653,5,40
chr10,98326714,98327347,5,633
chr10,98406816,98407128,5,312
chr10,98414970,98415082,6,112
chr10,98417907,98419044,7,1137
chr10,98425151,98425630,15,479
chr10,98429879,98430005,5,126
chr10,98445770,98447020,26,1250
chr10,98467682,98468455,19,773
chr10,99232403,99234624,53,2221
chr10,99235753,99236113,5,360
chr10,99316059,99316871,11,812
chr10,99329320,99330474,74,1154
chr10,99429194,99431650,69,2456
chr10,99484647,99485487,5,840
chr10,99519929,99523544,91,3615
chr10,99527732,99528082,15,350
chr10,99530405,99533480,58,3075
chr10,99534945,99537860,73,2915
chr10,99540302,99540944,38,642
chr10,99619983,99621565,79,1582
chr10,99659167,99659725,29,558
chr10,99732109,99732443,40,334
chr10,99879859,99880704,7,845
chr10,99913167,99913865,5,698
chr10,99955620,99956590,9,970
chr10,100009200,100010224,50,1024
chr10,100065249,100065342,5,93
chr10,100075887,100075993,9,106
chr10,100081496,100081566,7,70
chr10,100115252,100115381,8,129
chr10,100185607,100187081,32,1474
chr10,100229474,100230497,37,1023
chr10,100259649,100260024,5,375
chr10,100266339,100268478,29,2139
chr10,100286144,100286680,24,536
chr10,100342594,100342979,6,385
chr10,100344580,100347742,48,3162
chr10,100371392,100372016,9,624
chr10,100373449,100373675,11,226
chr10,100482447,100482872,27,425
chr10,100519483,100520637,50,1154
chr10,100529330,100529912,39,582
chr10,100535942,100536179,20,237
chr10,100543665,100543862,7,197
chr10,100562291,100562768,10,477
chr10,100621119,100621836,26,717
chr10,100634361,100635515,15,1154
chr10,100653079,100656759,88,3680
chr10,100659505,100659894,15,389
chr10,100671088,100671334,18,246
chr10,100680906,100681391,28,485
chr10,100683929,100684951,13,1022
chr10,100687416,100688377,9,961
chr10,100708507,100710562,34,2055
chr10,100715355,100716228,27,873
chr10,100723948,100724755,52,807
chr10,100729225,100731404,69,2179
chr10,100735360,100735903,59,543
chr10,100737423,100737909,32,486
chr10,100739375,100746456,228,7081
chr10,100747815,100751413,82,3598
chr10,100773659,100774817,5,1158
chr10,100786192,100787226,5,1034
chr10,100826650,100830144,171,3494
chr10,100866735,100866885,6,150
chr10,100883403,100883523,5,120
chr10,100911677,100913543,33,1866
chr10,100969472,100969860,38,388
chr10,100987017,100987707,34,690
chr10,100997108,101000461,82,3353
chr10,101010589,101012921,14,2332
chr10,101018750,101019186,29,436
chr10,101030778,101032492,38,1714
chr10,101042610,101042947,9,337
chr10,101047111,101048342,32,1231
chr10,101049809,101050729,32,920
chr10,101054940,101055395,5,455
chr10,101060481,101063162,83,2681
chr10,101066240,101067730,51,1490
chr10,101082073,101082314,5,241
chr10,101094581,101095640,6,1059
chr10,101108859,101109481,8,622
chr10,101121346,101121484,9,138
chr10,101122688,101123529,19,841
chr10,101126730,101126895,5,165
chr10,101131029,101133154,74,2125
chr10,101134192,101136399,35,2207
chr10,101139820,101140663,47,843
chr10,101145968,101146782,26,814
chr10,101213863,101216082,28,2219
chr10,101217436,101219399,33,1963
chr10,101222327,101230460,276,8133
chr10,101235235,101238926,62,3691
chr10,101250340,101250864,5,524
chr10,101260955,101261738,7,783
chr10,101266691,101267596,5,905
chr10,101284094,101284555,33,461
chr10,101291055,101293870,67,2815
chr10,101310105,101310723,11,618
chr10,101344822,101345194,10,372
chr10,101354109,101354351,28,242
chr10,101364842,101365568,12,726
chr10,101566752,101566861,11,109
chr10,101569682,101571198,22,1516
chr10,101579568,101579718,7,150
chr10,101588013,101588620,27,607
chr10,101694093,101695356,68,1263
chr10,101697298,101697504,6,206
chr10,101729862,101730242,10,380
chr10,101764463,101765643,9,1180
chr10,101774175,101776675,90,2500
chr10,101778749,101780857,42,2108
chr10,101782695,101783426,17,731
chr10,101798516,101798709,5,193
chr10,101817985,101818465,21,480
chr10,101820675,101820922,5,247
chr10,101829046,101829927,12,881
chr10,101839824,101841409,22,1585
chr10,101843370,101843906,25,536
chr10,102007541,102007749,5,208
chr10,102055651,102056964,29,1313
chr10,102060916,102061175,7,259
chr10,102065160,102065970,38,810
chr10,102071195,102071416,10,221
chr10,102086306,102086930,10,624
chr10,102100981,102102012,12,1031
chr10,102114293,102115041,30,748
chr10,102119541,102120824,30,1283
chr10,102133270,102133636,22,366
chr10,102152224,102152520,10,296
chr10,102169108,102170170,14,1062
chr10,102175790,102175993,5,203
chr10,102217109,102217415,6,306
chr10,102221926,102221994,6,68
chr10,102226322,102226449,13,127
chr10,102229982,102232100,65,2118
chr10,102240644,102241915,50,1271
chr10,102245585,102245808,12,223
chr10,102388773,102388811,6,38
chr10,102393427,102395992,85,2565
chr10,102399366,102399822,19,456
chr10,102409133,102409209,15,76
chr10,102410260,102411213,30,953
chr10,102413947,102414981,16,1034
chr10,102416544,102417019,12,475
chr10,102418890,102419074,9,184
chr10,102420525,102422679,79,2154
chr10,102432427,102434825,19,2398
chr10,102436709,102437228,5,519
chr10,102438929,102440005,11,1076
chr10,102449852,102451410,65,1558
chr10,102461227,102461685,17,458
chr10,102467909,102468001,5,92
chr10,102495425,102496038,14,613
chr10,102502036,102502734,22,698
chr10,102536129,102536449,5,320
chr10,102619393,102620344,7,951
chr10,102629080,102629194,7,114
chr10,102641971,102645857,185,3886
chr10,102648579,102649681,6,1102
chr10,102661182,102661360,7,178
chr10,102673273,102674487,15,1214
chr10,102686367,102686532,5,165
chr10,102700625,102700830,5,205
chr10,102711501,102711673,8,172
chr10,102713861,102715386,26,1525
chr10,102730972,102731744,6,772
chr10,102743750,102743930,9,180
chr10,102779220,102779683,5,463
chr10,102828031,102828854,6,823
chr10,102854244,102854387,9,143
chr10,102870112,102871652,11,1540
chr10,102917072,102920195,83,3123
chr10,102999182,102999377,7,195
chr10,103003727,103004095,6,368
chr10,103192433,103193474,70,1041
chr10,103276572,103277307,39,735
chr10,103281812,103281923,8,111
chr10,103284168,103284471,6,303
chr10,103324708,103325091,5,383
chr10,103330063,103330235,5,172
chr10,103335454,103335859,8,405
chr10,103338133,103338501,6,368
chr10,103341153,103341349,7,196
chr10,103350262,103351224,39,962
chr10,103353005,103353165,6,160
chr10,103368253,103370188,34,1935
chr10,103395937,103397693,42,1756
chr10,103421000,103422204,10,1204
chr10,103440332,103441399,8,1067
chr10,103449409,103452923,20,3514
chr10,103457869,103458735,7,866
chr10,103471796,103473349,11,1553
chr10,103478770,103479385,5,615
chr10,103493192,103494629,79,1437
chr10,103498328,103498387,8,59
chr10,103553439,103553498,5,59
chr10,103555141,103556283,30,1142
chr10,103559120,103559319,5,199
chr10,103584554,103586315,74,1761
chr10,103616915,103617003,5,88
chr10,103619390,103620309,9,919
chr10,103622397,103622582,11,185
chr10,103660388,103661994,30,1606
chr10,103663898,103664156,9,258
chr10,103672141,103672304,6,163
chr10,103692560,103693404,35,844
chr10,103724292,103724322,5,30
chr10,103779171,103779985,6,814
chr10,103798027,103799025,5,998
chr10,103804245,103804621,6,376
chr10,103818274,103818609,5,335
chr10,103824464,103825047,6,583
chr10,103836933,103837242,6,309
chr10,103840591,103840655,5,64
chr10,103854399,103856404,58,2005
chr10,103917961,103919175,14,1214
chr10,103966787,103967650,47,863
chr10,103974471,103974775,14,304
chr10,104034520,104035736,16,1216
chr10,104042005,104042279,5,274
chr10,104045822,104046906,7,1084
chr10,104121145,104122321,12,1176
chr10,104231812,104232761,23,949
chr10,104249236,104249365,5,129
chr10,104254518,104255548,30,1030
chr10,104268792,104269218,16,426
chr10,104274888,104275388,13,500
chr10,104297918,104298075,6,157
chr10,104337549,104339223,72,1674
chr10,104414830,104415026,7,196
chr10,104630738,104631320,12,582
chr10,104638880,104642944,129,4064
chr10,104681051,104681310,10,259
chr10,104725852,104726021,10,169
chr10,105255044,105255104,5,60
chr10,105663208,105663346,5,138
chr10,105849390,105849660,11,270
chr10,106290750,106291009,9,259
chr10,106380375,106380598,7,223
chr10,106390069,106390266,7,197
chr10,106611936,106612014,5,78
chr10,106796880,106797038,7,158
chr10,106806008,106806585,5,577
chr10,106889621,106889841,9,220
chr10,106927245,106927373,6,128
chr10,106928417,106928468,7,51
chr10,106963288,106963410,5,122
chr10,106976094,106976717,8,623
chr10,107084256,107084379,6,123
chr10,107164093,107165244,66,1151
chr10,107592197,107592303,7,106
chr10,107854715,107854849,5,134
chr10,107914574,107914870,25,296
chr10,107950739,107950886,6,147
chr10,108466401,108466706,25,305
chr10,108592491,108592626,5,135
chr10,108834582,108834716,6,134
chr10,108912230,108912532,18,302
chr10,108998476,108998666,5,190
chr10,109291848,109292042,6,194
chr10,109456707,109457463,23,756
chr10,109652484,109652561,6,77
chr10,109923152,109923828,47,676
chr10,110007083,110008665,35,1582
chr10,110180168,110180334,5,166
chr10,110207409,110211442,95,4033
chr10,110225669,110226316,26,647
chr10,110304459,110305258,43,799
chr10,110331478,110332651,7,1173
chr10,110440168,110440328,7,160
chr10,110495232,110495950,6,718
chr10,110497114,110499599,99,2485
chr10,110530233,110531034,18,801
chr10,110536513,110536822,6,309
chr10,110560308,110560438,5,130
chr10,110567810,110568165,21,355
chr10,110585858,110585890,5,32
chr10,110643285,110644622,61,1337
chr10,110672148,110672660,26,512
chr10,110700939,110701476,8,537
chr10,110812318,110812790,17,472
chr10,110871818,110872717,42,899
chr10,110918662,110920123,61,1461
chr10,111076377,111079483,113,3106
chr10,112113053,112113560,5,507
chr10,112183556,112183782,14,226
chr10,112299545,112299635,7,90
chr10,112313726,112314407,7,681
chr10,112324390,112324496,6,106
chr10,112369807,112371461,12,1654
chr10,112376295,112376545,10,250
chr10,112446768,112447741,51,973
chr10,112593932,112594283,7,351
chr10,112811608,112811836,6,228
chr10,112834760,112834882,5,122
chr10,112907054,112907140,5,86
chr10,112941821,112942209,6,388
chr10,112950013,112953739,93,3726
chr10,112960781,112961106,8,325
chr10,112980515,112980720,5,205
chr10,112991432,112993269,10,1837
chr10,113000894,113001173,6,279
chr10,113012911,113012973,5,62
chr10,113072447,113073855,9,1408
chr10,113117668,113117832,5,164
chr10,113126794,113127063,13,269
chr10,113141154,113141269,5,115
chr10,113148252,113148513,5,261
chr10,113273505,113274024,6,519
chr10,113299476,113299769,10,293
chr10,113454511,113454922,10,411
chr10,113563348,113563668,5,320
chr10,113679608,113680314,22,706
chr10,113719213,113719257,6,44
chr10,113782209,113782718,6,509
chr10,113854677,113855794,50,1117
chr10,114043363,114044171,50,808
chr10,114045410,114046001,31,591
chr10,114050287,114050347,5,60
chr10,114061401,114061806,6,405
chr10,114100391,114101384,17,993
chr10,114165614,114165676,5,62
chr10,114173780,114174939,33,1159
chr10,114180460,114181705,11,1245
chr10,114239405,114239862,30,457
chr10,114243488,114244380,5,892
chr10,114248032,114248392,7,360
chr10,114266113,114266851,6,738
chr10,114403125,114405327,94,2202
chr10,114514145,114514458,8,313
chr10,114547627,114547666,5,39
chr10,114571285,114571487,10,202
chr10,114631183,114633031,25,1848
chr10,114767781,114769055,35,1274
chr10,114821546,114822663,72,1117
chr10,115005556,115005865,8,309
chr10,115055998,115056987,8,989
chr10,115093074,115094152,74,1078
chr10,115408051,115408096,5,45
chr10,115429793,115429927,5,134
chr10,115831211,115831548,6,337
chr10,116218556,116218862,5,306
chr10,116270994,116275191,120,4197
chr10,116289215,116289276,7,61
chr10,116479447,116479882,7,435
chr10,116528614,116529764,11,1150
chr10,116553158,116553198,6,40
chr10,116609122,116610100,33,978
chr10,116621180,116622173,6,993
chr10,116627507,116628692,29,1185
chr10,116661138,116661440,6,302
chr10,116669974,116670315,10,341
chr10,116674935,116675281,6,346
chr10,116705088,116706990,9,1902
chr10,116708136,116708234,6,98
chr10,116741403,116743138,104,1735
chr10,116809159,116810237,6,1078
chr10,116849107,116850246,38,1139
chr10,116939527,116939573,5,46
chr10,117004138,117005533,26,1395
chr10,117131566,117133010,37,1444
chr10,117134160,117134966,58,806
chr10,117136974,117138180,60,1206
chr10,117139369,117140537,47,1168
chr10,117162930,117163996,64,1066
chr10,117165198,117169247,71,4049
chr10,117174637,117175457,8,820
chr10,117216275,117219205,44,2930
chr10,117240942,117242857,65,1915
chr10,117374721,117376731,87,2010
chr10,117450159,117450545,5,386
chr10,117511894,117512172,5,278
chr10,117531389,117531744,5,355
chr10,117532860,117533061,8,201
chr10,117534660,117538014,91,3354
chr10,117541527,117545550,103,4023
chr10,117546655,117548582,25,1927
chr10,117550777,117554051,93,3274
chr10,117675808,117677188,8,1380
chr10,117684225,117686045,19,1820
chr10,117699678,117699859,5,181
chr10,117735087,117735632,24,545
chr10,117747923,117748426,10,503
chr10,117796414,117796823,5,409
chr10,117804286,117805502,6,1216
chr10,117830443,117830542,7,99
chr10,118046215,118047157,35,942
chr10,118213474,118213854,5,380
chr10,118242900,118244262,6,1362
chr10,118246192,118246798,9,606
chr10,118250555,118252019,6,1464
chr10,118341791,118342380,21,589
chr10,118473739,118474324,9,585
chr10,118594427,118596632,55,2205
chr10,118699364,118699806,10,442
chr10,118718676,118718734,5,58
chr10,118754665,118755895,68,1230
chr10,118760374,118760560,19,186
chr10,118969687,118971138,5,1451
chr10,119007630,119007803,7,173
chr10,119028470,119030675,99,2205
chr10,119037214,119037244,5,30
chr10,119042278,119042707,16,429
chr10,119079576,119080919,47,1343
chr10,119082393,119082463,5,70
chr10,119085053,119085250,7,197
chr10,119104039,119104866,46,827
chr10,119134882,119135079,5,197
chr10,119155440,119155653,6,213
chr10,119165401,119166080,54,679
chr10,119177611,119180044,30,2433
chr10,119190873,119191022,5,149
chr10,119198629,119198828,5,199
chr10,119206384,119208069,122,1685
chr10,119289631,119289946,5,315
chr10,119378474,119378612,6,138
chr10,119409054,119410163,15,1109
chr10,119412330,119412373,5,43
chr10,119440840,119441156,7,316
chr10,119444720,119445693,7,973
chr10,119458372,119459343,11,971
chr10,119493336,119493593,10,257
chr10,119496095,119496985,6,890
chr10,119541345,119543649,122,2304
chr10,119553358,119553564,7,206
chr10,119596080,119597437,55,1357
chr10,119651090,119652198,77,1108
chr10,119669881,119669986,5,105
chr10,119684380,119687558,19,3178
chr10,119717440,119717589,5,149
chr10,119725552,119726391,41,839
chr10,119748683,119749336,5,653
chr10,119818067,119818534,14,467
chr10,119872088,119873451,19,1363
chr10,119891707,119892922,32,1215
chr10,120011288,120012577,10,1289
chr10,120127990,120128517,11,527
chr10,120456420,120457923,54,1503
chr10,120851282,120851414,11,132
chr10,120918540,120918883,6,343
chr10,120949107,120950301,23,1194
chr10,120978502,120980194,38,1692
chr10,121031668,121032011,7,343
chr10,121058031,121058463,5,432
chr10,121303890,121304039,7,149
chr10,121517457,121517548,6,91
chr10,121531920,121532033,5,113
chr10,121573758,121573891,6,133
chr10,121596230,121598726,82,2496
chr10,121602924,121603789,8,865
chr10,121608335,121609359,41,1024
chr10,121681840,121683166,7,1326
chr10,121729901,121729931,5,30
chr10,121926791,121929276,89,2485
chr10,121955675,121955719,5,44
chr10,121963804,121963923,7,119
chr10,121974075,121974941,22,866
chr10,122003624,122003748,5,124
chr10,122018919,122020032,13,1113
chr10,122025870,122026220,5,350
chr10,122054687,122054891,5,204
chr10,122061235,122061490,7,255
chr10,122085704,122086004,7,300
chr10,122087392,122087767,9,375
chr10,122108765,122109501,6,736
chr10,122112665,122114610,86,1945
chr10,122122286,122122613,7,327
chr10,122142969,122143713,9,744
chr10,122149456,122150021,13,565
chr10,122155145,122155497,8,352
chr10,122163075,122164740,28,1665
chr10,122192724,122193869,5,1145
chr10,122195046,122195142,6,96
chr10,122211072,122211144,5,72
chr10,122246330,122246702,7,372
chr10,122310749,122311002,8,253
chr10,122327856,122328516,6,660
chr10,122329520,122329642,6,122
chr10,122374052,122375408,102,1356
chr10,122429635,122429913,7,278
chr10,122461031,122463330,113,2299
chr10,122474330,122475883,18,1553
chr10,122488011,122489640,17,1629
chr10,122494243,122495028,9,785
chr10,122508622,122508802,5,180
chr10,122586280,122587347,7,1067
chr10,122704524,122705929,8,1405
chr10,122818747,122818863,11,116
chr10,122879950,122880173,29,223
chr10,122953787,122954909,24,1122
chr10,122980352,122980671,39,319
chr10,123008177,123009674,41,1497
chr10,123011625,123012596,8,971
chr10,123013637,123013690,7,53
chr10,123132774,123138235,171,5461
chr10,123140315,123140371,6,56
chr10,123142392,123143365,28,973
chr10,123145375,123151650,154,6275
chr10,123154262,123155051,25,789
chr10,123274279,123275344,16,1065
chr10,123281316,123281886,5,570
chr10,123283631,123283713,7,82
chr10,123425395,123425938,5,543
chr10,123480170,123480405,6,235
chr10,123491972,123492177,7,205
chr10,123556669,123556980,13,311
chr10,123558991,123559199,7,208
chr10,123567706,123568307,5,601
chr10,123620811,123621457,5,646
chr10,123665695,123666750,35,1055
chr10,123724409,123724815,7,406
chr10,123757241,123757413,5,172
chr10,123785693,123785725,5,32
chr10,123868390,123868488,5,98
chr10,123890837,123891875,57,1038
chr10,123912678,123913016,5,338
chr10,123967733,123967817,5,84
chr10,123972789,123973040,20,251
chr10,123991414,123992061,44,647
chr10,123994748,123995758,20,1010
chr10,124014572,124014621,6,49
chr10,124019352,124019586,8,234
chr10,124028166,124030907,14,2741
chr10,124044138,124044321,8,183
chr10,124056687,124056926,11,239
chr10,124075844,124076802,7,958
chr10,124088079,124088621,7,542
chr10,124091917,124094744,135,2827
chr10,124098825,124099062,5,237
chr10,124119548,124120106,6,558
chr10,124152446,124152602,5,156
chr10,124155893,124156699,6,806
chr10,124239735,124240000,10,265
chr10,124244257,124244360,6,103
chr10,124258182,124258304,5,122
chr10,124265022,124266409,10,1387
chr10,124354309,124355927,14,1618
chr10,124376272,124376597,11,325
chr10,124378718,124379847,7,1129
chr10,124386943,124387007,5,64
chr10,124388837,124390356,41,1519
chr10,124417347,124419251,75,1904
chr10,124447247,124450944,139,3697
chr10,124461708,124463028,29,1320
chr10,124464252,124465331,8,1079
chr10,124468823,124469000,6,177
chr10,124478693,124478897,6,204
chr10,124484114,124484194,7,80
chr10,124492792,124493842,11,1050
chr10,124510405,124510494,8,89
chr10,124517126,124517260,10,134
chr10,124518502,124519925,6,1423
chr10,124530205,124530389,7,184
chr10,124534386,124534693,16,307
chr10,124535974,124536434,9,460
chr10,124540369,124540843,5,474
chr10,124568015,124568391,9,376
chr10,124574505,124574626,6,121
chr10,124588189,124588526,5,337
chr10,124589550,124589730,5,180
chr10,124592664,124593036,17,372
chr10,124614987,124615837,12,850
chr10,124618684,124623026,21,4342
chr10,124625813,124626004,6,191
chr10,124628298,124628444,5,146
chr10,124640785,124640915,10,130
chr10,124643510,124643730,11,220
chr10,124666663,124667663,5,1000
chr10,124672019,124672530,8,511
chr10,124694311,124694651,8,340
chr10,124709917,124710532,5,615
chr10,124735022,124735079,5,57
chr10,124740844,124740905,5,61
chr10,124742859,124744643,135,1784
chr10,124750070,124750204,5,134
chr10,124775913,124776010,6,97
chr10,124791783,124793224,44,1441
chr10,124800273,124802322,63,2049
chr10,124865932,124866813,9,881
chr10,124897932,124898281,5,349
chr10,124916784,124917595,26,811
chr10,124919403,124920012,5,609
chr10,124999931,125000136,8,205
chr10,125006993,125007540,8,547
chr10,125009236,125010142,9,906
chr10,125026448,125028147,12,1699
chr10,125050231,125050723,6,492
chr10,125058692,125059089,9,397
chr10,125060966,125062591,9,1625
chr10,125137879,125138238,5,359
chr10,125149461,125149993,8,532
chr10,125151653,125152396,44,743
chr10,125158664,125162345,152,3681
chr10,125163470,125164052,10,582
chr10,125193467,125193579,5,112
chr10,125194798,125195142,8,344
chr10,125231260,125231568,5,308
chr10,125247352,125247455,6,103
chr10,125265236,125265722,5,486
chr10,125344720,125345094,9,374
chr10,125448750,125448814,5,64
chr10,125636154,125636404,5,250
chr10,125718926,125719828,39,902
chr10,125762904,125763523,9,619
chr10,125772778,125774798,54,2020
chr10,125822704,125824036,49,1332
chr10,125895681,125896964,112,1283
chr10,126064532,126064669,5,137
chr10,126106170,126106955,7,785
chr10,126350796,126351260,5,464
chr10,126387173,126389222,66,2049
chr10,126447889,126448165,5,276
chr10,126532761,126533025,8,264
chr10,126547141,126547549,12,408
chr10,126687381,126688064,6,683
chr10,126904860,126906850,120,1990
chr10,126911461,126911561,5,100
chr10,126917449,126918718,6,1269
chr10,126922541,126923057,6,516
chr10,126926952,126927178,6,226
chr10,126938755,126939057,7,302
chr10,126980126,126981040,7,914
chr10,127021208,127021289,5,81
chr10,127052333,127053258,10,925
chr10,127076251,127076425,5,174
chr10,127101833,127102756,8,923
chr10,127145679,127146835,5,1156
chr10,127175701,127176377,7,676
chr10,127195248,127196902,110,1654
chr10,127267681,127267799,5,118
chr10,127335906,127336407,6,501
chr10,127344152,127344384,5,232
chr10,127347262,127347413,9,151
chr10,127351016,127352202,8,1186
chr10,127410802,127411434,13,632
chr10,127420763,127421008,5,245
chr10,127424596,127424683,5,87
chr10,127456396,127456769,5,373
chr10,127605964,127606000,5,36
chr10,127658798,127659126,6,328
chr10,127736080,127739090,91,3010
chr10,127849033,127849181,7,148
chr10,127885736,127885848,7,112
chr10,127906868,127908049,51,1181
chr10,127935170,127935327,9,157
chr10,127982754,127984174,10,1420
chr10,127991010,127992011,5,1001
chr10,128001495,128002149,5,654
chr10,128010652,128011506,14,854
chr10,128046304,128047639,16,1335
chr10,128066129,128066307,7,178
chr10,128125829,128126986,83,1157
chr10,128130831,128130958,5,127
chr10,128149470,128151319,35,1849
chr10,128209928,128212286,76,2358
chr10,128221443,128222659,9,1216
chr10,128265771,128266032,10,261
chr10,128267957,128268573,6,616
chr10,128285487,128287145,31,1658
chr10,128295173,128295360,6,187
chr10,128326228,128326589,9,361
chr10,128385349,128385606,7,257
chr10,128386999,128387135,8,136
chr10,128430182,128431293,9,1111
chr10,128434524,128434673,5,149
chr10,128456366,128457271,8,905
chr10,128475693,128476588,13,895
chr10,128481236,128481739,11,503
chr10,128500183,128500639,14,456
chr10,128540306,128541445,42,1139
chr10,128629370,128629652,5,282
chr10,128693057,128696041,31,2984
chr10,128709687,128711036,37,1349
chr10,128713144,128713441,6,297
chr10,128722398,128722581,5,183
chr10,128754203,128754596,5,393
chr10,128778462,128779143,5,681
chr10,128801976,128802159,5,183
chr10,128823313,128823923,6,610
chr10,128853799,128855160,6,1361
chr10,128865011,128865449,5,438
chr10,128869055,128869607,6,552
chr10,128882410,128882746,5,336
chr10,128927257,128928446,19,1189
chr10,128950519,128950881,10,362
chr10,128959366,128959401,5,35
chr10,128961849,128962057,7,208
chr10,128982078,128982380,12,302
chr10,128991062,128991357,8,295
chr10,129031399,129031692,6,293
chr10,129033150,129034154,10,1004
chr10,129045320,129047498,23,2178
chr10,129071676,129071764,10,88
chr10,129137326,129137459,6,133
chr10,129207412,129207966,11,554
chr10,129244265,129244762,13,497
chr10,129279460,129279611,5,151
chr10,129344673,129345112,7,439
chr10,129394912,129396259,17,1347
chr10,129415313,129415528,6,215
chr10,129466692,129467532,63,840
chr10,129521920,129521970,5,50
chr10,129531514,129532520,5,1006
chr10,129558056,129558709,10,653
chr10,129567008,129567079,5,71
chr10,129569579,129570398,7,819
chr10,129579988,129580192,6,204
chr10,129606514,129609073,15,2559
chr10,129612331,129612635,6,304
chr10,129645628,129646070,5,442
chr10,129651194,129652031,7,837
chr10,129655498,129655592,6,94
chr10,129677784,129679397,7,1613
chr10,129681083,129681165,6,82
chr10,129704034,129704565,13,531
chr10,129718896,129719029,7,133
chr10,129729417,129729512,6,95
chr10,129762400,129762993,5,593
chr10,129785453,129786081,9,628
chr10,129793241,129794855,17,1614
chr10,129815913,129816729,5,816
chr10,129848261,129849659,9,1398
chr10,129860220,129860296,5,76
chr10,129863611,129863697,5,86
chr10,129866689,129867141,5,452
chr10,129891904,129892461,5,557
chr10,129893664,129893716,5,52
chr10,129896624,129896665,5,41
chr10,129899610,129899716,6,106
chr10,129912232,129913523,6,1291
chr10,129915757,129916769,5,1012
chr10,129937146,129937858,5,712
chr10,129940873,129941555,6,682
chr10,129946452,129946681,6,229
chr10,129949225,129949422,6,197
chr10,129957324,129957511,5,187
chr10,129958619,129960372,117,1753
chr10,129963306,129965556,119,2250
chr10,129966979,129969899,102,2920
chr10,129970916,129973976,97,3060
chr10,130013880,130015532,16,1652
chr10,130021000,130021248,8,248
chr10,130023211,130024061,6,850
chr10,130049155,130049737,7,582
chr10,130063150,130063412,9,262
chr10,130110235,130111665,55,1430
chr10,130118877,130118923,5,46
chr10,130129137,130129254,8,117
chr10,130135568,130137213,51,1645
chr10,130157489,130158345,7,856
chr10,130168577,130168605,5,28
chr10,130186985,130191386,64,4401
chr10,130193400,130193601,5,201
chr10,130254163,130254296,5,133
chr10,130300628,130301831,37,1203
chr10,130356463,130357220,14,757
chr10,130361168,130361331,6,163
chr10,130365878,130366985,5,1107
chr10,130368301,130368783,7,482
chr10,130481651,130482395,6,744
chr10,130493935,130494037,5,102
chr10,130497634,130498054,7,420
chr10,130543939,130544564,6,625
chr10,130560942,130561043,5,101
chr10,130567400,130568029,24,629
chr10,130761998,130762278,9,280
chr10,130801936,130802052,6,116
chr10,130807736,130809457,8,1721
chr10,130886307,130886644,5,337
chr10,130899258,130899520,5,262
chr10,130959088,130959231,6,143
chr10,131031683,131032901,10,1218
chr10,131048780,131048919,5,139
chr10,131075423,131076559,17,1136
chr10,131084819,131085391,10,572
chr10,131088702,131088756,8,54
chr10,131093048,131095011,22,1963
chr10,131098629,131098699,5,70
chr10,131105710,131105892,5,182
chr10,131114698,131114992,5,294
chr10,131117163,131117666,6,503
chr10,131135654,131137408,16,1754
chr10,131155432,131155696,5,264
chr10,131169132,131170248,6,1116
chr10,131217882,131218089,8,207
chr10,131219918,131220078,5,160
chr10,131221258,131221768,7,510
chr10,131222939,131223258,8,319
chr10,131227570,131228115,10,545
chr10,131231571,131231789,7,218
chr10,131240881,131241192,15,311
chr10,131248853,131249465,7,612
chr10,131252582,131253224,7,642
chr10,131254433,131254780,7,347
chr10,131260315,131260824,7,509
chr10,131272782,131273421,9,639
chr10,131277162,131279768,12,2606
chr10,131310999,131312291,98,1292
chr10,131350361,131350779,6,418
chr10,131399390,131399456,5,66
chr10,131402983,131403534,12,551
chr10,131404606,131405138,7,532
chr10,131410721,131411727,6,1006
chr10,131427100,131427481,5,381
chr10,131453755,131454038,6,283
chr10,131455292,131455774,6,482
chr10,131473255,131473771,5,516
chr10,131533078,131533536,9,458
chr10,131534822,131535196,5,374
chr10,131559460,131559876,11,416
chr10,131617805,131618803,5,998
chr10,131625248,131625440,7,192
chr10,131644322,131644983,10,661
chr10,131646867,131647065,8,198
chr10,131654719,131655329,6,610
chr10,131681746,131682750,6,1004
chr10,131736297,131736540,5,243
chr10,131743641,131744232,6,591
chr10,131746562,131748099,15,1537
chr10,131749591,131749640,6,49
chr10,131751502,131752920,7,1418
chr10,131757509,131757939,8,430
chr10,131763567,131763925,5,358
chr10,131803121,131804243,8,1122
chr10,131806403,131807170,10,767
chr10,131818647,131819328,10,681
chr10,131832025,131832421,7,396
chr10,131842070,131842969,7,899
chr10,131845476,131845605,6,129
chr10,131846696,131847421,17,725
chr10,131851417,131851881,8,464
chr10,131853474,131854857,15,1383
chr10,131864274,131865567,9,1293
chr10,131870833,131873220,15,2387
chr10,131875052,131875204,8,152
chr10,131876427,131877042,6,615
chr10,131885580,131886400,5,820
chr10,131892327,131892400,6,73
chr10,131900273,131901784,109,1511
chr10,131934422,131934737,6,315
chr10,131955696,131956118,18,422
chr10,131971140,131971381,6,241
chr10,131979971,131980290,20,319
chr10,131981516,131983055,64,1539
chr10,132000958,132001306,5,348
chr10,132036173,132037951,72,1778
chr10,132048338,132048729,7,391
chr10,132050127,132050303,5,176
chr10,132056964,132057572,6,608
chr10,132058704,132058944,10,240
chr10,132065454,132066449,10,995
chr10,132076691,132077304,15,613
chr10,132078805,132079170,18,365
chr10,132098733,132098840,5,107
chr10,132104598,132104728,6,130
chr10,132117919,132118896,22,977
chr10,132124110,132124504,16,394
chr10,132132455,132138349,86,5894
chr10,132140480,132140584,8,104
chr10,132141851,132142228,10,377
chr10,132144055,132145554,9,1499
chr10,132147474,132147844,6,370
chr10,132164328,132165674,21,1346
chr10,132166682,132168217,19,1535
chr10,132181428,132182160,14,732
chr10,132185624,132189247,137,3623
chr10,132201273,132201365,6,92
chr10,132202553,132202832,18,279
chr10,132204421,132207240,25,2819
chr10,132209273,132209423,5,150
chr10,132222669,132222941,11,272
chr10,132224066,132225383,10,1317
chr10,132227939,132228028,5,89
chr10,132229798,132230437,5,639
chr10,132232366,132232733,13,367
chr10,132236298,132236371,5,73
chr10,132239321,132240298,15,977
chr10,132245124,132245303,6,179
chr10,132248937,132250695,22,1758
chr10,132253213,132256524,30,3311
chr10,132257992,132259038,6,1046
chr10,132265828,132265974,7,146
chr10,132272350,132272538,7,188
chr10,132281443,132281817,7,374
chr10,132287415,132287544,6,129
chr10,132290976,132291123,5,147
chr10,132294783,132297788,31,3005
chr10,132301439,132302504,23,1065
chr10,132306546,132310876,119,4330
chr10,132325612,132325814,7,202
chr10,132329827,132332955,22,3128
chr10,132337256,132339520,10,2264
chr10,132352788,132353794,16,1006
chr10,132362227,132363783,7,1556
chr10,132371135,132371244,11,109
chr10,132373296,132373401,6,105
chr10,132374728,132375285,5,557
chr10,132385194,132386542,9,1348
chr10,132388993,132389486,5,493
chr10,132395843,132398735,93,2892
chr10,132402890,132402957,6,67
chr10,132404847,132409962,76,5115
chr10,132411770,132413728,20,1958
chr10,132416433,132416507,6,74
chr10,132417746,132418785,9,1039
chr10,132420439,132422217,19,1778
chr10,132437899,132438647,12,748
chr10,132441018,132441392,9,374
chr10,132442538,132442932,13,394
chr10,132446484,132449150,17,2666
chr10,132452453,132453514,36,1061
chr10,132454651,132454752,5,101
chr10,132460010,132462627,14,2617
chr10,132465690,132467591,25,1901
chr10,132478543,132479161,6,618
chr10,132486478,132488458,20,1980
chr10,132489994,132490075,6,81
chr10,132508085,132508838,7,753
chr10,132517482,132519438,16,1956
chr10,132520461,132520594,7,133
chr10,132536511,132538306,106,1795
chr10,132543821,132548494,37,4673
chr10,132557082,132557290,9,208
chr10,132558318,132559098,12,780
chr10,132563320,132563855,8,535
chr10,132574878,132575196,5,318
chr10,132576858,132577458,5,600
chr10,132593250,132593459,6,209
chr10,132597852,132597929,6,77
chr10,132608150,132608420,11,270
chr10,132624122,132624479,12,357
chr10,132630790,132630919,8,129
chr10,132634240,132634417,5,177
chr10,132643897,132645412,6,1515
chr10,132654544,132655472,7,928
chr10,132667584,132667978,11,394
chr10,132677827,132677877,5,50
chr10,132685666,132686479,17,813
chr10,132702650,132703173,13,523
chr10,132710298,132710425,6,127
chr10,132713447,132714291,11,844
chr10,132715935,132716021,8,86
chr10,132726778,132727405,18,627
chr10,132728690,132729226,7,536
chr10,132733952,132734112,9,160
chr10,132738318,132738500,5,182
chr10,132739647,132740432,12,785
chr10,132742814,132742992,8,178
chr10,132744437,132744952,6,515
chr10,132749070,132749683,16,613
chr10,132753157,132753286,8,129
chr10,132759909,132760705,9,796
chr10,132769731,132770575,15,844
chr10,132773016,132773806,9,790
chr10,132776363,132777273,13,910
chr10,132778586,132780298,19,1712
chr10,132783393,132790386,333,6993
chr10,132791454,132799322,60,7868
chr10,132802984,132803122,6,138
chr10,132805215,132805934,7,719
chr10,132808515,132808672,6,157
chr10,132810580,132811256,13,676
chr10,132814341,132814704,6,363
chr10,132816181,132817882,19,1701
chr10,132828053,132828321,7,268
chr10,132847147,132847220,5,73
chr10,132850318,132851079,5,761
chr10,132861575,132863287,17,1712
chr10,132866916,132867363,8,447
chr10,132868400,132869888,14,1488
chr10,132876812,132879729,28,2917
chr10,132884232,132884422,8,190
chr10,132889718,132890348,5,630
chr10,132910941,132911335,17,394
chr10,132915493,132917101,20,1608
chr10,132918896,132920672,27,1776
chr10,132921898,132923640,27,1742
chr10,132937571,132938836,11,1265
chr10,132941758,132943370,73,1612
chr10,132955544,132956879,7,1335
chr10,132958426,132958548,5,122
chr10,132960154,132962336,29,2182
chr10,132963861,132965483,28,1622
chr10,132973538,132975902,26,2364
chr10,132977788,132977971,7,183
chr10,132979568,132980930,19,1362
chr10,132988251,132988551,10,300
chr10,132989983,132991017,12,1034
chr10,132992456,132992588,5,132
chr10,132994850,132995109,6,259
chr10,133007736,133008656,9,920
chr10,133012674,133013772,11,1098
chr10,133016273,133016422,5,149
chr10,133018597,133018808,9,211
chr10,133021360,133022394,23,1034
chr10,133024073,133025225,11,1152
chr10,133030218,133032762,39,2544
chr10,133033944,133034135,5,191
chr10,133038548,133040047,13,1499
chr10,133043010,133043173,5,163
chr10,133044183,133045026,11,843
chr10,133047579,133049418,18,1839
chr10,133052155,133052268,6,113
chr10,133056203,133058015,11,1812
chr10,133067058,133067248,5,190
chr10,133070259,133071141,23,882
chr10,133072236,133073258,20,1022
chr10,133080832,133083352,15,2520
chr10,133085025,133090323,94,5298
chr10,133095476,133096508,15,1032
chr10,133098500,133100160,41,1660
chr10,133101391,133101641,6,250
chr10,133102955,133104498,24,1543
chr10,133115645,133115702,6,57
chr10,133117155,133117547,16,392
chr10,133124065,133125057,15,992
chr10,133126454,133127328,23,874
chr10,133129734,133130014,10,280
chr10,133141701,133142956,29,1255
chr10,133152169,133152608,6,439
chr10,133155243,133155377,6,134
chr10,133159428,133163330,105,3902
chr10,133165349,133165435,7,86
chr10,133167898,133169012,16,1114
chr10,133179711,133179773,7,62
chr10,133183285,133183449,8,164
chr10,133186145,133187201,22,1056
chr10,133188853,133189819,9,966
chr10,133194979,133195281,9,302
chr10,133196932,133197222,5,290
chr10,133198281,133200088,28,1807
chr10,133201229,133203009,35,1780
chr10,133204765,133205926,17,1161
chr10,133207095,133207715,24,620
chr10,133209998,133210479,5,481
chr10,133213324,133213737,9,413
chr10,133217269,133218349,13,1080
chr10,133219801,133220003,14,202
chr10,133225947,133226691,23,744
chr10,133229302,133232677,137,3375
chr10,133235344,133243620,213,8276
chr10,133246756,133248177,14,1421
chr10,133251350,133252103,8,753
chr10,133257039,133258236,10,1197
chr10,133259956,133262031,45,2075
chr10,133268766,133271045,24,2279
chr10,133273088,133277097,63,4009
chr10,133278556,133279783,7,1227
chr10,133281330,133282860,15,1530
chr10,133284688,133285298,8,610
chr10,133287906,133289698,20,1792
chr10,133295614,133295945,6,331
chr10,133305033,133305110,5,77
chr10,133308611,133310473,62,1862
chr10,133318535,133318744,12,209
chr10,133323995,133326173,70,2178
chr10,133330059,133330309,15,250
chr10,133334711,133336447,70,1736
chr10,133357543,133360513,59,2970
chr10,133364361,133365357,6,996
chr10,133366799,133366918,6,119
chr10,133372507,133375186,69,2679
chr10,133377101,133380461,96,3360
chr10,133393167,133394492,49,1325
chr10,133400116,133400312,5,196
chr10,133418412,133419863,11,1451
chr10,133423357,133423575,28,218
chr10,133424791,133425352,7,561
chr10,133440149,133440809,5,660
chr10,133442281,133442633,5,352
chr10,133445721,133446643,34,922
chr10,133458407,133458466,5,59
chr10,133459803,133460064,15,261
chr10,133465225,133465589,23,364
chr10,133520242,133520462,21,220
chr10,133527367,133529984,71,2617
chr10,133532830,133532901,5,71
chr10,133558865,133559321,5,456
chr10,133565671,133566176,18,505
chr10,133568058,133568315,19,257
chr10,133569955,133570035,6,80
chr10,133622814,133622963,9,149
chr10,133637954,133638186,14,232
chr11,189592,189690,14,98
chr11,197350,197552,5,202
chr11,207280,209353,50,2073
chr11,233067,233209,5,142
chr11,235928,237276,80,1348
chr11,252351,252489,7,138
chr11,265132,266235,6,1103
chr11,267752,268269,5,517
chr11,278538,281637,120,3099
chr11,286869,286930,5,61
chr11,288137,291937,127,3800
chr11,298316,299572,9,1256
chr11,300915,301133,5,218
chr11,303447,305079,36,1632
chr11,311512,311615,8,103
chr11,315740,316671,42,931
chr11,318984,319109,7,125
chr11,320940,321230,5,290
chr11,322852,323054,5,202
chr11,325569,326952,13,1383
chr11,330997,331179,8,182
chr11,334618,335202,15,584
chr11,344052,344688,10,636
chr11,350500,353463,16,2963
chr11,354919,356395,22,1476
chr11,358571,358651,7,80
chr11,363550,363777,6,227
chr11,368214,370583,82,2369
chr11,372972,373137,7,165
chr11,375996,378363,50,2367
chr11,379395,382990,82,3595
chr11,384586,385768,13,1182
chr11,391004,392894,24,1890
chr11,394817,394913,5,96
chr11,396763,397451,35,688
chr11,399648,401057,33,1409
chr11,402811,404378,20,1567
chr11,406001,407330,36,1329
chr11,415120,416029,13,909
chr11,417189,417863,24,674
chr11,420454,420899,26,445
chr11,428322,428793,8,471
chr11,429840,430049,6,209
chr11,433325,434082,11,757
chr11,438570,438864,5,294
chr11,440628,442189,19,1561
chr11,447651,450782,45,3131
chr11,451899,452104,8,205
chr11,455650,456056,15,406
chr11,457313,457481,6,168
chr11,463328,464560,12,1232
chr11,476423,477495,5,1072
chr11,486413,488464,10,2051
chr11,489643,491289,21,1646
chr11,494136,494941,5,805
chr11,504095,504756,24,661
chr11,506067,507647,72,1580
chr11,510007,511148,12,1141
chr11,518565,519056,13,491
chr11,520589,521059,7,470
chr11,528886,529745,5,859
chr11,532452,537658,178,5206
chr11,551385,551716,7,331
chr11,552940,556859,119,3919
chr11,560383,561714,66,1331
chr11,562784,563263,9,479
chr11,564770,564802,5,32
chr11,567596,569584,89,1988
chr11,575314,577481,72,2167
chr11,581559,583293,11,1734
chr11,584647,584882,6,235
chr11,587850,589633,15,1783
chr11,591932,592076,6,144
chr11,596985,597676,20,691
chr11,603216,603375,7,159
chr11,607593,609577,36,1984
chr11,611583,611791,7,208
chr11,612834,620642,120,7808
chr11,623576,624840,15,1264
chr11,626441,627485,56,1044
chr11,635478,637875,34,2397
chr11,639070,641109,44,2039
chr11,644307,644361,6,54
chr11,646227,646407,8,180
chr11,649175,649950,6,775
chr11,653828,654090,7,262
chr11,657987,658150,5,163
chr11,659740,660523,9,783
chr11,680569,681871,7,1302
chr11,685619,685959,5,340
chr11,687962,689298,9,1336
chr11,692578,692927,9,349
chr11,694771,696791,107,2020
chr11,705276,708321,63,3045
chr11,709385,711145,23,1760
chr11,712234,712514,11,280
chr11,720293,723311,60,3018
chr11,725639,729493,76,3854
chr11,732854,733434,8,580
chr11,746136,748309,58,2173
chr11,759032,759672,5,640
chr11,765549,765787,8,238
chr11,768577,769152,6,575
chr11,776455,777948,76,1493
chr11,782285,783616,15,1331
chr11,786963,788486,11,1523
chr11,789892,790795,33,903
chr11,794460,796361,14,1901
chr11,797457,798540,59,1083
chr11,799673,800172,5,499
chr11,803981,805676,72,1695
chr11,807410,810998,72,3588
chr11,818380,821322,61,2942
chr11,823533,824793,43,1260
chr11,826837,827854,55,1017
chr11,829060,835097,130,6037
chr11,840291,840419,6,128
chr11,841598,843485,71,1887
chr11,848932,851008,113,2076
chr11,852912,855186,10,2274
chr11,858585,859707,41,1122
chr11,861636,862858,16,1222
chr11,864739,864812,8,73
chr11,866769,867462,8,693
chr11,888640,888980,21,340
chr11,902846,903440,16,594
chr11,906363,906617,8,254
chr11,910420,911693,72,1273
chr11,917566,918828,6,1262
chr11,924437,927182,89,2745
chr11,942979,943786,8,807
chr11,970641,971777,7,1136
chr11,972922,973106,8,184
chr11,984084,985144,12,1060
chr11,987793,987915,7,122
chr11,990547,992644,8,2097
chr11,994474,995047,5,573
chr11,1001028,1001591,6,563
chr11,1008241,1008337,8,96
chr11,1009422,1009566,16,144
chr11,1023512,1027257,34,3745
chr11,1029188,1031000,13,1812
chr11,1033800,1034077,5,277
chr11,1036766,1038482,19,1716
chr11,1040215,1042258,21,2043
chr11,1043416,1043935,9,519
chr11,1048012,1049054,6,1042
chr11,1050364,1051441,18,1077
chr11,1054176,1055265,14,1089
chr11,1060618,1061191,5,573
chr11,1072007,1072207,6,200
chr11,1073755,1074601,5,846
chr11,1075613,1078568,26,2955
chr11,1081899,1085673,25,3774
chr11,1089786,1090405,8,619
chr11,1096281,1096545,8,264
chr11,1101416,1102005,11,589
chr11,1103466,1104793,15,1327
chr11,1107928,1108219,6,291
chr11,1109283,1110349,15,1066
chr11,1114048,1114143,8,95
chr11,1120813,1121672,13,859
chr11,1127403,1128448,6,1045
chr11,1129888,1130245,14,357
chr11,1146395,1146462,7,67
chr11,1149258,1153124,27,3866
chr11,1158047,1158999,14,952
chr11,1161307,1162810,28,1503
chr11,1164072,1165631,11,1559
chr11,1176370,1176758,6,388
chr11,1178455,1179148,16,693
chr11,1182400,1182533,12,133
chr11,1194374,1194822,30,448
chr11,1196625,1198596,13,1971
chr11,1202422,1207677,63,5255
chr11,1218829,1220111,14,1282
chr11,1222587,1224611,13,2024
chr11,1227372,1228355,17,983
chr11,1229651,1232457,24,2806
chr11,1238840,1239301,9,461
chr11,1240933,1241781,18,848
chr11,1245963,1246266,5,303
chr11,1254713,1255513,12,800
chr11,1257532,1257717,14,185
chr11,1259626,1260368,5,742
chr11,1262467,1263127,16,660
chr11,1272065,1273609,37,1544
chr11,1283076,1283462,9,386
chr11,1284539,1284616,5,77
chr11,1290762,1291316,5,554
chr11,1293219,1293395,7,176
chr11,1298382,1298736,7,354
chr11,1304158,1304565,13,407
chr11,1307263,1311020,101,3757
chr11,1319661,1320662,5,1001
chr11,1335640,1339040,81,3400
chr11,1347069,1347605,20,536
chr11,1349099,1350282,10,1183
chr11,1355058,1356216,16,1158
chr11,1359803,1360190,5,387
chr11,1371264,1372023,8,759
chr11,1382588,1383749,9,1161
chr11,1387807,1391341,98,3534
chr11,1399678,1403054,32,3376
chr11,1425937,1426453,9,516
chr11,1433626,1436847,35,3221
chr11,1442789,1443349,14,560
chr11,1445611,1447448,24,1837
chr11,1448516,1449136,22,620
chr11,1450469,1451587,6,1118
chr11,1453547,1453639,6,92
chr11,1455380,1457153,25,1773
chr11,1458174,1461198,20,3024
chr11,1462661,1462833,10,172
chr11,1466612,1466706,6,94
chr11,1468007,1468057,6,50
chr11,1469397,1470847,14,1450
chr11,1515198,1515840,12,642
chr11,1529374,1529654,5,280
chr11,1532030,1532196,5,166
chr11,1536195,1537179,11,984
chr11,1546232,1548376,89,2144
chr11,1553071,1555649,19,2578
chr11,1556696,1557147,56,451
chr11,1564529,1564698,7,169
chr11,1571339,1574894,179,3555
chr11,1607324,1607631,8,307
chr11,1638539,1639461,6,922
chr11,1641047,1642951,14,1904
chr11,1644717,1645374,8,657
chr11,1648370,1648409,5,39
chr11,1652698,1653787,18,1089
chr11,1657079,1658040,16,961
chr11,1659409,1659561,5,152
chr11,1667278,1667361,7,83
chr11,1668766,1669032,6,266
chr11,1689966,1690044,6,78
chr11,1692017,1694763,46,2746
chr11,1715666,1715763,5,97
chr11,1720496,1721129,8,633
chr11,1729695,1730250,6,555
chr11,1732608,1732725,5,117
chr11,1735368,1735508,6,140
chr11,1746563,1754269,127,7706
chr11,1755616,1757181,15,1565
chr11,1758995,1759471,6,476
chr11,1763171,1764296,63,1125
chr11,1779146,1781205,13,2059
chr11,1782736,1783004,6,268
chr11,1808061,1808683,6,622
chr11,1814424,1815770,5,1346
chr11,1825145,1825213,5,68
chr11,1827487,1827550,5,63
chr11,1832314,1833127,29,813
chr11,1835301,1838280,19,2979
chr11,1842343,1842962,13,619
chr11,1844280,1844782,5,502
chr11,1847542,1847921,9,379
chr11,1848960,1850466,10,1506
chr11,1852690,1854160,18,1470
chr11,1863181,1864281,11,1100
chr11,1867606,1871426,20,3820
chr11,1874361,1876547,7,2186
chr11,1881946,1883077,7,1131
chr11,1889272,1889575,10,303
chr11,1891075,1891473,13,398
chr11,1910032,1910318,8,286
chr11,1918452,1919989,7,1537
chr11,1924622,1925315,11,693
chr11,1926719,1928695,20,1976
chr11,1933793,1934144,8,351
chr11,1935290,1936226,9,936
chr11,1937978,1939460,22,1482
chr11,2094427,2094612,8,185
chr11,2099041,2099393,8,352
chr11,2100444,2101006,15,562
chr11,2104005,2104191,7,186
chr11,2109078,2109345,7,267
chr11,2122343,2123104,16,761
chr11,2129191,2129926,10,735
chr11,2132975,2133704,16,729
chr11,2137400,2141343,190,3943
chr11,2143571,2144625,55,1054
chr11,2151785,2152094,8,309
chr11,2157548,2158372,10,824
chr11,2160028,2160365,5,337
chr11,2165721,2168663,48,2942
chr11,2169769,2169917,8,148
chr11,2177255,2177332,6,77
chr11,2180539,2183276,22,2737
chr11,2188357,2191074,17,2717
chr11,2204744,2204936,7,192
chr11,2211313,2212182,9,869
chr11,2213745,2215856,22,2111
chr11,2257311,2257682,13,371
chr11,2261035,2261281,5,246
chr11,2264759,2264860,7,101
chr11,2267614,2272833,154,5219
chr11,2289243,2289478,5,235
chr11,2293815,2293847,5,32
chr11,2302532,2302708,5,176
chr11,2304646,2306281,10,1635
chr11,2327985,2328317,5,332
chr11,2336397,2337055,9,658
chr11,2358746,2359289,5,543
chr11,2360914,2360946,5,32
chr11,2376073,2378227,62,2154
chr11,2383445,2383965,5,520
chr11,2390137,2390249,5,112
chr11,2392035,2392888,5,853
chr11,2396605,2396963,10,358
chr11,2399968,2401161,54,1193
chr11,2404695,2405614,13,919
chr11,2407110,2407582,7,472
chr11,2410288,2410452,11,164
chr11,2413720,2415741,16,2021
chr11,2419329,2420698,10,1369
chr11,2421760,2422114,5,354
chr11,2432966,2433058,6,92
chr11,2444096,2447102,89,3006
chr11,2451391,2452540,9,1149
chr11,2463132,2464255,10,1123
chr11,2473910,2474315,7,405
chr11,2514274,2516931,17,2657
chr11,2521350,2522355,13,1005
chr11,2526957,2527089,10,132
chr11,2528778,2529394,6,616
chr11,2533949,2534017,6,68
chr11,2542338,2542379,5,41
chr11,2549543,2550682,16,1139
chr11,2558654,2559645,17,991
chr11,2562442,2563446,15,1004
chr11,2568462,2570049,7,1587
chr11,2573655,2575230,12,1575
chr11,2581688,2581781,9,93
chr11,2587561,2587630,5,69
chr11,2590828,2591563,10,735
chr11,2603783,2604426,7,643
chr11,2698774,2700889,65,2115
chr11,2723976,2725445,8,1469
chr11,2728375,2728583,6,208
chr11,2731488,2732694,17,1206
chr11,2737300,2737709,12,409
chr11,2743477,2743632,5,155
chr11,2745825,2745982,5,157
chr11,2747195,2747976,11,781
chr11,2770401,2770489,6,88
chr11,2778590,2779356,11,766
chr11,2791523,2792958,34,1435
chr11,2801941,2803288,8,1347
chr11,2804915,2808337,40,3422
chr11,2812002,2812772,14,770
chr11,2824707,2826465,21,1758
chr11,2827829,2828242,7,413
chr11,2837386,2838791,25,1405
chr11,2843581,2843770,9,189
chr11,2845456,2846159,7,703
chr11,2849998,2850626,16,628
chr11,2852349,2853723,9,1374
chr11,2862360,2863298,47,938
chr11,2868960,2871527,50,2567
chr11,2883839,2886219,119,2380
chr11,2890043,2890885,5,842
chr11,2892399,2892736,10,337
chr11,2901903,2904913,46,3010
chr11,2908242,2910565,25,2323
chr11,2914280,2914346,5,66
chr11,2917398,2917504,5,106
chr11,2921155,2922319,16,1164
chr11,2925670,2925772,5,102
chr11,2928306,2931205,79,2899
chr11,2932872,2933520,11,648
chr11,2960382,2960506,5,124
chr11,2992008,2992651,26,643
chr11,3019183,3019895,11,712
chr11,3027734,3028469,8,735
chr11,3045465,3045558,6,93
chr11,3052954,3055604,10,2650
chr11,3056703,3057567,33,864
chr11,3076451,3078503,12,2052
chr11,3101067,3102022,18,955
chr11,3105768,3107353,22,1585
chr11,3122041,3122587,8,546
chr11,3125729,3127245,17,1516
chr11,3143882,3146554,14,2672
chr11,3148019,3148591,5,572
chr11,3151493,3156222,41,4729
chr11,3161580,3161630,5,50
chr11,3163049,3165495,69,2446
chr11,3168400,3169916,23,1516
chr11,3170950,3172152,8,1202
chr11,3192989,3195681,15,2692
chr11,3198347,3199275,9,928
chr11,3201215,3201499,8,284
chr11,3203157,3204954,15,1797
chr11,3215529,3217631,12,2102
chr11,3218741,3219294,5,553
chr11,3220499,3222084,18,1585
chr11,3224542,3225346,9,804
chr11,3227518,3228272,10,754
chr11,3231795,3233141,17,1346
chr11,3357525,3357851,5,326
chr11,3378830,3379380,27,550
chr11,3387404,3387524,9,120
chr11,3392447,3392578,5,131
chr11,3413834,3413926,8,92
chr11,3421646,3423097,15,1451
chr11,3513343,3513573,6,230
chr11,3527850,3528029,5,179
chr11,3580625,3581112,23,487
chr11,3591338,3591438,7,100
chr11,3637222,3637438,8,216
chr11,3641539,3643431,28,1892
chr11,3660020,3660078,7,58
chr11,3756894,3757062,8,168
chr11,3787331,3787715,6,384
chr11,3792035,3792133,7,98
chr11,3797218,3797339,13,121
chr11,3800672,3801869,6,1197
chr11,3808067,3808890,33,823
chr11,3840384,3841067,18,683
chr11,3855197,3856047,41,850
chr11,4094517,4095086,15,569
chr11,4106672,4106986,5,314
chr11,4187192,4187823,42,631
chr11,4212157,4212251,12,94
chr11,4393360,4394073,6,713
chr11,4495827,4497416,5,1589
chr11,4607902,4608267,21,365
chr11,4676975,4677073,5,98
chr11,4801687,4801857,5,170
chr11,5508843,5508917,5,74
chr11,5589907,5589937,6,30
chr11,5595663,5595891,8,228
chr11,5615781,5616043,13,262
chr11,5683013,5683064,7,51
chr11,5759434,5759691,7,257
chr11,5870285,5870390,6,105
chr11,5928493,5928787,12,294
chr11,5930203,5931768,23,1565
chr11,5937941,5938360,10,419
chr11,5994823,5995105,8,282
chr11,6211702,6211801,5,99
chr11,6234539,6235658,56,1119
chr11,6246777,6247000,9,223
chr11,6258956,6259950,17,994
chr11,6319216,6319508,24,292
chr11,6390117,6390771,28,654
chr11,6411736,6411820,5,84
chr11,6418634,6420151,42,1517
chr11,6456467,6456931,11,464
chr11,6473891,6474323,15,432
chr11,6475773,6475848,5,75
chr11,6481163,6481507,37,344
chr11,6497255,6497347,7,92
chr11,6499625,6499660,5,35
chr11,6570697,6571796,12,1099
chr11,6603599,6604260,26,661
chr11,6611793,6612252,39,459
chr11,6630016,6630847,29,831
chr11,6640727,6640910,7,183
chr11,6655417,6655761,42,344
chr11,6682885,6683811,11,926
chr11,6926310,6926470,6,160
chr11,7019961,7020325,14,364
chr11,7088940,7090162,45,1222
chr11,7251694,7252973,88,1279
chr11,7513552,7514259,52,707
chr11,7656656,7656898,7,242
chr11,7673520,7674234,47,714
chr11,7694736,7694768,5,32
chr11,7987162,7988216,16,1054
chr11,8018659,8019973,79,1314
chr11,8033308,8033387,5,79
chr11,8052626,8053702,8,1076
chr11,8080298,8081503,32,1205
chr11,8262730,8264169,46,1439
chr11,8268073,8269661,70,1588
chr11,8283662,8283898,14,236
chr11,8311439,8311583,5,144
chr11,8315282,8316060,14,778
chr11,8329070,8329475,5,405
chr11,8354847,8355024,5,177
chr11,8368500,8369000,9,500
chr11,8523479,8523693,9,214
chr11,8593857,8594261,11,404
chr11,8682728,8683985,33,1257
chr11,8701133,8702286,5,1153
chr11,8729932,8730796,27,864
chr11,8810461,8810692,10,231
chr11,8870687,8871531,29,844
chr11,8911155,8911723,21,568
chr11,8937257,8937998,9,741
chr11,8951682,8951731,5,49
chr11,8963914,8965721,46,1807
chr11,9003696,9004629,52,933
chr11,9090627,9091501,34,874
chr11,9255789,9255998,5,209
chr11,9263381,9263531,10,150
chr11,9264881,9265608,47,727
chr11,9270209,9270658,9,449
chr11,9279491,9279745,13,254
chr11,9314308,9315521,24,1213
chr11,9325210,9325310,6,100
chr11,9335268,9335511,10,243
chr11,9338923,9340166,7,1243
chr11,9363335,9364560,21,1225
chr11,9384562,9385250,50,688
chr11,9400476,9400513,6,37
chr11,9404325,9404553,5,228
chr11,9456631,9456736,8,105
chr11,9460284,9462711,48,2427
chr11,9466621,9467382,6,761
chr11,9484898,9484958,5,60
chr11,9511503,9511844,5,341
chr11,9546262,9546516,5,254
chr11,9572233,9574781,136,2548
chr11,9583237,9583336,6,99
chr11,9601985,9602351,5,366
chr11,9613437,9614424,33,987
chr11,9664321,9665182,20,861
chr11,9758315,9759318,38,1003
chr11,9868442,9868892,5,450
chr11,9980073,9980735,5,662
chr11,10292453,10292551,6,98
chr11,10293733,10294274,33,541
chr11,10303206,10308422,117,5216
chr11,10351696,10352565,5,869
chr11,10450552,10451181,59,629
chr11,10482133,10482193,9,60
chr11,10487254,10487400,8,146
chr11,10497302,10497477,5,175
chr11,10501092,10501498,6,406
chr11,10540641,10541464,28,823
chr11,10603124,10603185,6,61
chr11,10652072,10652345,9,273
chr11,10674838,10675022,7,184
chr11,10750490,10751443,30,953
chr11,10807587,10809893,72,2306
chr11,10857392,10858858,20,1466
chr11,10931074,10931763,49,689
chr11,10933956,10934454,10,498
chr11,10980485,10980937,8,452
chr11,11001432,11002459,6,1027
chr11,11115022,11115272,6,250
chr11,11156127,11156865,10,738
chr11,11293010,11293385,6,375
chr11,11404492,11404876,5,384
chr11,11461605,11462855,7,1250
chr11,11553932,11554721,5,789
chr11,11620418,11622614,101,2196
chr11,11759475,11759544,5,69
chr11,11841680,11842538,17,858
chr11,11860028,11860242,7,214
chr11,11979418,11980197,7,779
chr11,12008731,12009430,43,699
chr11,12109967,12111459,45,1492
chr11,12167021,12167449,6,428
chr11,12240650,12241068,7,418
chr11,12242400,12243015,5,615
chr11,12317716,12318131,5,415
chr11,12352490,12353141,5,651
chr11,12377239,12378084,56,845
chr11,12616782,12616893,7,111
chr11,12670695,12670813,5,118
chr11,12673658,12675094,97,1436
chr11,12814893,12815093,6,200
chr11,12824782,12825260,5,478
chr11,12835517,12836186,6,669
chr11,12869922,12870714,9,792
chr11,13009326,13011259,60,1933
chr11,13277215,13279456,114,2241
chr11,13462844,13463653,28,809
chr11,13667864,13669404,97,1540
chr11,13962237,13964763,71,2526
chr11,14091610,14091681,8,71
chr11,14255683,14255825,5,142
chr11,14259382,14259440,7,58
chr11,14343758,14344015,8,257
chr11,14358047,14361159,81,3112
chr11,14380955,14381430,16,475
chr11,14499486,14499610,5,124
chr11,14520080,14521680,17,1600
chr11,14590803,14591082,6,279
chr11,14643543,14644943,58,1400
chr11,14890749,14892058,33,1309
chr11,14905081,14906677,39,1596
chr11,14973124,14974382,43,1258
chr11,15072006,15072237,11,231
chr11,15073989,15074187,17,198
chr11,15235310,15235478,5,168
chr11,15448266,15448634,6,368
chr11,15560944,15561343,16,399
chr11,15650290,15651300,18,1010
chr11,15654243,15654626,5,383
chr11,15922122,15922257,5,135
chr11,15941337,15941632,24,295
chr11,16214882,16215226,6,344
chr11,16449391,16449453,6,62
chr11,16604161,16607569,102,3408
chr11,16610535,16611297,15,762
chr11,16613237,16614395,22,1158
chr11,16738610,16739952,14,1342
chr11,16791051,16791659,9,608
chr11,16815266,16815368,5,102
chr11,16817068,16817119,5,51
chr11,16826396,16826508,5,112
chr11,16924877,16925729,37,852
chr11,17013097,17014994,69,1897
chr11,17077417,17079045,40,1628
chr11,17082531,17082805,6,274
chr11,17207337,17208285,33,948
chr11,17276425,17276997,54,572
chr11,17351577,17353812,59,2235
chr11,17387943,17390165,62,2222
chr11,17475934,17477043,63,1109
chr11,17544086,17544840,28,754
chr11,17589172,17589257,5,85
chr11,17591520,17591598,6,78
chr11,17603858,17604307,5,449
chr11,17695721,17696219,28,498
chr11,17719327,17722833,57,3506
chr11,17734420,17736735,139,2315
chr11,17776255,17776411,7,156
chr11,17779604,17779679,6,75
chr11,17883982,17884211,10,229
chr11,18012431,18013868,50,1437
chr11,18046170,18046269,14,99
chr11,18105754,18107055,18,1301
chr11,18190508,18190555,5,47
chr11,18209095,18209377,24,282
chr11,18275367,18276484,6,1117
chr11,18310628,18310895,5,267
chr11,18317118,18317348,5,230
chr11,18322037,18322552,25,515
chr11,18388025,18388057,5,32
chr11,18393552,18396321,73,2769
chr11,18453856,18455987,15,2131
chr11,18526677,18527162,22,485
chr11,18583722,18584793,5,1071
chr11,18587727,18589010,27,1283
chr11,18633984,18634913,22,929
chr11,18649869,18650051,5,182
chr11,18668912,18668962,5,50
chr11,18698450,18699200,52,750
chr11,18705774,18706590,7,816
chr11,18721115,18721984,31,869
chr11,18732625,18733594,6,969
chr11,18775834,18776157,6,323
chr11,18781372,18781412,6,40
chr11,18790968,18792759,56,1791
chr11,19071255,19071712,7,457
chr11,19117092,19117649,23,557
chr11,19131049,19131111,6,62
chr11,19240515,19242714,123,2199
chr11,19344926,19347073,75,2147
chr11,19564504,19564817,7,313
chr11,19712183,19714542,92,2359
chr11,19776867,19778116,58,1249
chr11,19871563,19871741,5,178
chr11,19933207,19934012,14,805
chr11,20115556,20115661,6,105
chr11,20118277,20118405,5,128
chr11,20156243,20157443,56,1200
chr11,20158767,20159132,11,365
chr11,20160222,20161635,35,1413
chr11,20162641,20163816,10,1175
chr11,20207713,20209229,11,1516
chr11,20213195,20213427,5,232
chr11,20274032,20274479,5,447
chr11,20276481,20277039,6,558
chr11,20363817,20364391,31,574
chr11,20387556,20388877,56,1321
chr11,20596372,20597853,31,1481
chr11,20599368,20599915,9,547
chr11,20601175,20601766,33,591
chr11,20604516,20605942,34,1426
chr11,20650626,20651065,9,439
chr11,20668595,20670592,50,1997
chr11,20884302,20884607,5,305
chr11,21752461,21752530,7,69
chr11,21811016,21811799,7,783
chr11,22001172,22001268,6,96
chr11,22192538,22193795,73,1257
chr11,22338164,22338260,6,96
chr11,22343269,22343669,15,400
chr11,22432606,22432896,11,290
chr11,22625039,22626053,37,1014
chr11,22666962,22667169,5,207
chr11,22789622,22790140,12,518
chr11,22835469,22835900,11,431
chr11,23264796,23265008,6,212
chr11,23400158,23400393,14,235
chr11,23403525,23404951,22,1426
chr11,23680647,23680845,6,198
chr11,23730536,23731593,21,1057
chr11,24175683,24175844,5,161
chr11,24274523,24274600,6,77
chr11,24416301,24416382,7,81
chr11,24496909,24497230,29,321
chr11,25350841,25351859,6,1018
chr11,26149381,26149745,11,364
chr11,26266536,26266803,7,267
chr11,26332071,26332253,20,182
chr11,26597048,26597157,6,109
chr11,26689254,26689322,5,68
chr11,26977385,26977651,13,266
chr11,27179986,27180224,5,238
chr11,27363146,27363362,18,216
chr11,27433305,27433377,5,72
chr11,27471354,27472805,85,1451
chr11,27505197,27505256,5,59
chr11,27506378,27506969,19,591
chr11,27699130,27701581,83,2451
chr11,27718932,27720907,28,1975
chr11,27721929,27722616,22,687
chr11,27798982,27799133,5,151
chr11,28110425,28110489,5,64
chr11,28511537,28512558,5,1021
chr11,28607105,28607182,5,77
chr11,28756133,28756265,7,132
chr11,28890762,28890863,7,101
chr11,30016206,30017624,41,1418
chr11,30018940,30019399,7,459
chr11,30178530,30178882,12,352
chr11,30323010,30323638,30,628
chr11,30584031,30586547,139,2516
chr11,30623798,30623916,5,118
chr11,30791002,30791225,5,223
chr11,31014978,31015107,6,129
chr11,31369637,31370004,23,367
chr11,31798100,31800978,26,2878
chr11,31802666,31802811,15,145
chr11,31804208,31806273,51,2065
chr11,31808787,31823633,252,14846
chr11,31825297,31827260,82,1963
chr11,31987550,31987574,5,24
chr11,32090749,32092573,27,1824
chr11,32333318,32333980,31,662
chr11,32365591,32365772,7,181
chr11,32426679,32428005,45,1326
chr11,32430095,32431708,40,1613
chr11,32433373,32436456,96,3083
chr11,32437566,32439304,28,1738
chr11,32467260,32467367,6,107
chr11,32514524,32514921,8,397
chr11,32537722,32537772,7,50
chr11,32542711,32542778,5,67
chr11,32545511,32545571,5,60
chr11,32583791,32584502,29,711
chr11,32606937,32607185,5,248
chr11,32730890,32730987,5,97
chr11,32829777,32830140,26,363
chr11,32892452,32894141,75,1689
chr11,33015650,33016337,38,687
chr11,33039671,33039893,29,222
chr11,33161538,33162624,15,1086
chr11,33219089,33219938,7,849
chr11,33256985,33258569,73,1584
chr11,33268018,33268142,5,124
chr11,33282985,33283416,9,431
chr11,33375029,33376971,65,1942
chr11,33407274,33407434,5,160
chr11,33439601,33440190,5,589
chr11,33597363,33597622,5,259
chr11,33656075,33656189,5,114
chr11,33699046,33700872,25,1826
chr11,33735528,33736611,52,1083
chr11,33773690,33774750,35,1060
chr11,33800639,33801008,6,369
chr11,33819173,33819460,5,287
chr11,33828945,33829159,14,214
chr11,33860620,33860953,7,333
chr11,33868767,33870626,120,1859
chr11,33893083,33893269,5,186
chr11,33906742,33907834,10,1092
chr11,34017757,34017819,5,62
chr11,34051633,34053201,71,1568
chr11,34105692,34107259,14,1567
chr11,34174249,34174869,8,620
chr11,34221032,34221131,6,99
chr11,34356821,34359051,68,2230
chr11,34365214,34366712,10,1498
chr11,34439026,34439242,19,216
chr11,34915782,34916946,32,1164
chr11,35139235,35139727,31,492
chr11,35306054,35306201,8,147
chr11,35385890,35385994,5,104
chr11,35418552,35420584,97,2032
chr11,35494426,35494628,14,202
chr11,35525494,35525811,6,317
chr11,35553400,35553541,8,141
chr11,35618105,35620040,121,1935
chr11,35662427,35663191,51,764
chr11,35861401,35861468,7,67
chr11,35943454,35944891,71,1437
chr11,36279054,36279549,6,495
chr11,36376024,36378027,89,2003
chr11,36454730,36455874,15,1144
chr11,36459979,36460325,5,346
chr11,36508890,36511008,28,2118
chr11,36594701,36594834,6,133
chr11,36801905,36801965,6,60
chr11,36939137,36939238,8,101
chr11,37606117,37607249,5,1132
chr11,37907700,37907980,5,280
chr11,38071989,38072122,7,133
chr11,38278565,38279097,10,532
chr11,38295567,38296454,8,887
chr11,38337142,38337204,6,62
chr11,38508375,38508674,5,299
chr11,38697159,38697244,5,85
chr11,38967398,38967542,5,144
chr11,39046381,39046586,5,205
chr11,39161615,39162086,29,471
chr11,39203881,39204413,5,532
chr11,39223356,39223520,5,164
chr11,39292011,39292581,7,570
chr11,39370554,39370884,7,330
chr11,39468147,39468251,6,104
chr11,39638812,39639061,12,249
chr11,39997687,39997736,5,49
chr11,40293029,40293436,12,407
chr11,40294550,40294719,11,169
chr11,41308916,41309091,7,175
chr11,41622896,41622992,9,96
chr11,42131631,42131753,5,122
chr11,42344498,42345063,10,565
chr11,42349549,42349748,5,199
chr11,42435214,42435249,5,35
chr11,42873391,42874017,11,626
chr11,43107927,43108119,9,192
chr11,43251831,43252267,9,436
chr11,43312120,43312963,25,843
chr11,43359032,43359158,11,126
chr11,43502664,43504587,10,1923
chr11,43521656,43522400,6,744
chr11,43546873,43547837,31,964
chr11,43575316,43575392,6,76
chr11,43576682,43577640,9,958
chr11,43579396,43579836,25,440
chr11,43581044,43584204,45,3160
chr11,43616828,43617011,6,183
chr11,43679883,43680967,43,1084
chr11,43880539,43881014,22,475
chr11,43933710,43935893,8,2183
chr11,43942000,43945581,81,3581
chr11,44001154,44002849,10,1695
chr11,44066191,44066254,11,63
chr11,44095654,44096589,40,935
chr11,44107740,44108183,13,443
chr11,44265109,44266144,8,1035
chr11,44275478,44276477,5,999
chr11,44302029,44304895,77,2866
chr11,44305974,44307286,12,1312
chr11,44308525,44310578,61,2053
chr11,44316080,44317345,54,1265
chr11,44318878,44319984,17,1106
chr11,44401230,44402480,11,1250
chr11,44418257,44418509,6,252
chr11,44457063,44457288,6,225
chr11,44499611,44499716,8,105
chr11,44520090,44520749,24,659
chr11,44525830,44526591,6,761
chr11,44565238,44566284,39,1046
chr11,44596834,44597174,6,340
chr11,44620992,44621513,13,521
chr11,44632908,44634001,7,1093
chr11,44665752,44666439,5,687
chr11,44726524,44727720,57,1196
chr11,44853804,44854009,7,205
chr11,44885443,44885779,5,336
chr11,44923431,44923598,5,167
chr11,44935981,44936715,7,734
chr11,44939248,44941295,24,2047
chr11,44949358,44951240,94,1882
chr11,45080342,45081049,6,707
chr11,45145907,45147633,82,1726
chr11,45158933,45159084,5,151
chr11,45161337,45161928,12,591
chr11,45163119,45164298,5,1179
chr11,45180374,45181298,64,924
chr11,45210515,45210813,5,298
chr11,45212563,45212862,12,299
chr11,45219505,45219643,9,138
chr11,45226384,45227695,17,1311
chr11,45286223,45286687,10,464
chr11,45355461,45355660,12,199
chr11,45371403,45371675,8,272
chr11,45411679,45412612,6,933
chr11,45445184,45445633,9,449
chr11,45604078,45604401,8,323
chr11,45650095,45650479,10,384
chr11,45655594,45655757,6,163
chr11,45658698,45658933,12,235
chr11,45664271,45665903,84,1632
chr11,45745149,45745224,5,75
chr11,45756512,45756647,7,135
chr11,45771437,45772042,10,605
chr11,45788734,45788838,5,104
chr11,45803967,45804881,40,914
chr11,45815058,45815176,8,118
chr11,45847200,45847823,32,623
chr11,45869752,45869808,5,56
chr11,45885456,45886427,44,971
chr11,45896672,45896946,6,274
chr11,45899817,45900633,31,816
chr11,45907236,45907303,6,67
chr11,45909015,45910243,9,1228
chr11,45913693,45913876,8,183
chr11,45917450,45918804,52,1354
chr11,45921671,45923942,118,2271
chr11,45933935,45935146,10,1211
chr11,45962841,45963344,6,503
chr11,46119348,46120407,28,1059
chr11,46121449,46122841,88,1392
chr11,46142784,46143288,7,504
chr11,46237330,46239315,75,1985
chr11,46243267,46243654,14,387
chr11,46277162,46278291,42,1129
chr11,46294732,46296012,43,1280
chr11,46303750,46304395,9,645
chr11,46332742,46333404,58,662
chr11,46347427,46348153,61,726
chr11,46352133,46352392,13,259
chr11,46363763,46363896,5,133
chr11,46366181,46366356,8,175
chr11,46367699,46367888,11,189
chr11,46378828,46382416,94,3588
chr11,46389288,46393076,199,3788
chr11,46539992,46540127,5,135
chr11,46542503,46542961,5,458
chr11,46548268,46548349,6,81
chr11,46592633,46596236,41,3603
chr11,46616179,46618178,24,1999
chr11,46678684,46682066,21,3382
chr11,46699627,46701580,61,1953
chr11,46705264,46705422,13,158
chr11,46710385,46710892,10,507
chr11,46723175,46723821,5,646
chr11,46737332,46738066,7,734
chr11,46748524,46748661,5,137
chr11,46826649,46826898,22,249
chr11,46845871,46846458,11,587
chr11,46876447,46876562,6,115
chr11,46895913,46896893,6,980
chr11,46916620,46919115,80,2495
chr11,46936665,46937967,22,1302
chr11,46996404,46996464,5,60
chr11,47163941,47164844,9,903
chr11,47169632,47170095,7,463
chr11,47176481,47177312,21,831
chr11,47183032,47183128,6,96
chr11,47184940,47187478,72,2538
chr11,47194299,47194657,7,358
chr11,47214627,47215371,16,744
chr11,47248712,47248854,11,142
chr11,47261364,47262607,20,1243
chr11,47268609,47270211,20,1602
chr11,47313817,47313916,7,99
chr11,47324134,47324316,5,182
chr11,47328575,47329633,13,1058
chr11,47335064,47335131,5,67
chr11,47343194,47343314,5,120
chr11,47345607,47346051,5,444
chr11,47349554,47349762,6,208
chr11,47355579,47355629,6,50
chr11,47358871,47359459,11,588
chr11,47374180,47375190,9,1010
chr11,47377215,47378359,6,1144
chr11,47384805,47385646,8,841
chr11,47388711,47389454,8,743
chr11,47394452,47395852,25,1400
chr11,47400099,47400453,22,354
chr11,47408098,47409336,48,1238
chr11,47415577,47416272,10,695
chr11,47423260,47423471,8,211
chr11,47426101,47427378,35,1277
chr11,47438024,47438415,6,391
chr11,47445155,47445464,8,309
chr11,47452704,47452777,5,73
chr11,47456700,47456953,9,253
chr11,47484055,47485806,19,1751
chr11,47506351,47506528,7,177
chr11,47547593,47547625,5,32
chr11,47552306,47553152,26,846
chr11,47565229,47566407,69,1178
chr11,47577749,47579166,10,1417
chr11,47588281,47591687,66,3406
chr11,47593801,47595090,20,1289
chr11,47605132,47605217,6,85
chr11,47608889,47609312,7,423
chr11,47642712,47642778,6,66
chr11,47673549,47674827,11,1278
chr11,47715214,47715460,16,246
chr11,47763320,47763586,5,266
chr11,47766068,47768080,67,2012
chr11,47770984,47771443,5,459
chr11,47824466,47824534,5,68
chr11,47848382,47849598,29,1216
chr11,47910143,47910900,5,757
chr11,47929851,47930403,6,552
chr11,47931405,47931695,7,290
chr11,47969107,47969393,6,286
chr11,47972380,47972967,6,587
chr11,47978701,47981602,124,2901
chr11,47993883,47994078,6,195
chr11,48071417,48071998,6,581
chr11,48080295,48081549,13,1254
chr11,48110275,48110367,5,92
chr11,48434926,48435020,7,94
chr11,48900208,48900590,23,382
chr11,49048222,49048453,9,231
chr11,49208657,49209225,6,568
chr11,49433549,49434635,19,1086
chr11,49662520,49662588,5,68
chr11,49817836,49818015,7,179
chr11,49850453,49850517,5,64
chr11,49852232,49852298,11,66
chr11,49891808,49892184,23,376
chr11,49976288,49976333,5,45
chr11,50170453,50170664,9,211
chr11,50184521,50184603,5,82
chr11,50221759,50222052,6,293
chr11,50246655,50247693,6,1038
chr11,50262392,50263043,9,651
chr11,50267877,50268305,11,428
chr11,50297608,50299186,20,1578
chr11,55274383,55274530,6,147
chr11,55872784,55872984,18,200
chr11,55874626,55874705,5,79
chr11,55884638,55886227,6,1589
chr11,55994187,55994254,5,67
chr11,56015519,56015642,7,123
chr11,56152376,56152560,7,184
chr11,56163184,56163220,5,36
chr11,56173273,56173561,6,288
chr11,56331874,56332365,20,491
chr11,56497194,56497509,7,315
chr11,56746217,56746532,6,315
chr11,57181545,57182656,6,1111
chr11,57236293,57236832,14,539
chr11,57309050,57310243,10,1193
chr11,57311298,57311686,13,388
chr11,57324141,57325812,84,1671
chr11,57330234,57330338,8,104
chr11,57335422,57336017,28,595
chr11,57349681,57350846,10,1165
chr11,57368485,57368620,5,135
chr11,57380324,57380513,6,189
chr11,57425272,57425574,7,302
chr11,57427077,57427176,13,99
chr11,57457813,57461233,79,3420
chr11,57467873,57467949,7,76
chr11,57476299,57477046,50,747
chr11,57482111,57483323,64,1212
chr11,57499592,57500043,14,451
chr11,57514088,57515831,63,1743
chr11,57530441,57530869,12,428
chr11,57532498,57533382,7,884
chr11,57540688,57541513,7,825
chr11,57567716,57568937,52,1221
chr11,57584181,57584552,8,371
chr11,57598056,57598176,5,120
chr11,57638531,57640257,14,1726
chr11,57653934,57654302,9,368
chr11,57655911,57657767,35,1856
chr11,57663976,57664071,5,95
chr11,57666058,57668631,89,2573
chr11,57711195,57712586,33,1391
chr11,57734641,57735311,7,670
chr11,57741506,57741909,21,403
chr11,57753229,57754095,15,866
chr11,57759297,57759492,7,195
chr11,57783583,57783615,5,32
chr11,57790620,57791607,11,987
chr11,57857843,57857974,5,131
chr11,58000124,58000273,5,149
chr11,58066181,58067331,14,1150
chr11,58529534,58529836,5,302
chr11,58577979,58579557,46,1578
chr11,58609907,58609973,6,66
chr11,58661742,58661968,6,226
chr11,58674657,58674831,8,174
chr11,58905575,58905707,6,132
chr11,58959037,58959228,5,191
chr11,58963957,58964028,5,71
chr11,59058158,59058784,11,626
chr11,59063208,59063784,6,576
chr11,59102468,59102581,9,113
chr11,59106913,59107012,12,99
chr11,59136065,59136118,6,53
chr11,59142874,59142930,6,56
chr11,59171574,59173960,77,2386
chr11,59199688,59199751,6,63
chr11,59468411,59468501,6,90
chr11,59536348,59537687,18,1339
chr11,59542900,59543201,6,301
chr11,59550012,59550789,21,777
chr11,59552309,59552412,7,103
chr11,59553470,59554013,8,543
chr11,59555872,59556477,14,605
chr11,59557507,59557731,10,224
chr11,59559422,59560547,11,1125
chr11,59564933,59566383,16,1450
chr11,59573092,59573203,5,111
chr11,59615237,59616355,50,1118
chr11,59624837,59625006,6,169
chr11,59668298,59669627,41,1329
chr11,59670696,59670756,6,60
chr11,59753873,59756093,61,2220
chr11,59809969,59811041,39,1072
chr11,59833441,59833599,5,158
chr11,60020500,60020568,7,68
chr11,60077773,60077920,9,147
chr11,60099561,60100360,7,799
chr11,60217966,60218123,5,157
chr11,60368096,60368187,7,91
chr11,60375961,60376431,6,470
chr11,60748399,60748901,12,502
chr11,60769434,60769794,7,360
chr11,60774904,60776074,11,1170
chr11,60784334,60785362,9,1028
chr11,60804529,60804908,6,379
chr11,60841769,60842708,33,939
chr11,60852132,60853214,57,1082
chr11,60861579,60861655,5,76
chr11,60906130,60906606,18,476
chr11,60914140,60915114,17,974
chr11,60922021,60922145,5,124
chr11,60924411,60925019,48,608
chr11,60927386,60927743,7,357
chr11,60933343,60933587,6,244
chr11,60934992,60935164,7,172
chr11,60937144,60937900,7,756
chr11,60950925,60952892,33,1967
chr11,60980334,60982068,17,1734
chr11,61007529,61009064,23,1535
chr11,61036835,61036924,5,89
chr11,61056727,61057161,5,434
chr11,61082474,61083633,6,1159
chr11,61120032,61120283,7,251
chr11,61121754,61121817,5,63
chr11,61131499,61132442,10,943
chr11,61161230,61161728,39,498
chr11,61193880,61194019,5,139
chr11,61203444,61203542,5,98
chr11,61263805,61264423,7,618
chr11,61281190,61281683,5,493
chr11,61293791,61295710,81,1919
chr11,61317406,61317599,5,193
chr11,61331846,61333801,27,1955
chr11,61339021,61339303,8,282
chr11,61344236,61344456,7,220
chr11,61351022,61351332,6,310
chr11,61361718,61362774,41,1056
chr11,61385712,61385811,5,99
chr11,61391252,61393197,51,1945
chr11,61428849,61430344,48,1495
chr11,61466729,61466870,5,141
chr11,61477279,61477913,13,634
chr11,61507489,61509802,86,2313
chr11,61523792,61525658,12,1866
chr11,61529971,61530260,7,289
chr11,61535151,61535780,7,629
chr11,61546111,61546338,10,227
chr11,61550059,61551641,11,1582
chr11,61555215,61555680,25,465
chr11,61567681,61567797,16,116
chr11,61576047,61577351,6,1304
chr11,61580384,61581901,100,1517
chr11,61587912,61589573,16,1661
chr11,61626856,61627064,5,208
chr11,61638900,61639099,6,199
chr11,61660567,61660873,5,306
chr11,61680141,61680499,26,358
chr11,61682107,61682426,5,319
chr11,61688239,61688866,9,627
chr11,61695248,61696587,7,1339
chr11,61718748,61718957,11,209
chr11,61728218,61729535,7,1317
chr11,61743653,61744453,14,800
chr11,61752380,61753193,53,813
chr11,61755382,61756211,5,829
chr11,61766101,61766167,6,66
chr11,61769705,61769864,5,159
chr11,61773415,61773910,5,495
chr11,61777373,61779858,34,2485
chr11,61790717,61790994,7,277
chr11,61792471,61793096,28,625
chr11,61815153,61817288,63,2135
chr11,61827493,61829524,83,2031
chr11,61845450,61845867,6,417
chr11,61890678,61892546,78,1868
chr11,61895237,61895475,5,238
chr11,61899127,61900017,15,890
chr11,61907205,61908377,9,1172
chr11,61917136,61917703,33,567
chr11,61955194,61956998,29,1804
chr11,61967203,61968585,29,1382
chr11,61973829,61974657,6,828
chr11,62002685,62003617,9,932
chr11,62006335,62006680,6,345
chr11,62074587,62074941,6,354
chr11,62112454,62112986,20,532
chr11,62123759,62124809,47,1050
chr11,62135007,62135425,7,418
chr11,62185345,62185578,5,233
chr11,62311032,62312012,14,980
chr11,62337332,62338082,45,750
chr11,62371239,62372048,11,809
chr11,62373624,62373670,5,46
chr11,62378641,62379153,7,512
chr11,62397620,62399383,8,1763
chr11,62424870,62426538,13,1668
chr11,62443227,62444824,22,1597
chr11,62454031,62454195,5,164
chr11,62467553,62467609,6,56
chr11,62477726,62477983,5,257
chr11,62479938,62480575,9,637
chr11,62505767,62506806,13,1039
chr11,62536076,62538290,21,2214
chr11,62542985,62547436,111,4451
chr11,62573095,62574556,33,1461
chr11,62575974,62576034,5,60
chr11,62578583,62578851,7,268
chr11,62590386,62590529,8,143
chr11,62591532,62592146,19,614
chr11,62601073,62603242,130,2169
chr11,62606112,62606151,5,39
chr11,62610203,62612974,83,2771
chr11,62615955,62617003,19,1048
chr11,62621485,62622123,32,638
chr11,62630414,62630804,8,390
chr11,62646161,62647268,40,1107
chr11,62648722,62649922,7,1200
chr11,62652795,62653720,42,925
chr11,62664626,62665818,57,1192
chr11,62670503,62672590,34,2087
chr11,62678376,62680460,17,2084
chr11,62686968,62688364,22,1396
chr11,62697011,62697499,5,488
chr11,62706121,62706483,24,362
chr11,62726595,62729531,75,2936
chr11,62736416,62736625,6,209
chr11,62744836,62744929,5,93
chr11,62757021,62757070,5,49
chr11,62759885,62760139,6,254
chr11,62761323,62761718,14,395
chr11,62770401,62771669,36,1268
chr11,62775727,62776464,9,737
chr11,62786598,62788357,60,1759
chr11,62790633,62791952,12,1319
chr11,62803175,62804024,7,849
chr11,62805205,62805622,34,417
chr11,62831500,62832808,36,1308
chr11,62838269,62842963,81,4694
chr11,62848936,62849634,5,698
chr11,62855898,62856916,22,1018
chr11,62859538,62859617,5,79
chr11,62864527,62864837,5,310
chr11,62880514,62882943,51,2429
chr11,62906139,62906523,8,384
chr11,62908770,62910463,16,1693
chr11,62924343,62927299,61,2956
chr11,62940389,62940552,5,163
chr11,62981128,62981346,5,218
chr11,63020832,63020931,7,99
chr11,63023952,63024338,7,386
chr11,63490278,63491331,29,1053
chr11,63613574,63614559,12,985
chr11,63664496,63664732,8,236
chr11,63670909,63671699,35,790
chr11,63681590,63682358,12,768
chr11,63724373,63724584,5,211
chr11,63755575,63755875,6,300
chr11,63761951,63766184,126,4233
chr11,63767733,63769784,98,2051
chr11,63812821,63814342,74,1521
chr11,63819148,63819371,7,223
chr11,63838731,63840001,61,1270
chr11,63841080,63842457,6,1377
chr11,63856620,63856956,7,336
chr11,63869433,63869938,7,505
chr11,63872053,63873032,5,979
chr11,63909916,63910853,5,937
chr11,63912873,63914078,7,1205
chr11,63915547,63918418,108,2871
chr11,63919476,63920994,21,1518
chr11,63938200,63940199,60,1999
chr11,63972184,63973161,6,977
chr11,63974190,63975729,36,1539
chr11,63986152,63986954,16,802
chr11,63998034,64001327,105,3293
chr11,64006062,64008304,51,2242
chr11,64013449,64014256,5,807
chr11,64015423,64015864,14,441
chr11,64018003,64019725,12,1722
chr11,64025812,64026009,6,197
chr11,64034588,64037417,55,2829
chr11,64039410,64041404,14,1994
chr11,64049920,64050108,6,188
chr11,64051575,64051676,8,101
chr11,64056543,64056721,6,178
chr11,64059915,64061486,36,1571
chr11,64071968,64072056,9,88
chr11,64081822,64082312,10,490
chr11,64083591,64083705,7,114
chr11,64085402,64086307,6,905
chr11,64089112,64089294,6,182
chr11,64090428,64090569,5,141
chr11,64105135,64105197,7,62
chr11,64119931,64120032,6,101
chr11,64126549,64127518,20,969
chr11,64131815,64132221,5,406
chr11,64133478,64135310,14,1832
chr11,64138189,64139281,6,1092
chr11,64152807,64153333,14,526
chr11,64164758,64167213,81,2455
chr11,64180838,64180983,5,145
chr11,64185304,64186676,85,1372
chr11,64192817,64192945,5,128
chr11,64199431,64199656,9,225
chr11,64205432,64205538,6,106
chr11,64206922,64211295,30,4373
chr11,64222489,64222666,5,177
chr11,64224445,64226403,29,1958
chr11,64229928,64230885,34,957
chr11,64233973,64236266,60,2293
chr11,64240702,64242406,80,1704
chr11,64246691,64247599,39,908
chr11,64250968,64253208,73,2240
chr11,64254910,64255585,9,675
chr11,64267438,64271782,95,4344
chr11,64281717,64282957,9,1240
chr11,64284154,64286500,74,2346
chr11,64288660,64288797,6,137
chr11,64291078,64294245,89,3167
chr11,64297154,64297640,11,486
chr11,64299014,64301819,39,2805
chr11,64304637,64306626,55,1989
chr11,64312157,64312564,6,407
chr11,64313921,64314402,8,481
chr11,64316972,64318904,45,1932
chr11,64340147,64344268,46,4121
chr11,64352132,64352349,8,217
chr11,64355220,64355296,6,76
chr11,64358868,64359487,30,619
chr11,64369215,64369782,21,567
chr11,64370960,64371292,13,332
chr11,64372402,64373603,6,1201
chr11,64396120,64396499,9,379
chr11,64399809,64400167,6,358
chr11,64409521,64409916,18,395
chr11,64448837,64449576,23,739
chr11,64496794,64497424,6,630
chr11,64500797,64500963,5,166
chr11,64543022,64543078,5,56
chr11,64553512,64553959,5,447
chr11,64554970,64555889,11,919
chr11,64557067,64559409,11,2342
chr11,64563478,64564258,5,780
chr11,64565894,64565973,5,79
chr11,64568045,64568237,9,192
chr11,64579917,64580270,7,353
chr11,64598898,64598995,6,97
chr11,64606989,64607811,29,822
chr11,64626501,64626729,6,228
chr11,64630331,64630406,11,75
chr11,64638402,64638482,10,80
chr11,64642406,64643491,67,1085
chr11,64660875,64661031,8,156
chr11,64686818,64688660,13,1842
chr11,64710566,64711585,13,1019
chr11,64712760,64714201,53,1441
chr11,64722828,64723761,7,933
chr11,64729905,64730035,7,130
chr11,64732705,64732981,7,276
chr11,64741318,64747570,136,6252
chr11,64749275,64749598,7,323
chr11,64764481,64765523,11,1042
chr11,64777837,64779657,83,1820
chr11,64797766,64797997,11,231
chr11,64799615,64799723,6,108
chr11,64802745,64805665,84,2920
chr11,64810014,64810805,48,791
chr11,64823147,64823630,7,483
chr11,64826995,64827440,5,445
chr11,64829732,64829808,5,76
chr11,64842583,64844836,32,2253
chr11,64853049,64853791,8,742
chr11,64858664,64858993,5,329
chr11,64863866,64865374,12,1508
chr11,64868302,64868411,7,109
chr11,64874457,64874672,8,215
chr11,64876228,64876457,6,229
chr11,64878026,64879313,56,1287
chr11,64887963,64888568,16,605
chr11,64891527,64891658,7,131
chr11,64908945,64911181,14,2236
chr11,64913283,64913661,6,378
chr11,64916234,64918179,23,1945
chr11,64923509,64927043,52,3534
chr11,64955916,64956443,6,527
chr11,64966858,64967236,6,378
chr11,64971016,64971960,23,944
chr11,64984638,64985864,14,1226
chr11,64987371,64987454,6,83
chr11,64990086,64990575,9,489
chr11,65007339,65008216,7,877
chr11,65014059,65014600,41,541
chr11,65027269,65027476,17,207
chr11,65028652,65029248,6,596
chr11,65040770,65043098,44,2328
chr11,65047428,65047744,15,316
chr11,65052319,65052939,6,620
chr11,65075110,65075225,6,115
chr11,65083843,65084256,38,413
chr11,65095346,65097041,50,1695
chr11,65108154,65108714,21,560
chr11,65111237,65113574,77,2337
chr11,65115961,65118354,101,2393
chr11,65121511,65122333,16,822
chr11,65133556,65134497,57,941
chr11,65165944,65166698,14,754
chr11,65170738,65170988,12,250
chr11,65181278,65183574,68,2296
chr11,65204741,65204877,10,136
chr11,65209751,65210027,6,276
chr11,65211549,65211721,7,172
chr11,65225435,65225835,19,400
chr11,65261732,65262704,34,972
chr11,65313541,65315920,75,2379
chr11,65321135,65322129,12,994
chr11,65323150,65323383,5,233
chr11,65333677,65334226,33,549
chr11,65347233,65347458,5,225
chr11,65354658,65356929,56,2271
chr11,65361495,65362108,7,613
chr11,65376522,65377257,9,735
chr11,65378459,65378715,5,256
chr11,65381946,65382365,11,419
chr11,65386531,65387663,35,1132
chr11,65390612,65391133,12,521
chr11,65405029,65405301,13,272
chr11,65416443,65418142,13,1699
chr11,65419206,65420186,9,980
chr11,65421275,65424907,59,3632
chr11,65475897,65477577,27,1680
chr11,65478898,65479014,12,116
chr11,65482929,65483077,7,148
chr11,65497585,65498991,33,1406
chr11,65508056,65508120,5,64
chr11,65520533,65520638,5,105
chr11,65523619,65525523,35,1904
chr11,65533957,65534732,5,775
chr11,65538465,65541496,102,3031
chr11,65546387,65548004,65,1617
chr11,65553580,65554313,21,733
chr11,65557260,65558676,83,1416
chr11,65569454,65570969,41,1515
chr11,65572489,65576437,108,3948
chr11,65580464,65580923,5,459
chr11,65584823,65585662,64,839
chr11,65592065,65592796,18,731
chr11,65606722,65606759,5,37
chr11,65613165,65616496,93,3331
chr11,65618143,65618737,12,594
chr11,65619801,65619851,5,50
chr11,65622130,65623308,10,1178
chr11,65625166,65625463,8,297
chr11,65632548,65632727,5,179
chr11,65634227,65634345,6,118
chr11,65637601,65638723,27,1122
chr11,65640936,65641060,10,124
chr11,65642475,65642503,5,28
chr11,65646513,65647914,49,1401
chr11,65652498,65653006,27,508
chr11,65658331,65658392,6,61
chr11,65662788,65663643,67,855
chr11,65675428,65676496,5,1068
chr11,65680876,65681653,11,777
chr11,65706401,65706642,6,241
chr11,65710743,65713440,42,2697
chr11,65719457,65721406,22,1949
chr11,65756012,65756316,5,304
chr11,65757977,65758279,5,302
chr11,65777730,65777985,7,255
chr11,65779086,65782993,59,3907
chr11,65786187,65788045,132,1858
chr11,65792618,65794822,13,2204
chr11,65803523,65804819,17,1296
chr11,65815149,65815387,6,238
chr11,65818107,65818280,5,173
chr11,65833611,65834031,26,420
chr11,65852584,65854224,18,1640
chr11,65856258,65861362,135,5104
chr11,65866970,65868521,9,1551
chr11,65871972,65873857,56,1885
chr11,65879577,65880414,7,837
chr11,65883560,65884964,9,1404
chr11,65887938,65892055,118,4117
chr11,65893177,65894113,10,936
chr11,65899186,65900718,74,1532
chr11,65915871,65920616,125,4745
chr11,65942371,65944825,9,2454
chr11,65961440,65962092,61,652
chr11,65965828,65966521,8,693
chr11,65969127,65969661,5,534
chr11,65976826,65977929,6,1103
chr11,65986350,65987533,7,1183
chr11,65993510,65993542,5,32
chr11,66001396,66002531,56,1135
chr11,66003680,66003894,13,214
chr11,66011841,66012295,23,454
chr11,66021514,66023250,47,1736
chr11,66025385,66025490,7,105
chr11,66048992,66049264,24,272
chr11,66051721,66052354,25,633
chr11,66058836,66058911,6,75
chr11,66069544,66071171,54,1627
chr11,66223013,66223389,11,376
chr11,66231249,66231415,7,166
chr11,66232676,66233208,5,532
chr11,66240510,66241337,7,827
chr11,66257217,66258867,42,1650
chr11,66265677,66269280,71,3603
chr11,66277991,66278708,37,717
chr11,66288212,66290029,44,1817
chr11,66291645,66292413,56,768
chr11,66294667,66295306,8,639
chr11,66306631,66307011,6,380
chr11,66312878,66313792,31,914
chr11,66316541,66317189,6,648
chr11,66331045,66331205,8,160
chr11,66334092,66336229,30,2137
chr11,66344592,66345325,44,733
chr11,66347443,66347815,48,372
chr11,66359247,66361073,9,1826
chr11,66363387,66364230,8,843
chr11,66371359,66372773,39,1414
chr11,66385277,66386244,6,967
chr11,66389532,66389600,5,68
chr11,66401498,66402045,6,547
chr11,66408714,66409045,29,331
chr11,66410121,66410260,5,139
chr11,66412201,66412335,5,134
chr11,66419908,66421780,75,1872
chr11,66438561,66438729,15,168
chr11,66456575,66457020,12,445
chr11,66466377,66468165,77,1788
chr11,66480357,66480722,24,365
chr11,66496339,66497612,14,1273
chr11,66507391,66507770,8,379
chr11,66510090,66510768,26,678
chr11,66521338,66521397,5,59
chr11,66534868,66534985,6,117
chr11,66536621,66536788,6,167
chr11,66538423,66538482,5,59
chr11,66545639,66547132,81,1493
chr11,66548270,66549100,5,830
chr11,66552294,66553726,9,1432
chr11,66558102,66559883,22,1781
chr11,66567852,66568495,8,643
chr11,66588235,66588501,8,266
chr11,66592814,66593332,31,518
chr11,66595413,66596472,6,1059
chr11,66615778,66617408,56,1630
chr11,66638078,66639994,26,1916
chr11,66646105,66646442,5,337
chr11,66676796,66677767,19,971
chr11,66690009,66690295,9,286
chr11,66698909,66699187,10,278
chr11,66700662,66701058,9,396
chr11,66703503,66703651,5,148
chr11,66717554,66718527,11,973
chr11,66720436,66720476,5,40
chr11,66727117,66729058,89,1941
chr11,66744021,66745871,47,1850
chr11,66761295,66762283,15,988
chr11,66812277,66813307,5,1030
chr11,66842976,66843697,35,721
chr11,66850052,66852650,9,2598
chr11,66855459,66862004,141,6545
chr11,66866205,66866231,5,26
chr11,66871335,66871984,10,649
chr11,66887654,66888055,5,401
chr11,66908988,66909950,7,962
chr11,66916810,66917271,8,461
chr11,66943511,66943959,14,448
chr11,66958255,66958819,37,564
chr11,66964158,66964437,6,279
chr11,67005946,67006217,7,271
chr11,67011639,67013062,11,1423
chr11,67022894,67023968,79,1074
chr11,67031077,67033135,11,2058
chr11,67049105,67049900,11,795
chr11,67056002,67057179,19,1177
chr11,67071161,67074065,20,2904
chr11,67084944,67085057,6,113
chr11,67089038,67089821,6,783
chr11,67103275,67105246,23,1971
chr11,67117810,67120827,104,3017
chr11,67124950,67125009,6,59
chr11,67129658,67130048,6,390
chr11,67144710,67146084,9,1374
chr11,67177113,67177190,6,77
chr11,67261236,67261721,23,485
chr11,67266029,67267372,43,1343
chr11,67273832,67275416,7,1584
chr11,67276691,67277378,8,687
chr11,67280906,67282009,10,1103
chr11,67284297,67287473,20,3176
chr11,67288630,67289888,52,1258
chr11,67297588,67298353,7,765
chr11,67302762,67304297,55,1535
chr11,67310464,67311820,11,1356
chr11,67316851,67318324,62,1473
chr11,67327802,67328318,8,516
chr11,67352676,67354169,21,1493
chr11,67360914,67361192,5,278
chr11,67369934,67370490,7,556
chr11,67371991,67374645,80,2654
chr11,67382268,67382496,5,228
chr11,67384160,67384307,5,147
chr11,67388846,67392712,69,3866
chr11,67399376,67402501,43,3125
chr11,67403544,67405946,17,2402
chr11,67408829,67409609,15,780
chr11,67415201,67415921,45,720
chr11,67417581,67419107,13,1526
chr11,67420875,67422307,30,1432
chr11,67423846,67424142,5,296
chr11,67426121,67426320,7,199
chr11,67427868,67428752,28,884
chr11,67433198,67435175,21,1977
chr11,67437567,67437625,5,58
chr11,67440027,67440247,9,220
chr11,67442606,67445136,50,2530
chr11,67452265,67453575,12,1310
chr11,67456355,67456632,14,277
chr11,67458436,67458517,6,81
chr11,67462118,67462446,5,328
chr11,67464782,67464964,14,182
chr11,67468080,67469920,24,1840
chr11,67476118,67476150,8,32
chr11,67482460,67483907,33,1447
chr11,67487021,67487066,7,45
chr11,67493304,67494897,24,1593
chr11,67502510,67505470,54,2960
chr11,67506922,67508947,65,2025
chr11,67514993,67515210,5,217
chr11,67523379,67524241,16,862
chr11,67530172,67530222,5,50
chr11,67556888,67558282,8,1394
chr11,67577224,67578184,6,960
chr11,67583473,67584403,36,930
chr11,67590886,67590992,6,106
chr11,67606680,67607214,22,534
chr11,67614107,67614492,14,385
chr11,67616191,67616359,11,168
chr11,67619008,67619129,8,121
chr11,67627466,67630899,120,3433
chr11,67633444,67633580,6,136
chr11,67645546,67646949,6,1403
chr11,67650570,67651131,10,561
chr11,67654858,67655325,7,467
chr11,67667465,67667579,10,114
chr11,67699661,67700723,12,1062
chr11,67711354,67711751,12,397
chr11,67731814,67732239,26,425
chr11,67792000,67792468,9,468
chr11,67805101,67805133,5,32
chr11,67809766,67810465,5,699
chr11,67826546,67826677,7,131
chr11,67848663,67848973,5,310
chr11,67850279,67850923,5,644
chr11,67853237,67853469,10,232
chr11,67955531,67955613,9,82
chr11,67978392,67978933,19,541
chr11,67980816,67981526,7,710
chr11,67983013,67983093,5,80
chr11,67984272,67984480,6,208
chr11,67991202,67991490,17,288
chr11,68002857,68003933,24,1076
chr11,68007619,68008748,9,1129
chr11,68010300,68011861,28,1561
chr11,68027789,68028646,8,857
chr11,68030206,68031062,34,856
chr11,68032973,68034897,15,1924
chr11,68035942,68037044,12,1102
chr11,68038617,68039330,29,713
chr11,68040666,68041407,11,741
chr11,68043147,68043304,6,157
chr11,68045000,68045081,8,81
chr11,68046761,68047927,17,1166
chr11,68049150,68049861,17,711
chr11,68112938,68112998,5,60
chr11,68119768,68121785,32,2017
chr11,68128215,68128943,19,728
chr11,68137414,68137668,6,254
chr11,68148581,68149967,9,1386
chr11,68213115,68214800,50,1685
chr11,68216443,68217019,5,576
chr11,68253413,68254469,6,1056
chr11,68256717,68258385,22,1668
chr11,68271500,68272453,28,953
chr11,68281970,68282676,7,706
chr11,68296821,68298291,17,1470
chr11,68308346,68308873,11,527
chr11,68311948,68313348,102,1400
chr11,68316901,68317138,6,237
chr11,68331200,68331530,6,330
chr11,68342642,68343155,6,513
chr11,68357684,68357846,9,162
chr11,68363581,68363791,5,210
chr11,68366299,68366966,8,667
chr11,68372168,68372496,14,328
chr11,68374002,68374620,18,618
chr11,68377815,68377980,7,165
chr11,68383211,68384240,5,1029
chr11,68385581,68386932,11,1351
chr11,68403630,68404797,13,1167
chr11,68411039,68411657,5,618
chr11,68413292,68413329,5,37
chr11,68421151,68421195,6,44
chr11,68424453,68424510,6,57
chr11,68459407,68461462,52,2055
chr11,68497069,68497139,6,70
chr11,68618060,68618160,6,100
chr11,68670288,68670463,10,175
chr11,68683915,68685283,70,1368
chr11,68700271,68700578,8,307
chr11,68748996,68749106,5,110
chr11,68750237,68752079,52,1842
chr11,68761799,68762734,7,935
chr11,68766783,68768168,8,1385
chr11,68778619,68779116,10,497
chr11,68793335,68793433,5,98
chr11,68805375,68805680,8,305
chr11,68807598,68807870,12,272
chr11,68810909,68811156,12,247
chr11,68812592,68812944,12,352
chr11,68814040,68814603,10,563
chr11,68815922,68816548,6,626
chr11,68818390,68819331,9,941
chr11,68825229,68826370,7,1141
chr11,68829071,68830329,14,1258
chr11,68837964,68844328,139,6364
chr11,68849903,68850095,5,192
chr11,68853162,68855624,35,2462
chr11,68865605,68866125,8,520
chr11,68869694,68871136,25,1442
chr11,68890266,68891489,10,1223
chr11,68903729,68904891,34,1162
chr11,68930251,68930361,6,110
chr11,68939605,68940725,8,1120
chr11,68942038,68942458,6,420
chr11,68946941,68947191,6,250
chr11,68955410,68956274,7,864
chr11,68958639,68958842,7,203
chr11,69005612,69006204,11,592
chr11,69010812,69011669,18,857
chr11,69012995,69014762,26,1767
chr11,69022012,69023172,8,1160
chr11,69049154,69049434,20,280
chr11,69053211,69056301,18,3090
chr11,69062908,69063059,5,151
chr11,69066213,69067406,6,1193
chr11,69071460,69072223,6,763
chr11,69080371,69080589,6,218
chr11,69092380,69092548,10,168
chr11,69113414,69113490,5,76
chr11,69122571,69123272,11,701
chr11,69127152,69127244,7,92
chr11,69148967,69149077,7,110
chr11,69152989,69153180,7,191
chr11,69156106,69157723,29,1617
chr11,69166510,69166832,6,322
chr11,69200273,69200679,8,406
chr11,69251760,69251969,5,209
chr11,69270580,69271164,5,584
chr11,69277309,69278357,8,1048
chr11,69286964,69287079,6,115
chr11,69288482,69289745,7,1263
chr11,69295106,69296121,12,1015
chr11,69297274,69298071,5,797
chr11,69326555,69328112,9,1557
chr11,69371050,69372101,6,1051
chr11,69418667,69418965,8,298
chr11,69435755,69435842,5,87
chr11,69438599,69439752,6,1153
chr11,69443196,69443696,23,500
chr11,69444973,69445330,8,357
chr11,69464343,69465809,6,1466
chr11,69471100,69471746,22,646
chr11,69489549,69489629,5,80
chr11,69496415,69497485,8,1070
chr11,69513907,69514085,5,178
chr11,69533824,69534260,5,436
chr11,69540496,69540966,6,470
chr11,69558867,69558994,5,127
chr11,69593205,69593312,5,107
chr11,69636604,69643306,215,6702
chr11,69645054,69648871,32,3817
chr11,69654635,69655062,18,427
chr11,69658377,69658547,5,170
chr11,69660521,69660618,7,97
chr11,69667396,69667815,14,419
chr11,69669744,69670438,7,694
chr11,69673102,69675423,35,2321
chr11,69684268,69686749,31,2481
chr11,69699247,69699461,6,214
chr11,69700806,69700940,7,134
chr11,69702329,69704835,85,2506
chr11,69712118,69712272,5,154
chr11,69740191,69741203,6,1012
chr11,69755586,69755694,5,108
chr11,69757941,69758050,6,109
chr11,69765431,69766792,12,1361
chr11,69774200,69778480,102,4280
chr11,69801539,69801660,6,121
chr11,69810641,69811322,9,681
chr11,69815821,69820127,142,4306
chr11,69821336,69822250,6,914
chr11,69832758,69832920,5,162
chr11,69862437,69862863,12,426
chr11,69868230,69868669,14,439
chr11,69874790,69876127,18,1337
chr11,69891583,69892139,8,556
chr11,69909663,69911260,13,1597
chr11,69912850,69913048,7,198
chr11,69914157,69914945,6,788
chr11,69918733,69919056,16,323
chr11,69925670,69927055,15,1385
chr11,69943714,69944485,7,771
chr11,69971788,69973002,11,1214
chr11,69976829,69976935,5,106
chr11,69984286,69987097,69,2811
chr11,70032652,70033144,7,492
chr11,70067623,70067860,9,237
chr11,70073911,70074134,9,223
chr11,70075338,70075381,5,43
chr11,70077872,70079008,103,1136
chr11,70101765,70104134,12,2369
chr11,70105777,70105876,7,99
chr11,70111210,70112121,10,911
chr11,70119713,70120925,5,1212
chr11,70124305,70124714,8,409
chr11,70133601,70135817,13,2216
chr11,70141806,70142196,9,390
chr11,70158966,70159984,6,1018
chr11,70161990,70162158,6,168
chr11,70170035,70171079,9,1044
chr11,70176442,70178185,24,1743
chr11,70180213,70181461,11,1248
chr11,70184630,70185956,18,1326
chr11,70187568,70188767,12,1199
chr11,70196716,70197844,7,1128
chr11,70202415,70203980,44,1565
chr11,70240546,70240756,11,210
chr11,70269819,70271668,110,1849
chr11,70386707,70386773,7,66
chr11,70398124,70399115,66,991
chr11,70415751,70415804,6,53
chr11,70419920,70420864,5,944
chr11,70425903,70426790,7,887
chr11,70432100,70433326,18,1226
chr11,70435788,70436411,11,623
chr11,70443716,70444113,10,397
chr11,70463601,70464015,24,414
chr11,70472467,70473433,11,966
chr11,70485367,70487104,27,1737
chr11,70492363,70492426,6,63
chr11,70498546,70499757,7,1211
chr11,70501585,70501784,7,199
chr11,70504800,70504905,7,105
chr11,70530302,70530765,9,463
chr11,70533076,70533511,8,435
chr11,70537376,70538311,10,935
chr11,70541626,70542338,6,712
chr11,70548114,70550673,15,2559
chr11,70557745,70557896,7,151
chr11,70566997,70567312,6,315
chr11,70569311,70569388,5,77
chr11,70595186,70597081,12,1895
chr11,70607119,70607427,6,308
chr11,70612686,70613849,9,1163
chr11,70622321,70624165,13,1844
chr11,70628322,70629475,10,1153
chr11,70638198,70638588,8,390
chr11,70640351,70640390,5,39
chr11,70656964,70657428,8,464
chr11,70659289,70659918,6,629
chr11,70661694,70663095,38,1401
chr11,70715260,70715912,5,652
chr11,70718135,70718744,8,609
chr11,70742755,70744025,14,1270
chr11,70755632,70755805,6,173
chr11,70781054,70781286,6,232
chr11,70798735,70799326,5,591
chr11,70806217,70807132,11,915
chr11,70820455,70820673,14,218
chr11,70826025,70827114,32,1089
chr11,70845123,70845880,12,757
chr11,70866399,70867361,13,962
chr11,70877384,70877495,5,111
chr11,70879738,70880362,5,624
chr11,70883603,70884641,8,1038
chr11,70885739,70887153,18,1414
chr11,70890655,70890878,5,223
chr11,70923941,70924969,5,1028
chr11,70949008,70950118,9,1110
chr11,71073283,71074256,7,973
chr11,71077326,71077529,7,203
chr11,71091865,71092048,5,183
chr11,71097006,71097324,5,318
chr11,71139780,71140669,13,889
chr11,71152603,71153179,12,576
chr11,71165830,71166777,6,947
chr11,71206216,71206474,10,258
chr11,71224817,71225979,6,1162
chr11,71240904,71241530,11,626
chr11,71250121,71253179,97,3058
chr11,71266606,71267031,5,425
chr11,71270683,71271367,8,684
chr11,71298409,71299134,6,725
chr11,71343396,71343850,8,454
chr11,71389172,71390472,6,1300
chr11,71406758,71406883,7,125
chr11,71421668,71421775,6,107
chr11,71447665,71448854,40,1189
chr11,71453173,71453933,25,760
chr11,71463581,71464401,8,820
chr11,71571419,71571956,5,537
chr11,71577107,71577220,5,113
chr11,71607662,71608094,30,432
chr11,71615201,71615750,13,549
chr11,71639348,71639592,16,244
chr11,71640969,71641073,6,104
chr11,71741130,71741282,8,152
chr11,71786553,71787434,10,881
chr11,71791642,71791790,5,148
chr11,71796094,71796186,5,92
chr11,71813454,71813854,18,400
chr11,71909916,71910605,6,689
chr11,71919807,71920393,8,586
chr11,71928656,71929791,6,1135
chr11,71959824,71959881,5,57
chr11,72013016,72014024,7,1008
chr11,72041457,72041676,7,219
chr11,72079526,72081278,35,1752
chr11,72102881,72103356,26,475
chr11,72106024,72106107,8,83
chr11,72112680,72112788,10,108
chr11,72223144,72225444,133,2300
chr11,72232654,72233535,7,881
chr11,72237476,72241444,83,3968
chr11,72243020,72244703,56,1683
chr11,72314242,72314305,5,63
chr11,72434159,72434858,23,699
chr11,72449419,72449489,5,70
chr11,72465345,72466098,5,753
chr11,72468344,72468505,6,161
chr11,72581807,72581872,5,65
chr11,72584381,72585777,34,1396
chr11,72589965,72591683,33,1718
chr11,72598844,72598987,5,143
chr11,72625828,72626333,13,505
chr11,72641892,72643530,61,1638
chr11,72677024,72677679,9,655
chr11,72697284,72698069,13,785
chr11,72712590,72713030,6,440
chr11,72751918,72753538,41,1620
chr11,72755068,72755160,6,92
chr11,72780897,72781822,39,925
chr11,72787527,72787660,7,133
chr11,72792110,72792142,5,32
chr11,72793789,72794069,21,280
chr11,72813889,72814999,59,1110
chr11,72821805,72822541,36,736
chr11,72882029,72882298,7,269
chr11,72909088,72909233,5,145
chr11,73140742,73142750,103,2008
chr11,73185446,73187173,7,1727
chr11,73217938,73218824,31,886
chr11,73234561,73235182,9,621
chr11,73242876,73244169,6,1293
chr11,73264541,73264744,18,203
chr11,73292648,73292736,5,88
chr11,73307639,73309517,60,1878
chr11,73343076,73343103,6,27
chr11,73360372,73360629,6,257
chr11,73362028,73362687,32,659
chr11,73365719,73365802,5,83
chr11,73376386,73377143,66,757
chr11,73387763,73389264,15,1501
chr11,73522342,73522405,5,63
chr11,73597873,73598847,44,974
chr11,73660872,73661562,25,690
chr11,73692427,73692643,6,216
chr11,73732510,73732572,6,62
chr11,73760255,73762097,62,1842
chr11,73779685,73779743,5,58
chr11,73787815,73788739,31,924
chr11,73876979,73877180,8,201
chr11,73883677,73883860,6,183
chr11,73944915,73945392,5,477
chr11,73957177,73957943,11,766
chr11,73981128,73983823,48,2695
chr11,74170509,74171467,27,958
chr11,74389729,74389795,6,66
chr11,74397869,74398771,38,902
chr11,74466853,74467682,12,829
chr11,74492411,74493519,20,1108
chr11,74590427,74592814,11,2387
chr11,74680797,74680975,11,178
chr11,74683201,74684035,31,834
chr11,74725971,74726925,11,954
chr11,74730671,74731885,83,1214
chr11,74749105,74749512,24,407
chr11,74753071,74753129,5,58
chr11,74924398,74924430,5,32
chr11,74948586,74949453,29,867
chr11,74988425,74989140,31,715
chr11,75073174,75073405,5,231
chr11,75240090,75242242,82,2152
chr11,75248990,75249098,7,108
chr11,75259102,75259134,5,32
chr11,75266133,75266189,5,56
chr11,75342546,75342710,5,164
chr11,75351346,75352601,46,1255
chr11,75399766,75400021,10,255
chr11,75425483,75425643,12,160
chr11,75428410,75428751,15,341
chr11,75430491,75431404,28,913
chr11,75442333,75442424,6,91
chr11,75525198,75526330,86,1132
chr11,75543189,75543600,5,411
chr11,75561736,75563422,33,1686
chr11,75582978,75584679,34,1701
chr11,75666318,75669282,101,2964
chr11,75736235,75736531,5,296
chr11,75768547,75769045,36,498
chr11,75814274,75815880,63,1606
chr11,75887058,75888233,17,1175
chr11,76060571,76060757,8,186
chr11,76161414,76161811,11,397
chr11,76185661,76186404,7,743
chr11,76188917,76190051,7,1134
chr11,76194737,76194838,13,101
chr11,76199341,76200569,10,1228
chr11,76205613,76207544,60,1931
chr11,76208740,76211039,153,2299
chr11,76235379,76236470,37,1091
chr11,76240644,76242098,10,1454
chr11,76276946,76278043,7,1097
chr11,76282047,76282537,6,490
chr11,76292299,76292425,9,126
chr11,76302416,76302548,5,132
chr11,76321955,76322311,23,356
chr11,76380564,76381703,68,1139
chr11,76445090,76445867,35,777
chr11,76467848,76467903,5,55
chr11,76473467,76473909,5,442
chr11,76579317,76579513,6,196
chr11,76655484,76655664,5,180
chr11,76664851,76665068,6,217
chr11,76666528,76667674,7,1146
chr11,76670307,76671250,62,943
chr11,76672821,76673048,5,227
chr11,76686495,76686699,6,204
chr11,76687862,76688830,6,968
chr11,76715765,76716054,5,289
chr11,76719331,76719450,8,119
chr11,76752281,76752951,8,670
chr11,76782759,76785122,64,2363
chr11,76795694,76796643,20,949
chr11,76798924,76799553,15,629
chr11,76860679,76861276,44,597
chr11,77039369,77041490,39,2121
chr11,77043420,77043685,5,265
chr11,77046012,77046292,33,280
chr11,77047423,77047727,6,304
chr11,77066363,77067405,62,1042
chr11,77070509,77070816,7,307
chr11,77085020,77085186,5,166
chr11,77104872,77105147,5,275
chr11,77106989,77107560,6,571
chr11,77112438,77112537,7,99
chr11,77118179,77119105,11,926
chr11,77137931,77138416,57,485
chr11,77147696,77148076,17,380
chr11,77179798,77179893,6,95
chr11,77203118,77203688,6,570
chr11,77411806,77411847,5,41
chr11,77472393,77474212,43,1819
chr11,77572964,77573134,7,170
chr11,77587418,77590014,79,2596
chr11,77617292,77617354,5,62
chr11,77634447,77634952,7,505
chr11,77638764,77639046,6,282
chr11,77819499,77820882,60,1383
chr11,77822297,77823107,6,810
chr11,77892625,77892675,5,50
chr11,77994249,77995029,26,780
chr11,78046073,78046413,15,340
chr11,78079444,78079903,31,459
chr11,78139638,78140026,19,388
chr11,78188328,78189871,29,1543
chr11,78196178,78196652,27,474
chr11,78209398,78210625,15,1227
chr11,78235215,78235443,6,228
chr11,78373399,78374448,5,1049
chr11,78417015,78418484,70,1469
chr11,78823206,78824594,11,1388
chr11,78903378,78903591,18,213
chr11,78962028,78962601,18,573
chr11,78989997,78990471,5,474
chr11,79064538,79064791,6,253
chr11,79069912,79070059,6,147
chr11,79298439,79298484,5,45
chr11,79437139,79441134,143,3995
chr11,79493598,79493945,5,347
chr11,80699535,80699882,7,347
chr11,81252545,81252654,10,109
chr11,81743785,81744809,11,1024
chr11,81951675,81951811,9,136
chr11,82403870,82404966,17,1096
chr11,82731729,82733933,70,2204
chr11,82900277,82901861,26,1584
chr11,82970658,82971103,18,445
chr11,83082897,83083020,5,123
chr11,83099019,83099118,7,99
chr11,83156991,83157453,11,462
chr11,83193610,83194004,18,394
chr11,83285629,83286266,34,637
chr11,83361312,83361795,7,483
chr11,83842550,83842643,7,93
chr11,84307556,84308859,13,1303
chr11,84402689,84402798,5,109
chr11,84437400,84437787,7,387
chr11,84624958,84625021,5,63
chr11,84720404,84720526,13,122
chr11,85305573,85305637,6,64
chr11,85483987,85484242,18,255
chr11,85549259,85549373,5,114
chr11,85627477,85629199,27,1722
chr11,85647884,85648102,15,218
chr11,85663724,85664766,54,1042
chr11,85682705,85682936,12,231
chr11,85810569,85811357,26,788
chr11,86068173,86069369,68,1196
chr11,86202738,86202848,6,110
chr11,86245158,86245255,10,97
chr11,86301834,86302468,14,634
chr11,86556553,86556673,8,120
chr11,86671669,86672194,9,525
chr11,86799856,86801181,62,1325
chr11,86823930,86824136,6,206
chr11,86853153,86853377,6,224
chr11,86860775,86861263,5,488
chr11,86955053,86956614,83,1561
chr11,87037841,87038214,16,373
chr11,87075073,87075449,11,376
chr11,87223257,87223449,7,192
chr11,87259109,87259229,5,120
chr11,87294476,87294836,7,360
chr11,87362679,87363142,7,463
chr11,88069085,88069322,8,237
chr11,88175140,88175781,23,641
chr11,88508574,88509856,19,1282
chr11,88593609,88593886,7,277
chr11,88608679,88608815,5,136
chr11,88845534,88845594,6,60
chr11,89006890,89006958,6,68
chr11,89461173,89461537,5,364
chr11,89491258,89491606,23,348
chr11,89536023,89536307,11,284
chr11,89640282,89640465,5,183
chr11,89667542,89667688,8,146
chr11,90052045,90052592,7,547
chr11,90166759,90167525,26,766
chr11,90222471,90223371,37,900
chr11,90250065,90250495,12,430
chr11,91368621,91368666,5,45
chr11,91412137,91413459,5,1322
chr11,91568611,91568675,6,64
chr11,91926200,91926595,8,395
chr11,92224589,92227269,125,2680
chr11,92433647,92433972,6,325
chr11,92623867,92624331,5,464
chr11,92969651,92970203,26,552
chr11,93197636,93198145,40,509
chr11,93205836,93205970,7,134
chr11,93542685,93544814,57,2129
chr11,93661568,93661972,22,404
chr11,93679967,93680201,6,234
chr11,93741185,93743161,40,1976
chr11,93757690,93758800,10,1110
chr11,93784241,93785218,37,977
chr11,93850138,93851289,34,1151
chr11,94128355,94129266,28,911
chr11,94162683,94162763,6,80
chr11,94401180,94401920,39,740
chr11,94403050,94403082,5,32
chr11,94543558,94545649,111,2091
chr11,94570816,94570956,5,140
chr11,94650831,94651664,10,833
chr11,94740401,94741351,39,950
chr11,94767583,94769658,98,2075
chr11,94834403,94834516,6,113
chr11,94949589,94949853,8,264
chr11,94973599,94973832,10,233
chr11,95037782,95038199,37,417
chr11,95067126,95067989,40,863
chr11,95089569,95090364,52,795
chr11,95107763,95108046,10,283
chr11,95149898,95151477,47,1579
chr11,95230484,95231380,34,896
chr11,95337642,95337749,7,107
chr11,95789158,95790348,34,1190
chr11,95923763,95924230,16,467
chr11,96322552,96322648,9,96
chr11,96341693,96343509,22,1816
chr11,96389236,96390507,64,1271
chr11,96798216,96798315,8,99
chr11,97011427,97011663,6,236
chr11,97379886,97379959,6,73
chr11,97718066,97718104,6,38
chr11,97745957,97746019,5,62
chr11,98292006,98292201,8,195
chr11,98363271,98363452,7,181
chr11,98407493,98407589,5,96
chr11,98567188,98567418,14,230
chr11,98763394,98763596,7,202
chr11,99020518,99020867,19,349
chr11,99482791,99483132,5,341
chr11,99878712,99879413,12,701
chr11,99924035,99924085,5,50
chr11,99932235,99932285,5,50
chr11,100678783,100678961,7,178
chr11,100687053,100687567,48,514
chr11,100749401,100749526,5,125
chr11,101127325,101129414,105,2089
chr11,101582773,101583775,46,1002
chr11,101914734,101915292,26,558
chr11,102010645,102010973,6,328
chr11,102014314,102014379,7,65
chr11,102047279,102048447,28,1168
chr11,102109866,102111980,96,2114
chr11,102268694,102268722,5,28
chr11,102277851,102277973,7,122
chr11,102346857,102347467,59,610
chr11,102451830,102452811,31,981
chr11,102644736,102645050,5,314
chr11,102768020,102768798,15,778
chr11,103090843,103092179,14,1336
chr11,103312171,103312328,5,157
chr11,103326273,103326518,5,245
chr11,103644536,103644912,10,376
chr11,104163499,104164191,19,692
chr11,104193802,104193846,5,44
chr11,104228787,104228892,6,105
chr11,104337846,104339978,8,2132
chr11,104376951,104377156,5,205
chr11,104565258,104565331,9,73
chr11,104743588,104745319,15,1731
chr11,105000364,105001404,12,1040
chr11,105609648,105610565,26,917
chr11,105960668,105960883,7,215
chr11,106021758,106022204,19,446
chr11,106058252,106058335,5,83
chr11,106077873,106078379,12,506
chr11,106332567,106332713,5,146
chr11,106926330,106927867,15,1537
chr11,107017601,107019280,38,1679
chr11,107176743,107177588,23,845
chr11,107457570,107458103,14,533
chr11,107565532,107565806,13,274
chr11,107590175,107591995,75,1820
chr11,107762042,107762161,5,119
chr11,107799659,107799854,5,195
chr11,107855576,107855785,7,209
chr11,107858205,107861610,32,3405
chr11,107888072,107888565,7,493
chr11,107926740,107929241,54,2501
chr11,108008808,108009619,24,811
chr11,108108256,108108314,6,58
chr11,108121336,108121770,25,434
chr11,108222463,108223342,16,879
chr11,108232700,108232955,5,255
chr11,108373637,108373741,6,104
chr11,108467268,108467486,8,218
chr11,108497547,108498405,32,858
chr11,108592916,108593886,24,970
chr11,108615826,108616092,7,266
chr11,108664203,108665316,31,1113
chr11,109108804,109108872,5,68
chr11,109422083,109424845,27,2762
chr11,110092540,110093682,87,1142
chr11,110260089,110260534,6,445
chr11,110295690,110297067,81,1377
chr11,110429877,110430609,50,732
chr11,110579948,110580969,5,1021
chr11,110711189,110712621,58,1432
chr11,110888927,110888996,5,69
chr11,111096527,111097389,7,862
chr11,111222006,111223079,15,1073
chr11,111259432,111260848,8,1416
chr11,111283338,111284589,19,1251
chr11,111285766,111285970,8,204
chr11,111298644,111299953,86,1309
chr11,111379054,111379360,8,306
chr11,111436780,111436890,6,110
chr11,111451293,111451678,6,385
chr11,111455029,111455821,5,792
chr11,111512582,111512913,24,331
chr11,111514710,111514978,12,268
chr11,111540858,111542768,51,1910
chr11,111601183,111603193,42,2010
chr11,111765610,111766320,29,710
chr11,111871268,111872210,15,942
chr11,111878829,111879263,30,434
chr11,111911883,111912861,18,978
chr11,111918879,111919548,13,669
chr11,111927134,111928632,17,1498
chr11,111936967,111937621,32,654
chr11,111945967,111946097,5,130
chr11,111966203,111966496,7,293
chr11,111977251,111977913,40,662
chr11,112024911,112025680,27,769
chr11,112074253,112074641,11,388
chr11,112086389,112086991,16,602
chr11,112195368,112195861,6,493
chr11,112226306,112226374,10,68
chr11,112290110,112290365,28,255
chr11,112346134,112346229,5,95
chr11,112471950,112472200,5,250
chr11,112960182,112963891,81,3709
chr11,113165782,113166126,13,344
chr11,113243175,113244016,9,841
chr11,113275060,113275134,5,74
chr11,113313113,113314835,31,1722
chr11,113412524,113412873,8,349
chr11,113474379,113475524,49,1145
chr11,113523488,113523883,12,395
chr11,113773520,113773792,20,272
chr11,113792425,113792710,5,285
chr11,113826231,113826875,6,644
chr11,113874065,113875906,51,1841
chr11,113885677,113886221,5,544
chr11,113910629,113911619,11,990
chr11,113920089,113921231,9,1142
chr11,113935283,113936088,6,805
chr11,113957491,113957810,5,319
chr11,113976157,113976230,5,73
chr11,114036217,114036369,15,152
chr11,114059034,114062196,137,3162
chr11,114065301,114066468,6,1167
chr11,114074700,114074824,10,124
chr11,114139779,114139850,5,71
chr11,114155192,114155458,8,266
chr11,114170821,114171119,5,298
chr11,114177247,114177552,11,305
chr11,114199204,114199389,8,185
chr11,114261303,114262379,9,1076
chr11,114295008,114295517,6,509
chr11,114394574,114394609,5,35
chr11,114400118,114400301,20,183
chr11,114439490,114440070,9,580
chr11,114604229,114604883,6,654
chr11,114605902,114611822,36,5920
chr11,114612931,114617581,32,4650
chr11,114618641,114620380,11,1739
chr11,114622412,114623457,11,1045
chr11,114625492,114625698,5,206
chr11,114706692,114707487,5,795
chr11,114889858,114889905,5,47
chr11,115153696,115155064,8,1368
chr11,115501867,115505531,124,3664
chr11,115582404,115582634,5,230
chr11,115659306,115660883,45,1577
chr11,115711112,115711281,5,169
chr11,115716712,115717329,11,617
chr11,115743904,115744271,6,367
chr11,115759681,115760734,33,1053
chr11,115958629,115959712,11,1083
chr11,116004920,116005116,8,196
chr11,116129429,116129808,7,379
chr11,116144628,116145912,8,1284
chr11,116162690,116163105,13,415
chr11,116193624,116193947,8,323
chr11,116281992,116282308,9,316
chr11,116332442,116332521,5,79
chr11,116500787,116501204,19,417
chr11,116579637,116581549,68,1912
chr11,116603960,116604184,6,224
chr11,116613708,116613824,7,116
chr11,116643939,116644745,6,806
chr11,116698579,116698684,5,105
chr11,116707966,116708263,6,297
chr11,116725649,116726365,7,716
chr11,116732424,116734045,11,1621
chr11,116772467,116773391,35,924
chr11,116787771,116788806,30,1035
chr11,116819269,116820438,6,1169
chr11,116849166,116849225,5,59
chr11,117070774,117070845,5,71
chr11,117076674,117076836,6,162
chr11,117097823,117098577,62,754
chr11,117105396,117106595,8,1199
chr11,117109850,117110767,10,917
chr11,117144185,117145673,21,1488
chr11,117158458,117158921,5,463
chr11,117178233,117179195,24,962
chr11,117181940,117182023,5,83
chr11,117191201,117191363,5,162
chr11,117192376,117192624,5,248
chr11,117195011,117195930,11,919
chr11,117199064,117199772,9,708
chr11,117228340,117229256,10,916
chr11,117231800,117234322,86,2522
chr11,117315671,117317246,50,1575
chr11,117327878,117328162,13,284
chr11,117361295,117361486,8,191
chr11,117409674,117409779,7,105
chr11,117438864,117439612,10,748
chr11,117443463,117444113,15,650
chr11,117456835,117457719,7,884
chr11,117483321,117484108,5,787
chr11,117530096,117530631,6,535
chr11,117546599,117547185,6,586
chr11,117588563,117589275,8,712
chr11,117628580,117630555,7,1975
chr11,117663970,117664219,5,249
chr11,117717206,117718296,12,1090
chr11,117776781,117776913,5,132
chr11,117780529,117780636,11,107
chr11,117793735,117797713,104,3978
chr11,117814945,117815412,6,467
chr11,117822137,117822258,6,121
chr11,117823568,117823770,13,202
chr11,117828375,117828618,5,243
chr11,117832599,117833552,6,953
chr11,117837319,117838376,5,1057
chr11,117875960,117876601,21,641
chr11,117908520,117908779,9,259
chr11,117915300,117915566,6,266
chr11,117975089,117975304,5,215
chr11,117985939,117987104,36,1165
chr11,118068340,118068748,5,408
chr11,118070110,118070778,11,668
chr11,118132497,118133017,5,520
chr11,118144800,118146268,28,1468
chr11,118147874,118148918,6,1044
chr11,118152483,118153160,54,677
chr11,118171738,118172305,14,567
chr11,118180474,118180644,6,170
chr11,118198236,118198519,5,283
chr11,118211055,118211285,5,230
chr11,118251928,118252297,5,369
chr11,118264086,118264228,7,142
chr11,118291015,118291224,5,209
chr11,118401379,118401982,30,603
chr11,118422222,118422903,8,681
chr11,118433198,118433653,8,455
chr11,118435014,118437726,109,2712
chr11,118462439,118462651,5,212
chr11,118529844,118531832,48,1988
chr11,118541850,118541965,6,115
chr11,118571983,118572990,48,1007
chr11,118599241,118599391,10,150
chr11,118607601,118608761,52,1160
chr11,118609883,118611118,49,1235
chr11,118621195,118621520,24,325
chr11,118627805,118628294,5,489
chr11,118635077,118635491,17,414
chr11,118658576,118660766,14,2190
chr11,118689151,118690562,27,1411
chr11,118691785,118693228,5,1443
chr11,118695465,118695724,5,259
chr11,118745001,118745069,7,68
chr11,118769898,118770002,7,104
chr11,118775171,118775230,5,59
chr11,118790508,118792828,76,2320
chr11,118801360,118801426,5,66
chr11,118836414,118838094,10,1680
chr11,118880113,118880167,5,54
chr11,118898448,118899923,7,1475
chr11,118900962,118901725,19,763
chr11,118903006,118903274,7,268
chr11,118909126,118911229,43,2103
chr11,118917692,118918179,7,487
chr11,118925428,118926071,22,643
chr11,118956857,118956993,5,136
chr11,118971632,118972245,27,613
chr11,118979574,118979688,5,114
chr11,118998048,118998107,5,59
chr11,119018012,119020981,46,2969
chr11,119024778,119024878,5,100
chr11,119025995,119026616,6,621
chr11,119030299,119030949,22,650
chr11,119056714,119058533,52,1819
chr11,119067549,119068844,27,1295
chr11,119084878,119085315,17,437
chr11,119093383,119095690,70,2307
chr11,119101270,119102548,37,1278
chr11,119107340,119108225,58,885
chr11,119112724,119112850,5,126
chr11,119116083,119116947,12,864
chr11,119121326,119121842,32,516
chr11,119142762,119143030,8,268
chr11,119144309,119144410,5,101
chr11,119148941,119149908,62,967
chr11,119160963,119161080,5,117
chr11,119168394,119169426,32,1032
chr11,119182242,119183341,13,1099
chr11,119205613,119206708,38,1095
chr11,119221100,119221723,5,623
chr11,119309277,119310871,13,1594
chr11,119315107,119318530,81,3423
chr11,119319945,119321910,31,1965
chr11,119334205,119336502,22,2297
chr11,119338936,119341515,91,2579
chr11,119356706,119357047,5,341
chr11,119363275,119364662,39,1387
chr11,119372954,119373290,10,336
chr11,119380970,119381764,41,794
chr11,119420632,119423612,57,2980
chr11,119481300,119481776,14,476
chr11,119497764,119498290,6,526
chr11,119502130,119502435,11,305
chr11,119584732,119585263,25,531
chr11,119603371,119604210,10,839
chr11,119643802,119644721,6,919
chr11,119652233,119653441,8,1208
chr11,119686567,119687693,10,1126
chr11,119691742,119691970,6,228
chr11,119709357,119709878,7,521
chr11,119727481,119731421,93,3940
chr11,119741542,119741765,5,223
chr11,119755053,119755319,5,266
chr11,119779474,119780033,11,559
chr11,119788307,119789056,5,749
chr11,119794420,119795329,14,909
chr11,119857028,119858241,5,1213
chr11,119919858,119920273,5,415
chr11,119978121,119978444,12,323
chr11,120008588,120008633,5,45
chr11,120013666,120013915,6,249
chr11,120062187,120062495,13,308
chr11,120115737,120115814,5,77
chr11,120137379,120138409,34,1030
chr11,120143608,120143854,7,246
chr11,120169073,120170340,24,1267
chr11,120192629,120193079,9,450
chr11,120208039,120208280,5,241
chr11,120210337,120212097,69,1760
chr11,120216629,120217538,5,909
chr11,120222412,120222599,6,187
chr11,120224860,120226978,18,2118
chr11,120239930,120240999,28,1069
chr11,120325204,120325637,38,433
chr11,120335855,120337469,101,1614
chr11,120511290,120513789,80,2499
chr11,120516573,120516818,11,245
chr11,120522110,120522414,7,304
chr11,120534965,120535617,5,652
chr11,120564001,120565659,58,1658
chr11,120626687,120627310,7,623
chr11,120644566,120645846,7,1280
chr11,120684811,120684866,6,55
chr11,120692536,120692687,8,151
chr11,120788856,120789416,6,560
chr11,120831535,120832125,9,590
chr11,120865872,120866211,5,339
chr11,120882524,120884956,12,2432
chr11,120895175,120895692,5,517
chr11,120911154,120911363,8,209
chr11,120929666,120929782,5,116
chr11,120934129,120934863,8,734
chr11,120952243,120952858,6,615
chr11,120966893,120967501,11,608
chr11,120986312,120986436,12,124
chr11,121024029,121024564,27,535
chr11,121112599,121112688,6,89
chr11,121125522,121125595,5,73
chr11,121158210,121159226,6,1016
chr11,121209972,121210306,6,334
chr11,121236879,121237462,10,583
chr11,121290882,121293145,14,2263
chr11,121363112,121363269,20,157
chr11,121408417,121408592,5,175
chr11,121417319,121418254,6,935
chr11,121427351,121427399,11,48
chr11,121452031,121452887,71,856
chr11,121465874,121466409,5,535
chr11,121486652,121486885,5,233
chr11,121550589,121550727,5,138
chr11,121564762,121565865,7,1103
chr11,121577321,121577399,5,78
chr11,121628890,121628994,5,104
chr11,121655900,121656150,15,250
chr11,121722671,121723651,31,980
chr11,121831140,121831266,6,126
chr11,121964691,121965535,5,844
chr11,122203065,122203303,9,238
chr11,122406672,122407208,7,536
chr11,122440711,122440977,6,266
chr11,122556778,122556937,19,159
chr11,122618895,122619170,7,275
chr11,122636137,122637422,7,1285
chr11,122640462,122641356,6,894
chr11,122655199,122657148,57,1949
chr11,122664613,122665001,6,388
chr11,122766469,122766501,5,32
chr11,122882679,122883323,38,644
chr11,122884890,122885137,9,247
chr11,122904023,122904288,8,265
chr11,122970275,122970559,5,284
chr11,122976573,122980343,40,3770
chr11,122981639,122982130,22,491
chr11,122984298,122985142,20,844
chr11,123002352,123002686,6,334
chr11,123024850,123025324,10,474
chr11,123040151,123042289,17,2138
chr11,123061691,123062888,62,1197
chr11,123081611,123081786,5,175
chr11,123101265,123101492,5,227
chr11,123136037,123138022,11,1985
chr11,123159215,123160150,9,935
chr11,123194856,123196530,50,1674
chr11,123216261,123217466,15,1205
chr11,123255964,123256072,6,108
chr11,123301734,123302307,25,573
chr11,123357944,123358869,9,925
chr11,123430322,123431232,47,910
chr11,123486269,123486405,6,136
chr11,123510052,123510230,7,178
chr11,123560016,123560125,7,109
chr11,123577359,123577993,15,634
chr11,123584076,123584124,5,48
chr11,123592867,123594077,6,1210
chr11,123653944,123655949,50,2005
chr11,123672450,123672524,6,74
chr11,123741096,123741623,27,527
chr11,123938768,123938927,6,159
chr11,124075842,124076363,11,521
chr11,124115414,124116121,5,707
chr11,124481866,124481997,5,131
chr11,124617264,124617420,6,156
chr11,124622769,124623256,23,487
chr11,124673629,124673919,15,290
chr11,124718097,124718516,11,419
chr11,124739691,124740099,26,408
chr11,124745559,124747068,26,1509
chr11,124751648,124752406,15,758
chr11,124758158,124760564,46,2406
chr11,124761663,124763036,72,1373
chr11,124799482,124801197,98,1715
chr11,124836746,124836790,5,44
chr11,124839139,124839755,56,616
chr11,124843258,124844452,11,1194
chr11,124863218,124866712,77,3494
chr11,124867951,124870649,24,2698
chr11,124875725,124878271,28,2546
chr11,124895623,124897031,18,1408
chr11,124920607,124921322,24,715
chr11,124953879,124954394,28,515
chr11,125063018,125063703,22,685
chr11,125111424,125112140,20,716
chr11,125164108,125167388,108,3280
chr11,125170193,125170863,12,670
chr11,125180116,125180329,5,213
chr11,125212512,125212547,5,35
chr11,125263520,125263738,12,218
chr11,125281617,125282670,5,1053
chr11,125348215,125348318,6,103
chr11,125350533,125351183,13,650
chr11,125370498,125371215,8,717
chr11,125388202,125388389,5,187
chr11,125408755,125409743,10,988
chr11,125495185,125496315,48,1130
chr11,125569308,125569794,50,486
chr11,125592641,125592912,20,271
chr11,125625250,125626454,20,1204
chr11,125887497,125888661,50,1164
chr11,125903838,125905233,23,1395
chr11,125939661,125939837,5,176
chr11,125952936,125955201,16,2265
chr11,126062232,126063021,61,789
chr11,126068925,126069325,8,400
chr11,126104470,126105955,9,1485
chr11,126115095,126116663,8,1568
chr11,126133821,126134163,5,342
chr11,126138313,126139498,7,1185
chr11,126150477,126151271,6,794
chr11,126163648,126163924,5,276
chr11,126184186,126185566,10,1380
chr11,126186993,126188744,13,1751
chr11,126211341,126212132,25,791
chr11,126214245,126214307,6,62
chr11,126259845,126260125,6,280
chr11,126268468,126269240,31,772
chr11,126275428,126276121,5,693
chr11,126282610,126283161,37,551
chr11,126302423,126304395,17,1972
chr11,126326847,126328658,10,1811
chr11,126338140,126338320,5,180
chr11,126347014,126347109,5,95
chr11,126355266,126357093,64,1827
chr11,126374376,126374780,6,404
chr11,126383458,126384257,5,799
chr11,126406069,126407555,11,1486
chr11,126415830,126416855,24,1025
chr11,126440424,126440580,12,156
chr11,126442968,126443212,5,244
chr11,126446764,126447043,10,279
chr11,126452681,126452851,10,170
chr11,126454127,126454256,5,129
chr11,126456979,126458022,6,1043
chr11,126465056,126465791,9,735
chr11,126467087,126467307,6,220
chr11,126474349,126475636,8,1287
chr11,126518362,126518621,8,259
chr11,126529126,126529214,6,88
chr11,126530749,126531962,9,1213
chr11,126552310,126552630,5,320
chr11,126585437,126586104,10,667
chr11,126683135,126684027,5,892
chr11,126708579,126708686,9,107
chr11,126712027,126712572,9,545
chr11,126749291,126749455,5,164
chr11,126990414,126990501,5,87
chr11,127000573,127000727,15,154
chr11,127003100,127004079,58,979
chr11,127363138,127363264,6,126
chr11,127824662,127824694,5,32
chr11,128237148,128237259,12,111
chr11,128241977,128242363,8,386
chr11,128450804,128451449,7,645
chr11,128521522,128522605,56,1083
chr11,128548800,128549697,33,897
chr11,128624394,128624716,5,322
chr11,128685338,128686716,9,1378
chr11,128688070,128690567,43,2497
chr11,128692367,128695144,122,2777
chr11,128720518,128720929,8,411
chr11,128745751,128745892,5,141
chr11,128756870,128756974,6,104
chr11,128765433,128765497,5,64
chr11,128789316,128789651,12,335
chr11,128824190,128825646,37,1456
chr11,128828312,128828465,5,153
chr11,128859997,128860311,14,314
chr11,128861757,128861968,5,211
chr11,128890414,128891319,38,905
chr11,128895729,128895794,5,65
chr11,128902609,128902857,5,248
chr11,128904977,128905951,33,974
chr11,128911532,128911976,8,444
chr11,128927613,128928670,5,1057
chr11,128943547,128945370,18,1823
chr11,128969886,128970510,16,624
chr11,129278804,129279966,97,1162
chr11,129344481,129344967,7,486
chr11,129357827,129358006,5,179
chr11,129364290,129364450,10,160
chr11,129372702,129376067,132,3365
chr11,129484985,129485045,6,60
chr11,129574757,129575032,9,275
chr11,129693895,129694793,7,898
chr11,129750823,129750949,12,126
chr11,129813968,129814133,6,165
chr11,129816149,129816830,7,681
chr11,129873516,129873920,8,404
chr11,129895074,129896209,6,1135
chr11,129931628,129931873,10,245
chr11,130001813,130003476,46,1663
chr11,130021685,130022754,13,1069
chr11,130033205,130033296,17,91
chr11,130037577,130037765,7,188
chr11,130040118,130040873,13,755
chr11,130045811,130046223,5,412
chr11,130061915,130061942,6,27
chr11,130069151,130070967,97,1816
chr11,130159476,130160208,47,732
chr11,130169945,130170526,5,581
chr11,130179827,130180926,5,1099
chr11,130187288,130188248,16,960
chr11,130195709,130196660,15,951
chr11,130197767,130197966,13,199
chr11,130209329,130209718,17,389
chr11,130261011,130261332,7,321
chr11,130314095,130315883,70,1788
chr11,130319034,130319542,7,508
chr11,130337629,130337683,7,54
chr11,130371866,130371971,6,105
chr11,130400904,130401956,6,1052
chr11,130422492,130422565,5,73
chr11,130427229,130429063,69,1834
chr11,130438832,130439323,5,491
chr11,130448424,130449583,72,1159
chr11,130455823,130455915,5,92
chr11,130462540,130463044,9,504
chr11,130470924,130471147,10,223
chr11,130473345,130473756,9,411
chr11,130546926,130547156,11,230
chr11,130598411,130598937,5,526
chr11,130669653,130670970,8,1317
chr11,130861902,130862703,15,801
chr11,130872932,130873205,6,273
chr11,130915245,130916787,31,1542
chr11,130926602,130927416,11,814
chr11,131045843,131045993,5,150
chr11,131053274,131053306,5,32
chr11,131158223,131158415,5,192
chr11,131371459,131371893,14,434
chr11,131411461,131412010,7,549
chr11,131521171,131521494,6,323
chr11,131584864,131585375,8,511
chr11,131639880,131640227,6,347
chr11,131688070,131689220,22,1150
chr11,131690441,131691427,21,986
chr11,131694927,131695663,9,736
chr11,131748353,131748932,5,579
chr11,131789772,131789880,6,108
chr11,131838151,131838216,7,65
chr11,131869215,131869459,5,244
chr11,131888225,131888434,6,209
chr11,131909414,131911623,103,2209
chr11,131985545,131985663,5,118
chr11,132161587,132161986,9,399
chr11,132335023,132335410,6,387
chr11,132353389,132353583,12,194
chr11,132424476,132424583,5,107
chr11,132688037,132689081,6,1044
chr11,132792873,132793068,9,195
chr11,132796636,132796738,10,102
chr11,132942738,132944015,41,1277
chr11,132994189,132994462,16,273
chr11,133063052,133065965,39,2913
chr11,133081982,133083411,86,1429
chr11,133150932,133151145,6,213
chr11,133173977,133174228,6,251
chr11,133206924,133207009,5,85
chr11,133390208,133390319,9,111
chr11,133448518,133448550,5,32
chr11,133529874,133530185,7,311
chr11,133537796,133538032,6,236
chr11,133579372,133579702,10,330
chr11,133787509,133787856,18,347
chr11,133831986,133834800,45,2814
chr11,133841222,133841748,8,526
chr11,133909098,133909333,6,235
chr11,133911886,133911988,7,102
chr11,133918199,133920449,40,2250
chr11,133924835,133928296,21,3461
chr11,133951110,133951879,8,769
chr11,133955314,133957561,158,2247
chr11,133967358,133967719,24,361
chr11,133969399,133972811,14,3412
chr11,133982429,133984268,13,1839
chr11,133988583,133989045,11,462
chr11,133991780,133992219,7,439
chr11,134018161,134018407,5,246
chr11,134025157,134025395,5,238
chr11,134032703,134034290,20,1587
chr11,134036924,134037602,35,678
chr11,134046307,134047802,15,1495
chr11,134050191,134050720,16,529
chr11,134058541,134058724,5,183
chr11,134068906,134069934,24,1028
chr11,134124747,134124916,13,169
chr11,134156270,134156687,5,417
chr11,134223671,134225754,88,2083
chr11,134253519,134253753,25,234
chr11,134260976,134261418,6,442
chr11,134275783,134277249,73,1466
chr11,134283123,134283756,6,633
chr11,134286708,134287965,6,1257
chr11,134329811,134332960,82,3149
chr11,134341329,134344145,34,2816
chr11,134360420,134363681,50,3261
chr11,134367897,134368028,8,131
chr11,134383588,134385009,37,1421
chr11,134389844,134390043,6,199
chr11,134395209,134395453,6,244
chr11,134398766,134399056,5,290
chr11,134411591,134413580,95,1989
chr11,134441068,134441710,5,642
chr11,134471508,134472012,9,504
chr11,134479449,134479617,6,168
chr11,134513266,134514101,6,835
chr11,134517005,134517869,5,864
chr11,134523880,134523973,10,93
chr11,134531847,134532991,12,1144
chr11,134535823,134536758,10,935
chr11,134572833,134572922,7,89
chr11,134609624,134610579,12,955
chr11,134643426,134644680,11,1254
chr11,134656346,134657384,8,1038
chr11,134712675,134712903,8,228
chr11,134727239,134729014,10,1775
chr11,134761490,134762996,26,1506
chr11,134843602,134843713,5,111
chr11,134907141,134907791,5,650
chr11,134931517,134932074,9,557
chr11,134978563,134979654,5,1091
chr11,135037723,135037879,5,156
chr11,135055588,135055693,5,105
chr11,135076373,135076423,9,50
chr12,11096,11285,18,189
chr12,66792,66905,11,113
chr12,77948,78340,35,392
chr12,107388,107502,5,114
chr12,138290,141339,35,3049
chr12,163164,163632,5,468
chr12,171750,172111,5,361
chr12,174652,176074,13,1422
chr12,187335,189407,33,2072
chr12,193332,193710,6,378
chr12,203217,204657,39,1440
chr12,212885,213937,6,1052
chr12,219189,220171,9,982
chr12,233178,234145,8,967
chr12,271135,271367,5,232
chr12,388478,389713,30,1235
chr12,401121,401962,7,841
chr12,413262,413666,10,404
chr12,427567,428427,7,860
chr12,453682,454393,6,711
chr12,459927,462366,72,2439
chr12,546448,547034,19,586
chr12,549894,550136,6,242
chr12,553852,555876,21,2024
chr12,562117,562300,5,183
chr12,569991,570722,19,731
chr12,576248,576626,23,378
chr12,591932,592556,6,624
chr12,627017,628020,5,1003
chr12,631094,631456,8,362
chr12,641793,644033,70,2240
chr12,663292,663391,5,99
chr12,689101,690574,8,1473
chr12,739993,740683,10,690
chr12,751314,754104,87,2790
chr12,844387,844463,5,76
chr12,925229,926242,5,1013
chr12,949073,950390,54,1317
chr12,986561,987063,5,502
chr12,989909,991574,23,1665
chr12,1440329,1440365,5,36
chr12,1454282,1454561,5,279
chr12,1473335,1473525,5,190
chr12,1496684,1496778,5,94
chr12,1500176,1500225,6,49
chr12,1508389,1508764,7,375
chr12,1530006,1531829,163,1823
chr12,1566988,1567406,6,418
chr12,1593864,1595277,95,1413
chr12,1629599,1631224,63,1625
chr12,1632688,1632839,5,151
chr12,1639198,1640030,42,832
chr12,1646888,1647121,5,233
chr12,1661499,1663233,40,1734
chr12,1664477,1665076,6,599
chr12,1691133,1691437,28,304
chr12,1795418,1799335,86,3917
chr12,1802405,1802847,8,442
chr12,1828030,1828128,7,98
chr12,1831366,1831537,9,171
chr12,1834638,1834904,12,266
chr12,1843006,1843690,6,684
chr12,1864796,1865088,21,292
chr12,1881429,1881517,5,88
chr12,1907887,1909650,26,1763
chr12,1913956,1914824,7,868
chr12,1917673,1918154,11,481
chr12,1923404,1925448,7,2044
chr12,2035032,2035441,16,409
chr12,2052052,2054369,152,2317
chr12,2105469,2105574,7,105
chr12,2115311,2115478,9,167
chr12,2122845,2122988,5,143
chr12,2213729,2213924,5,195
chr12,2230043,2231713,30,1670
chr12,2267038,2267497,9,459
chr12,2268797,2269209,5,412
chr12,2283612,2284153,6,541
chr12,2302958,2303775,7,817
chr12,2319625,2320080,5,455
chr12,2348202,2348539,6,337
chr12,2457442,2457484,5,42
chr12,2489412,2489515,7,103
chr12,2503877,2504775,10,898
chr12,2578536,2578751,5,215
chr12,2583027,2583464,35,437
chr12,2623889,2625433,12,1544
chr12,2627483,2627922,6,439
chr12,2634013,2634443,6,430
chr12,2647863,2649416,5,1553
chr12,2651688,2651795,8,107
chr12,2652933,2654110,14,1177
chr12,2679712,2680221,7,509
chr12,2689150,2689623,5,473
chr12,2691297,2691786,26,489
chr12,2752511,2753109,11,598
chr12,2792486,2795950,124,3464
chr12,2809010,2809893,9,883
chr12,2811234,2811387,6,153
chr12,2846035,2846174,6,139
chr12,2851539,2851974,5,435
chr12,2853774,2854267,8,493
chr12,2858596,2859356,7,760
chr12,2870519,2870555,5,36
chr12,2876389,2877417,33,1028
chr12,2890595,2891373,22,778
chr12,2907200,2907579,6,379
chr12,2917808,2917982,5,174
chr12,2944298,2945276,6,978
chr12,2947185,2947708,10,523
chr12,2949895,2950125,8,230
chr12,2951284,2952334,6,1050
chr12,2958811,2960239,111,1428
chr12,2962390,2965206,11,2816
chr12,2973827,2974887,7,1060
chr12,2994649,2995043,8,394
chr12,2999349,2999832,6,483
chr12,3009354,3009998,8,644
chr12,3031162,3031312,5,150
chr12,3033362,3033780,12,418
chr12,3038739,3040155,11,1416
chr12,3071459,3072121,15,662
chr12,3076133,3078044,86,1911
chr12,3097966,3098046,6,80
chr12,3130685,3131215,8,530
chr12,3157747,3158183,9,436
chr12,3172354,3172480,6,126
chr12,3199782,3201040,85,1258
chr12,3215798,3217226,11,1428
chr12,3222931,3223407,8,476
chr12,3244597,3244723,6,126
chr12,3263917,3264944,6,1027
chr12,3273125,3273602,5,477
chr12,3280597,3283118,9,2521
chr12,3311317,3311489,8,172
chr12,3326647,3326753,5,106
chr12,3328509,3328781,6,272
chr12,3365873,3366269,29,396
chr12,3490914,3493771,94,2857
chr12,3551606,3552428,11,822
chr12,3576909,3577031,5,122
chr12,3600213,3602416,17,2203
chr12,3619296,3620201,8,905
chr12,3633614,3633708,6,94
chr12,3638053,3638534,9,481
chr12,3752986,3753674,34,688
chr12,3838772,3839228,38,456
chr12,3872850,3873319,25,469
chr12,3933367,3933659,5,292
chr12,3979866,3980111,5,245
chr12,4010891,4011768,14,877
chr12,4031020,4032677,47,1657
chr12,4157907,4158063,5,156
chr12,4164660,4165485,32,825
chr12,4181775,4181963,6,188
chr12,4268960,4275585,145,6625
chr12,4290244,4291062,5,818
chr12,4320111,4321687,48,1576
chr12,4323644,4324669,18,1025
chr12,4333405,4333561,6,156
chr12,4370382,4371010,31,628
chr12,4392358,4392551,5,193
chr12,4426574,4427112,5,538
chr12,4445360,4445651,5,291
chr12,4538737,4539031,5,294
chr12,4561871,4562766,32,895
chr12,4604943,4605028,6,85
chr12,4648736,4649345,16,609
chr12,4698231,4698336,5,105
chr12,4763742,4763776,5,34
chr12,4809429,4811557,90,2128
chr12,4856803,4857271,7,468
chr12,4861294,4861448,5,154
chr12,4909433,4911769,94,2336
chr12,4960378,4960884,7,506
chr12,5003154,5003240,5,86
chr12,5022598,5022704,5,106
chr12,5043799,5045354,79,1555
chr12,5205842,5206071,5,229
chr12,5394091,5394195,5,104
chr12,5423190,5423300,5,110
chr12,5430950,5433747,81,2797
chr12,5446775,5446905,5,130
chr12,5479187,5479452,6,265
chr12,5480507,5480768,10,261
chr12,5521888,5522159,5,271
chr12,5827262,5828286,12,1024
chr12,5887826,5888241,9,415
chr12,5945238,5945583,21,345
chr12,6018442,6019222,5,780
chr12,6037460,6037508,5,48
chr12,6040068,6040333,6,265
chr12,6056672,6058144,40,1472
chr12,6068512,6068561,5,49
chr12,6075189,6075291,5,102
chr12,6087555,6088577,10,1022
chr12,6122392,6123175,5,783
chr12,6131474,6132669,15,1195
chr12,6159043,6159660,13,617
chr12,6161079,6161317,6,238
chr12,6195004,6195100,5,96
chr12,6200223,6201342,45,1119
chr12,6210199,6210594,7,395
chr12,6232602,6232654,5,52
chr12,6235755,6236107,6,352
chr12,6246355,6246425,6,70
chr12,6256196,6256559,5,363
chr12,6278273,6279889,47,1616
chr12,6281852,6282106,7,254
chr12,6310275,6311004,60,729
chr12,6321751,6321924,6,173
chr12,6327477,6327855,16,378
chr12,6340585,6341888,14,1303
chr12,6363616,6364000,23,384
chr12,6375031,6377473,15,2442
chr12,6383762,6385958,27,2196
chr12,6390775,6391036,6,261
chr12,6449374,6449706,6,332
chr12,6450927,6452215,11,1288
chr12,6470598,6471212,26,614
chr12,6493350,6494125,18,775
chr12,6528639,6529331,6,692
chr12,6531543,6535774,95,4231
chr12,6539139,6540357,5,1218
chr12,6548562,6548612,6,50
chr12,6551236,6551757,11,521
chr12,6554516,6556672,62,2156
chr12,6568338,6569558,23,1220
chr12,6571885,6571992,5,107
chr12,6605789,6607515,56,1726
chr12,6613825,6613973,6,148
chr12,6625349,6625639,6,290
chr12,6631490,6632266,8,776
chr12,6647444,6647475,7,31
chr12,6659431,6659562,5,131
chr12,6663136,6663270,8,134
chr12,6689067,6689709,32,642
chr12,6700090,6701202,16,1112
chr12,6705410,6706203,8,793
chr12,6707304,6708399,7,1095
chr12,6715494,6716135,7,641
chr12,6721886,6721984,10,98
chr12,6724025,6724126,5,101
chr12,6739209,6739432,15,223
chr12,6749141,6750686,18,1545
chr12,6752821,6753720,22,899
chr12,6756533,6756998,6,465
chr12,6764110,6764529,6,419
chr12,6765731,6768023,110,2292
chr12,6770273,6770970,7,697
chr12,6773690,6774748,17,1058
chr12,6778941,6779437,8,496
chr12,6784029,6784399,6,370
chr12,6821526,6821976,21,450
chr12,6826536,6827022,14,486
chr12,6828490,6829254,52,764
chr12,6837105,6837646,11,541
chr12,6840773,6840962,6,189
chr12,6850996,6852704,34,1708
chr12,6863154,6863294,5,140
chr12,6867271,6868119,49,848
chr12,6872325,6873658,27,1333
chr12,6891230,6891417,12,187
chr12,6901122,6902064,7,942
chr12,6904723,6904926,13,203
chr12,6914079,6917831,70,3752
chr12,6926661,6929279,117,2618
chr12,6937249,6938754,25,1505
chr12,6942963,6944714,68,1751
chr12,6946748,6946865,9,117
chr12,6950787,6952760,11,1973
chr12,6956194,6958421,21,2227
chr12,6959593,6960797,7,1204
chr12,6961912,6963853,25,1941
chr12,6969755,6971571,31,1816
chr12,7000512,7000799,8,287
chr12,7018188,7018992,42,804
chr12,7038772,7038897,9,125
chr12,7048867,7048972,6,105
chr12,7080776,7081010,5,234
chr12,7098083,7098321,11,238
chr12,7108064,7109550,32,1486
chr12,7129683,7129812,7,129
chr12,7162879,7163033,6,154
chr12,7188424,7190065,34,1641
chr12,7209791,7210071,5,280
chr12,7440219,7440333,17,114
chr12,7628232,7628692,20,460
chr12,7640201,7640967,9,766
chr12,7678116,7678372,5,256
chr12,7688875,7689409,13,534
chr12,7691931,7692204,5,273
chr12,7705177,7706677,20,1500
chr12,7712835,7713004,9,169
chr12,7739516,7739771,6,255
chr12,7768656,7769674,5,1018
chr12,7810926,7811023,6,97
chr12,7827242,7827368,5,126
chr12,7872735,7873289,28,554
chr12,7881070,7882205,18,1135
chr12,7897711,7897817,7,106
chr12,7904250,7904982,9,732
chr12,7914058,7915503,21,1445
chr12,7938963,7939063,8,100
chr12,7942005,7942209,9,204
chr12,7955188,7956353,8,1165
chr12,7959526,7960919,9,1393
chr12,7962748,7963028,16,280
chr12,7966669,7966776,7,107
chr12,7970798,7970891,8,93
chr12,7972938,7973308,10,370
chr12,8018028,8019153,22,1125
chr12,8021133,8021503,9,370
chr12,8026754,8027532,27,778
chr12,8031395,8033921,67,2526
chr12,8062988,8063223,11,235
chr12,8180236,8181049,23,813
chr12,8216097,8216466,5,369
chr12,8243887,8243924,6,37
chr12,8280462,8280714,8,252
chr12,8290449,8290601,7,152
chr12,8389928,8390464,16,536
chr12,8396308,8396647,13,339
chr12,8442226,8442953,11,727
chr12,8444216,8445208,9,992
chr12,8633105,8634098,10,993
chr12,8653116,8653348,5,232
chr12,8680645,8682745,7,2100
chr12,8697104,8698497,78,1393
chr12,8788661,8788856,6,195
chr12,8823224,8823762,6,538
chr12,8843182,8843322,7,140
chr12,8845523,8845766,9,243
chr12,8852840,8853118,5,278
chr12,8914268,8914918,14,650
chr12,8949432,8949953,23,521
chr12,8956606,8956723,5,117
chr12,9064613,9065254,40,641
chr12,9121181,9121465,5,284
chr12,9124293,9124660,7,367
chr12,9127868,9128370,12,502
chr12,9203434,9203498,5,64
chr12,9240223,9240344,7,121
chr12,9323948,9326759,17,2811
chr12,9448144,9448656,9,512
chr12,9450662,9451794,12,1132
chr12,9647457,9648146,33,689
chr12,9739900,9739951,10,51
chr12,9749123,9749205,6,82
chr12,9814070,9814341,7,271
chr12,9876413,9876453,5,40
chr12,9936292,9936979,6,687
chr12,10030568,10030635,8,67
chr12,10136306,10136338,5,32
chr12,10209843,10211307,9,1464
chr12,10213009,10213967,14,958
chr12,10216129,10216337,7,208
chr12,10225599,10225647,6,48
chr12,10581358,10581459,5,101
chr12,10613390,10613967,38,577
chr12,10674109,10674415,16,306
chr12,10709942,10710111,13,169
chr12,10713011,10713304,12,293
chr12,10722121,10723543,65,1422
chr12,10750317,10750397,5,80
chr12,11171191,11172368,19,1177
chr12,11183683,11183823,5,140
chr12,11500698,11500893,17,195
chr12,11547261,11547674,20,413
chr12,11648715,11650376,81,1661
chr12,11766374,11766587,6,213
chr12,11812887,11813318,8,431
chr12,11821290,11822589,15,1299
chr12,11842006,11842608,7,602
chr12,11869548,11869752,8,204
chr12,11961095,11961225,6,130
chr12,12010256,12010531,8,275
chr12,12032263,12033223,9,960
chr12,12072273,12072411,5,138
chr12,12111085,12111149,6,64
chr12,12202314,12202650,8,336
chr12,12233324,12236021,14,2697
chr12,12265947,12267350,50,1403
chr12,12271360,12271545,7,185
chr12,12350044,12350356,22,312
chr12,12357088,12357242,18,154
chr12,12447509,12448308,7,799
chr12,12561917,12562978,45,1061
chr12,12569232,12569337,6,105
chr12,12664054,12665975,12,1921
chr12,12715746,12718990,79,3244
chr12,12724074,12726132,98,2058
chr12,12786725,12787248,56,523
chr12,12813261,12813351,12,90
chr12,12825890,12826044,5,154
chr12,12832220,12832339,8,119
chr12,12883927,12884030,6,103
chr12,12886743,12887248,7,505
chr12,12891161,12893089,30,1928
chr12,12926813,12927389,5,576
chr12,13000192,13001666,58,1474
chr12,13034886,13035243,6,357
chr12,13044335,13044789,44,454
chr12,13099736,13101739,43,2003
chr12,13135652,13135973,6,321
chr12,13274040,13274452,8,412
chr12,13278417,13278512,6,95
chr12,13562981,13563516,10,535
chr12,13926675,13926769,5,94
chr12,13980309,13981809,46,1500
chr12,14162352,14162712,5,360
chr12,14285294,14285427,7,133
chr12,14304541,14305438,6,897
chr12,14321222,14321315,6,93
chr12,14326332,14327409,8,1077
chr12,14354801,14354929,9,128
chr12,14567019,14568080,33,1061
chr12,14751043,14751191,6,148
chr12,14769402,14770986,40,1584
chr12,14774208,14775050,31,842
chr12,14803156,14803592,13,436
chr12,14982029,14982132,8,103
chr12,15094373,15095384,6,1011
chr12,15322686,15322833,8,147
chr12,15343793,15343840,5,47
chr12,15348647,15348712,8,65
chr12,15788432,15790025,48,1593
chr12,15874614,15875005,7,391
chr12,15882331,15882685,16,354
chr12,15910944,15911579,35,635
chr12,16321400,16321477,5,77
chr12,16347629,16347667,8,38
chr12,16554472,16554938,16,466
chr12,16605614,16606848,7,1234
chr12,16805170,16805534,11,364
chr12,17007631,17007813,7,182
chr12,17425524,17425657,5,133
chr12,18039696,18040286,9,590
chr12,18049618,18049824,6,206
chr12,18220332,18220461,5,129
chr12,18460400,18460530,6,130
chr12,18500167,18500932,6,765
chr12,18934410,18934455,5,45
chr12,19129640,19130957,50,1317
chr12,19229316,19230572,8,1256
chr12,19296158,19296234,5,76
chr12,19306256,19307034,28,778
chr12,19360396,19360560,7,164
chr12,19385839,19386105,5,266
chr12,19392283,19392802,5,519
chr12,19419227,19419802,9,575
chr12,19433995,19434298,5,303
chr12,19439280,19440115,29,835
chr12,19762513,19762725,5,212
chr12,19775380,19776131,17,751
chr12,20352178,20352257,6,79
chr12,20368133,20370268,64,2135
chr12,20400608,20400713,6,105
chr12,20428414,20428440,6,26
chr12,20552065,20552215,6,150
chr12,20807753,20807848,12,95
chr12,21137803,21138323,6,520
chr12,21437566,21438434,25,868
chr12,21501248,21502105,37,857
chr12,21527125,21527981,40,856
chr12,21657577,21658411,13,834
chr12,21661845,21661948,8,103
chr12,21773956,21774989,23,1033
chr12,21940746,21942285,50,1539
chr12,22046266,22046860,21,594
chr12,22170026,22171092,7,1066
chr12,22320566,22320642,5,76
chr12,22333949,22335689,55,1740
chr12,22376889,22376945,8,56
chr12,22544123,22544413,36,290
chr12,22623934,22625512,46,1578
chr12,22692416,22693449,21,1033
chr12,23784427,23784487,6,60
chr12,23824561,23826198,12,1637
chr12,23872058,23872291,6,233
chr12,23949873,23949913,5,40
chr12,24525728,24525779,7,51
chr12,24561722,24564483,71,2761
chr12,24901852,24903286,49,1434
chr12,24948479,24949262,33,783
chr12,25191221,25191349,5,128
chr12,25195157,25195895,19,738
chr12,25248231,25248575,8,344
chr12,25250612,25251919,52,1307
chr12,25272891,25273742,5,851
chr12,25291828,25291929,6,101
chr12,25369342,25370801,19,1459
chr12,25386111,25386484,44,373
chr12,25552462,25552531,7,69
chr12,25825641,25825959,5,318
chr12,25958221,25959730,95,1509
chr12,26114016,26114647,24,631
chr12,26121709,26123044,26,1335
chr12,26125082,26126749,80,1667
chr12,26195722,26196112,15,390
chr12,26226851,26227352,19,501
chr12,26277714,26278064,6,350
chr12,26607940,26608075,7,135
chr12,26811611,26811808,7,197
chr12,26832277,26833561,43,1284
chr12,26920501,26920559,5,58
chr12,26937953,26939016,55,1063
chr12,26950323,26950383,5,60
chr12,27013958,27014734,52,776
chr12,27022798,27023453,8,655
chr12,27244101,27244675,30,574
chr12,27332894,27333681,45,787
chr12,27523772,27524641,20,869
chr12,27549419,27549945,7,526
chr12,27699723,27699808,6,85
chr12,27709928,27711452,37,1524
chr12,27714511,27714793,5,282
chr12,27751346,27751526,5,180
chr12,27779653,27780543,62,890
chr12,27949330,27949718,6,388
chr12,27969285,27971005,72,1720
chr12,27974040,27976408,42,2368
chr12,28161288,28161347,6,59
chr12,28190078,28190716,40,638
chr12,28645648,28646435,7,787
chr12,28874452,28874618,5,166
chr12,29148386,29149993,60,1607
chr12,29380643,29381366,25,723
chr12,29386581,29386609,6,28
chr12,29389578,29389759,23,181
chr12,29485540,29485700,9,160
chr12,29629146,29629237,7,91
chr12,29783083,29784564,94,1481
chr12,29802069,29802333,7,264
chr12,30107292,30107385,8,93
chr12,30110772,30110810,5,38
chr12,30169797,30170880,23,1083
chr12,30200675,30201576,41,901
chr12,30518986,30519337,8,351
chr12,30695734,30696114,27,380
chr12,30754452,30755239,77,787
chr12,30796134,30797818,54,1684
chr12,30822654,30823415,32,761
chr12,30851433,30851655,6,222
chr12,30880031,30880298,5,267
chr12,30922348,30922530,6,182
chr12,30926149,30926862,34,713
chr12,30979504,30981592,14,2088
chr12,31015454,31015873,10,419
chr12,31073421,31074058,29,637
chr12,31102526,31102874,6,348
chr12,31117296,31117515,14,219
chr12,31119617,31120636,11,1019
chr12,31122685,31122714,5,29
chr12,31175610,31175650,5,40
chr12,31246076,31246707,8,631
chr12,31252380,31252495,7,115
chr12,31323784,31327250,104,3466
chr12,31366547,31366875,7,328
chr12,31371683,31372009,7,326
chr12,31385866,31385971,6,105
chr12,31405636,31405931,5,295
chr12,31422354,31422416,6,62
chr12,31446751,31446811,5,60
chr12,31487558,31487626,5,68
chr12,31556022,31556102,6,80
chr12,31589838,31591321,93,1483
chr12,31628841,31628903,7,62
chr12,31639096,31639418,7,322
chr12,31652212,31653478,7,1266
chr12,31658983,31659271,16,288
chr12,31661226,31661853,9,627
chr12,31728464,31729615,13,1151
chr12,31782350,31782511,5,161
chr12,31798701,31798733,5,32
chr12,31810111,31810547,5,436
chr12,31959524,31960087,24,563
chr12,32009658,32010465,12,807
chr12,32030435,32030551,5,116
chr12,32060363,32060671,8,308
chr12,32083167,32083445,7,278
chr12,32106528,32107325,71,797
chr12,32140573,32140893,5,320
chr12,32276047,32276234,6,187
chr12,32390226,32390982,11,756
chr12,32399514,32399911,27,397
chr12,32405123,32405352,5,229
chr12,32481025,32481160,5,135
chr12,32523790,32524004,7,214
chr12,32646826,32646886,5,60
chr12,32657911,32658787,7,876
chr12,32678666,32679503,19,837
chr12,32755145,32756788,11,1643
chr12,32796041,32796166,7,125
chr12,32880256,32880324,5,68
chr12,32894022,32894388,5,366
chr12,32896485,32897101,15,616
chr12,33052646,33053169,8,523
chr12,33438960,33440051,84,1091
chr12,34022487,34022684,7,197
chr12,34039003,34039235,5,232
chr12,34107875,34108203,28,328
chr12,34126255,34126399,5,144
chr12,34198958,34199221,5,263
chr12,34205395,34205803,10,408
chr12,34208436,34209539,13,1103
chr12,34210888,34212292,32,1404
chr12,34218722,34219575,19,853
chr12,34249211,34249493,6,282
chr12,34292874,34293699,6,825
chr12,34295442,34295831,8,389
chr12,34301060,34303665,28,2605
chr12,34304727,34304926,8,199
chr12,34308319,34309846,15,1527
chr12,34313753,34313947,5,194
chr12,34316029,34316240,5,211
chr12,34317304,34318348,11,1044
chr12,34319629,34319815,6,186
chr12,34324633,34326103,18,1470
chr12,34330804,34331016,6,212
chr12,34334232,34351961,582,17729
chr12,34364746,34365612,6,866
chr12,34384208,34384315,7,107
chr12,34398906,34399037,7,131
chr12,34401065,34401193,6,128
chr12,34625254,34625468,5,214
chr12,37418268,37418471,9,203
chr12,37419635,37419839,11,204
chr12,37421360,37421685,8,325
chr12,37540966,37541165,6,199
chr12,37542306,37542512,8,206
chr12,37543921,37543997,6,76
chr12,37547768,37548832,16,1064
chr12,37577388,37577519,6,131
chr12,38050957,38051321,8,364
chr12,38055825,38056290,10,465
chr12,38137269,38138783,31,1514
chr12,38152866,38160696,179,7830
chr12,38163201,38163832,7,631
chr12,38316631,38316840,12,209
chr12,38904657,38906774,43,2117
chr12,39144632,39145606,36,974
chr12,39442441,39443780,52,1339
chr12,39619634,39620402,12,768
chr12,40105075,40106182,68,1107
chr12,40176969,40177377,5,408
chr12,40224602,40225107,29,505
chr12,40353102,40353151,5,49
chr12,40692115,40693822,54,1707
chr12,41188387,41190295,53,1908
chr12,41672267,41672509,9,242
chr12,41743990,41744397,5,407
chr12,41791542,41791974,6,432
chr12,41932576,41932960,18,384
chr12,42008249,42008544,5,295
chr12,42024166,42024456,6,290
chr12,42111246,42111316,6,70
chr12,42144357,42144825,20,468
chr12,42147782,42147883,5,101
chr12,42227736,42228497,5,761
chr12,42237599,42238788,84,1189
chr12,42286968,42288327,6,1359
chr12,42326101,42326214,18,113
chr12,42460149,42460278,5,129
chr12,42482942,42484092,55,1150
chr12,42491876,42491944,6,68
chr12,42589065,42590333,82,1268
chr12,42610030,42610168,6,138
chr12,42788591,42788623,5,32
chr12,43224291,43224492,15,201
chr12,43459037,43459259,5,222
chr12,43551578,43552690,43,1112
chr12,43572077,43572112,6,35
chr12,43594656,43595155,5,499
chr12,43758777,43759452,9,675
chr12,43806059,43806888,17,829
chr12,43820200,43820366,5,166
chr12,43835143,43837639,58,2496
chr12,43864947,43865076,5,129
chr12,44875244,44877051,55,1807
chr12,45049440,45051814,80,2374
chr12,45174775,45174877,6,102
chr12,45216041,45216956,33,915
chr12,45301930,45302086,5,156
chr12,45611251,45611334,5,83
chr12,45625789,45626085,8,296
chr12,45726988,45730961,150,3973
chr12,45982428,45982881,5,453
chr12,45989677,45991762,85,2085
chr12,46266564,46269911,94,3347
chr12,46371649,46373540,77,1891
chr12,46382383,46384072,39,1689
chr12,46549212,46549458,7,246
chr12,46830933,46831782,28,849
chr12,46904995,46905174,7,179
chr12,47078949,47081153,86,2204
chr12,47211999,47212204,5,205
chr12,47233331,47233466,5,135
chr12,47305399,47307380,21,1981
chr12,47333404,47333487,7,83
chr12,47405384,47405641,7,257
chr12,47703911,47705834,24,1923
chr12,47737661,47738261,9,600
chr12,47758802,47759741,29,939
chr12,47772651,47773673,68,1022
chr12,47779186,47779523,6,337
chr12,47785320,47786413,6,1093
chr12,47790630,47790795,8,165
chr12,47801872,47802255,7,383
chr12,47812904,47813289,24,385
chr12,47819097,47821336,53,2239
chr12,47853299,47853391,9,92
chr12,47904896,47905658,18,762
chr12,47942059,47942389,11,330
chr12,47946503,47947675,13,1172
chr12,47963482,47964321,16,839
chr12,47979719,47979851,6,132
chr12,48001632,48002933,32,1301
chr12,48004140,48005654,64,1514
chr12,48105642,48106384,22,742
chr12,48156710,48157509,25,799
chr12,48183117,48184925,58,1808
chr12,48198258,48198938,19,680
chr12,48221206,48221310,7,104
chr12,48296830,48297136,10,306
chr12,48325881,48326098,8,217
chr12,48329619,48329782,14,163
chr12,48350674,48351155,48,481
chr12,48527657,48528282,26,625
chr12,48539957,48540015,5,58
chr12,48581444,48581514,6,70
chr12,48630814,48630972,6,158
chr12,48664479,48664545,5,66
chr12,48681848,48682711,32,863
chr12,48715563,48717338,44,1775
chr12,48764688,48765079,6,391
chr12,48783220,48784038,8,818
chr12,48788562,48789094,49,532
chr12,48801051,48802150,16,1099
chr12,48814517,48815889,33,1372
chr12,48818058,48819045,55,987
chr12,48826752,48826812,5,60
chr12,48851397,48852796,26,1399
chr12,48890928,48892812,21,1884
chr12,48903686,48904316,19,630
chr12,48913406,48913790,9,384
chr12,48925046,48925615,19,569
chr12,48945307,48945509,6,202
chr12,48956518,48957591,28,1073
chr12,48966202,48967415,6,1213
chr12,48969956,48972541,38,2585
chr12,48977908,48982046,131,4138
chr12,48986829,48986907,6,78
chr12,48994544,48995626,29,1082
chr12,48996929,48999500,71,2571
chr12,49018287,49018884,30,597
chr12,49020479,49021376,6,897
chr12,49049969,49050022,5,53
chr12,49051473,49052219,9,746
chr12,49054650,49054742,9,92
chr12,49059306,49060709,84,1403
chr12,49061901,49062153,6,252
chr12,49068997,49070807,35,1810
chr12,49089655,49092232,71,2577
chr12,49094181,49094887,27,706
chr12,49109853,49110464,17,611
chr12,49112573,49112605,5,32
chr12,49119289,49119510,7,221
chr12,49123132,49123200,5,68
chr12,49130134,49131343,30,1209
chr12,49187489,49189116,33,1627
chr12,49208841,49208914,6,73
chr12,49212291,49212478,5,187
chr12,49233361,49237136,35,3775
chr12,49252837,49253008,5,171
chr12,49254039,49254167,6,128
chr12,49264144,49266386,62,2242
chr12,49289867,49293505,25,3638
chr12,49295172,49295225,6,53
chr12,49296880,49297626,31,746
chr12,49322488,49323618,31,1130
chr12,49329179,49330644,9,1465
chr12,49332499,49334134,46,1635
chr12,49336225,49337857,24,1632
chr12,49341099,49343160,59,2061
chr12,49345052,49347932,64,2880
chr12,49366065,49367813,115,1748
chr12,49389330,49389439,6,109
chr12,49462997,49463232,5,235
chr12,49503573,49503799,5,226
chr12,49529877,49530294,8,417
chr12,49537718,49541547,116,3829
chr12,49545541,49545907,7,366
chr12,49548848,49549359,21,511
chr12,49555162,49555308,8,146
chr12,49567656,49569810,33,2154
chr12,49578664,49579576,5,912
chr12,49621239,49623743,61,2504
chr12,49706100,49707792,96,1692
chr12,49765614,49765834,9,220
chr12,49793751,49795773,13,2022
chr12,49826969,49828692,36,1723
chr12,49842240,49842932,9,692
chr12,49866699,49867606,6,907
chr12,49903483,49904190,50,707
chr12,49953780,49954683,5,903
chr12,49961117,49962346,56,1229
chr12,49967043,49968128,24,1085
chr12,49973541,49974503,7,962
chr12,50025048,50025692,10,644
chr12,50054458,50055204,7,746
chr12,50057454,50058506,58,1052
chr12,50059874,50059966,6,92
chr12,50084697,50085594,30,897
chr12,50104027,50104233,5,206
chr12,50107765,50108077,5,312
chr12,50111723,50113725,43,2002
chr12,50166950,50167984,38,1034
chr12,50174039,50175286,16,1247
chr12,50283394,50283698,29,304
chr12,50315571,50315946,5,375
chr12,50346028,50346292,5,264
chr12,50393116,50393265,11,149
chr12,50400814,50402323,25,1509
chr12,50457197,50457299,7,102
chr12,50459748,50459992,5,244
chr12,50484127,50485606,10,1479
chr12,50503546,50505477,54,1931
chr12,50512295,50512770,6,475
chr12,50525282,50525344,6,62
chr12,50632252,50632629,5,377
chr12,50662942,50663384,12,442
chr12,50702270,50702579,5,309
chr12,50707414,50707996,5,582
chr12,50763240,50764709,43,1469
chr12,50924492,50925535,8,1043
chr12,51024575,51024885,5,310
chr12,51025952,51026904,45,952
chr12,51047566,51048639,14,1073
chr12,51066377,51066497,8,120
chr12,51073704,51074210,6,506
chr12,51082442,51084411,26,1969
chr12,51121277,51121558,12,281
chr12,51172804,51173591,30,787
chr12,51180546,51181088,8,542
chr12,51217128,51219035,88,1907
chr12,51222211,51223110,5,899
chr12,51238560,51239316,31,756
chr12,51269728,51270767,79,1039
chr12,51287674,51287744,5,70
chr12,51290857,51291005,5,148
chr12,51294309,51295372,7,1063
chr12,51300942,51301123,6,181
chr12,51317919,51318539,6,620
chr12,51323960,51324847,16,887
chr12,51391578,51393206,65,1628
chr12,51424755,51425531,49,776
chr12,51426873,51427062,5,189
chr12,51450959,51451324,5,365
chr12,51590746,51592511,74,1765
chr12,51680928,51681167,5,239
chr12,51721500,51722378,22,878
chr12,51813705,51814748,78,1043
chr12,51820199,51822077,111,1878
chr12,51847055,51849517,113,2462
chr12,51864153,51864974,25,821
chr12,51868899,51869665,20,766
chr12,51887708,51888153,8,445
chr12,51906979,51907715,50,736
chr12,51917675,51917889,8,214
chr12,51923366,51923948,12,582
chr12,51951537,51952653,43,1116
chr12,51993691,51994610,21,919
chr12,52006711,52007850,62,1139
chr12,52014778,52015054,36,276
chr12,52023035,52023874,46,839
chr12,52025220,52026113,22,893
chr12,52036836,52037759,67,923
chr12,52044375,52044515,5,140
chr12,52050318,52052710,56,2392
chr12,52056963,52057624,13,661
chr12,52069582,52070270,17,688
chr12,52079866,52080119,32,253
chr12,52087208,52087469,9,261
chr12,52089459,52089669,6,210
chr12,52093379,52093896,6,517
chr12,52096187,52097481,9,1294
chr12,52115893,52116078,5,185
chr12,52121885,52122162,10,277
chr12,52125314,52125505,7,191
chr12,52139031,52139837,10,806
chr12,52152303,52152553,25,250
chr12,52232964,52233450,30,486
chr12,52250225,52250514,15,289
chr12,52258370,52258910,36,540
chr12,52279089,52279698,23,609
chr12,52308594,52309061,24,467
chr12,52321152,52321194,6,42
chr12,52356377,52357059,10,682
chr12,52399986,52400085,10,99
chr12,52406100,52406322,8,222
chr12,52517130,52517204,5,74
chr12,52519993,52521280,13,1287
chr12,52601206,52601457,10,251
chr12,52675098,52675525,17,427
chr12,52714098,52714836,53,738
chr12,52789263,52790232,25,969
chr12,52795816,52795906,7,90
chr12,52807212,52807545,7,333
chr12,52873979,52874505,19,526
chr12,52879517,52880134,7,617
chr12,52891884,52892005,6,121
chr12,52903336,52905168,29,1832
chr12,52907955,52908311,6,356
chr12,52923918,52924198,6,280
chr12,52947846,52949695,39,1849
chr12,52965419,52965604,13,185
chr12,52987608,52987932,5,324
chr12,52994851,52995115,6,264
chr12,53005414,53007369,24,1955
chr12,53012485,53012698,6,213
chr12,53017540,53018084,6,544
chr12,53027079,53027980,9,901
chr12,53046921,53048024,58,1103
chr12,53050043,53050246,7,203
chr12,53054090,53055145,33,1055
chr12,53066153,53066596,10,443
chr12,53079031,53079762,29,731
chr12,53097066,53097444,7,378
chr12,53101155,53101532,6,377
chr12,53141537,53141992,7,455
chr12,53173132,53174232,7,1100
chr12,53178513,53179148,11,635
chr12,53180480,53181229,32,749
chr12,53196739,53198222,33,1483
chr12,53219342,53222022,48,2680
chr12,53231821,53233104,38,1283
chr12,53234357,53234470,7,113
chr12,53246171,53246750,8,579
chr12,53252161,53254587,27,2426
chr12,53266398,53268760,59,2362
chr12,53274130,53274323,5,193
chr12,53287352,53288109,9,757
chr12,53295444,53296692,11,1248
chr12,53299706,53300411,27,705
chr12,53321239,53322639,37,1400
chr12,53324804,53326427,45,1623
chr12,53328251,53328393,8,142
chr12,53332881,53332936,9,55
chr12,53334876,53336288,9,1412
chr12,53344718,53345160,28,442
chr12,53351824,53352497,13,673
chr12,53353799,53353924,8,125
chr12,53356973,53357789,6,816
chr12,53368922,53371531,32,2609
chr12,53372973,53374333,10,1360
chr12,53379818,53380654,48,836
chr12,53384345,53384819,8,474
chr12,53396205,53396516,9,311
chr12,53435515,53436528,7,1013
chr12,53440868,53443017,18,2149
chr12,53452049,53452768,58,719
chr12,53469658,53469866,6,208
chr12,53492790,53493316,33,526
chr12,53499444,53502168,65,2724
chr12,53525089,53525209,5,120
chr12,53600965,53601754,6,789
chr12,53610421,53611339,5,918
chr12,53625985,53626473,26,488
chr12,53637191,53637548,6,357
chr12,53676130,53677356,22,1226
chr12,53694976,53696162,43,1186
chr12,53706529,53707533,9,1004
chr12,53751240,53752097,38,857
chr12,53757243,53757465,7,222
chr12,53927713,53928612,15,899
chr12,53930799,53931048,8,249
chr12,53935686,53937172,22,1486
chr12,53938202,53939943,70,1741
chr12,53945035,53945379,21,344
chr12,53950044,53957592,107,7548
chr12,53960408,53961786,61,1378
chr12,53963785,53963977,10,192
chr12,53965574,53969523,40,3949
chr12,53972423,53975612,90,3189
chr12,53982276,53982482,8,206
chr12,53983508,53986566,53,3058
chr12,53989450,53989650,5,200
chr12,53990885,53991007,7,122
chr12,53993749,53998498,80,4749
chr12,53999925,54000713,42,788
chr12,54002587,54003197,9,610
chr12,54004285,54006732,41,2447
chr12,54008959,54009479,32,520
chr12,54014175,54020244,64,6069
chr12,54028578,54031634,51,3056
chr12,54032699,54035107,68,2408
chr12,54047158,54048097,35,939
chr12,54053254,54055165,27,1911
chr12,54059610,54060590,20,980
chr12,54079724,54080480,9,756
chr12,54090475,54090644,20,169
chr12,54106357,54106956,35,599
chr12,54126252,54127685,36,1433
chr12,54129837,54130112,8,275
chr12,54146386,54147593,9,1207
chr12,54173445,54173692,21,247
chr12,54187962,54189080,19,1118
chr12,54217183,54217628,10,445
chr12,54219703,54220612,15,909
chr12,54223509,54223790,5,281
chr12,54251198,54251599,5,401
chr12,54300844,54300932,7,88
chr12,54308923,54309325,7,402
chr12,54322000,54323302,12,1302
chr12,54325018,54325979,11,961
chr12,54336266,54336315,5,49
chr12,54354518,54354740,5,222
chr12,54361242,54361530,13,288
chr12,54362719,54362928,6,209
chr12,54369037,54372354,38,3317
chr12,54378942,54379197,9,255
chr12,54390473,54391583,32,1110
chr12,54417978,54419706,36,1728
chr12,54441352,54441388,5,36
chr12,54473008,54474059,11,1051
chr12,54488419,54488491,8,72
chr12,54549405,54549978,16,573
chr12,54588513,54588933,33,420
chr12,54590795,54591947,6,1152
chr12,54916986,54917159,6,173
chr12,55019866,55020056,5,190
chr12,55210461,55210527,5,66
chr12,55340662,55340890,5,228
chr12,55392539,55392684,9,145
chr12,55646075,55646460,24,385
chr12,55654933,55656332,10,1399
chr12,55707313,55708143,28,830
chr12,55715164,55716806,28,1642
chr12,55721308,55721841,8,533
chr12,55726767,55730209,87,3442
chr12,55733705,55733801,6,96
chr12,55743000,55744050,48,1050
chr12,55764455,55764562,5,107
chr12,55807738,55807787,5,49
chr12,55828988,55830627,34,1639
chr12,55837145,55837929,9,784
chr12,55858669,55859211,6,542
chr12,55926880,55928181,28,1301
chr12,55931722,55932381,28,659
chr12,55940403,55940500,5,97
chr12,55951983,55952081,5,98
chr12,55966132,55967454,39,1322
chr12,55973248,55974539,18,1291
chr12,55996921,55997507,16,586
chr12,56000435,56001079,20,644
chr12,56006621,56008115,32,1494
chr12,56015217,56015490,9,273
chr12,56028457,56028519,5,62
chr12,56041372,56042598,31,1226
chr12,56053010,56054216,9,1206
chr12,56078905,56080555,52,1650
chr12,56101232,56101630,11,398
chr12,56104001,56105237,27,1236
chr12,56117952,56118313,16,361
chr12,56128108,56129492,16,1384
chr12,56151165,56152779,23,1614
chr12,56157832,56157895,5,63
chr12,56166340,56166791,5,451
chr12,56176801,56176914,6,113
chr12,56188394,56190555,46,2161
chr12,56195960,56196323,6,363
chr12,56221438,56223219,23,1781
chr12,56224331,56224687,16,356
chr12,56257493,56258447,46,954
chr12,56259497,56259913,14,416
chr12,56300096,56300514,12,418
chr12,56309474,56309576,8,102
chr12,56315400,56316868,34,1468
chr12,56334010,56334583,18,573
chr12,56382589,56382980,5,391
chr12,56448653,56449436,42,783
chr12,56468026,56469254,34,1228
chr12,56487545,56488785,48,1240
chr12,56577939,56578221,5,282
chr12,56598846,56598928,5,82
chr12,56601017,56602057,7,1040
chr12,56629183,56630889,40,1706
chr12,56634050,56635316,27,1266
chr12,56645306,56645911,18,605
chr12,56669154,56669432,10,278
chr12,56685461,56685900,7,439
chr12,56687042,56688361,55,1319
chr12,56689506,56689785,8,279
chr12,56700199,56701454,21,1255
chr12,56724515,56725230,13,715
chr12,56726466,56727427,13,961
chr12,56752246,56753106,35,860
chr12,56776018,56776221,9,203
chr12,56780581,56780686,7,105
chr12,56789428,56789477,6,49
chr12,56791046,56791331,5,285
chr12,56817498,56817566,6,68
chr12,57003558,57003839,8,281
chr12,57005974,57006664,54,690
chr12,57052182,57052272,5,90
chr12,57077188,57078700,23,1512
chr12,57087027,57090181,101,3154
chr12,57091192,57091801,12,609
chr12,57099308,57099909,6,601
chr12,57127485,57130498,57,3013
chr12,57135664,57136104,9,440
chr12,57156816,57157084,10,268
chr12,57158405,57158541,7,136
chr12,57160390,57161087,6,697
chr12,57171382,57173088,10,1706
chr12,57175843,57175997,6,154
chr12,57178963,57179240,7,277
chr12,57182434,57184186,10,1752
chr12,57185590,57185652,7,62
chr12,57197218,57197321,5,103
chr12,57201092,57201989,10,897
chr12,57205192,57205248,5,56
chr12,57206741,57207904,6,1163
chr12,57214698,57217070,77,2372
chr12,57220288,57220317,5,29
chr12,57224904,57225419,9,515
chr12,57227090,57227575,6,485
chr12,57228941,57230211,8,1270
chr12,57235428,57236777,17,1349
chr12,57238637,57243980,132,5343
chr12,57250246,57250314,5,68
chr12,57317718,57317836,7,118
chr12,57356859,57357019,9,160
chr12,57430644,57431230,39,586
chr12,57459406,57462480,54,3074
chr12,57475453,57476227,22,774
chr12,57486817,57489108,31,2291
chr12,57495108,57495286,10,178
chr12,57520569,57523088,48,2519
chr12,57546850,57547236,23,386
chr12,57550261,57550320,5,59
chr12,57576332,57576412,5,80
chr12,57590268,57591814,51,1546
chr12,57604484,57605270,38,786
chr12,57609368,57611975,51,2607
chr12,57619205,57621954,79,2749
chr12,57626790,57627930,28,1140
chr12,57631941,57633210,91,1269
chr12,57693525,57694554,20,1029
chr12,57725930,57729312,43,3382
chr12,57736093,57738564,63,2471
chr12,57743386,57743542,5,156
chr12,57745340,57745600,7,260
chr12,57751316,57752390,14,1074
chr12,57755041,57756059,76,1018
chr12,57764539,57766907,48,2368
chr12,57771559,57773588,30,2029
chr12,57782775,57783911,20,1136
chr12,57836381,57837584,7,1203
chr12,57844412,57847125,104,2713
chr12,57852679,57853320,19,641
chr12,57865096,57865691,38,595
chr12,57888249,57888903,8,654
chr12,57896636,57897120,18,484
chr12,57935972,57936196,15,224
chr12,58919853,58920365,34,512
chr12,59209984,59210100,5,116
chr12,59530432,59530551,5,119
chr12,59596482,59597168,16,686
chr12,60269704,60270447,13,743
chr12,60387880,60388453,8,573
chr12,60549911,60550196,7,285
chr12,60873228,60873440,6,212
chr12,61872016,61872547,5,531
chr12,62010271,62010366,5,95
chr12,62014378,62014556,6,178
chr12,62145370,62145487,7,117
chr12,62190500,62192726,44,2226
chr12,62260280,62261115,41,835
chr12,62370035,62370135,5,100
chr12,62466179,62467180,35,1001
chr12,62602747,62603673,53,926
chr12,62631904,62633324,22,1420
chr12,62636876,62637046,6,170
chr12,62793648,62794166,8,518
chr12,62801442,62801949,6,507
chr12,62933362,62935338,64,1976
chr12,63002538,63002896,7,358
chr12,63150623,63152050,48,1427
chr12,63514702,63514763,5,61
chr12,63543203,63543450,5,247
chr12,63668116,63669291,64,1175
chr12,63738216,63738510,9,294
chr12,63779669,63780145,32,476
chr12,63821546,63821942,19,396
chr12,63843627,63844802,63,1175
chr12,63983718,63984072,5,354
chr12,64154468,64155823,16,1355
chr12,64222304,64222345,8,41
chr12,64256871,64257874,13,1003
chr12,64379805,64379998,11,193
chr12,64386306,64386489,6,183
chr12,64389792,64390690,35,898
chr12,64400963,64401224,5,261
chr12,64403889,64405017,66,1128
chr12,64452119,64452719,16,600
chr12,64454769,64455079,10,310
chr12,64543273,64544417,6,1144
chr12,64552932,64553345,5,413
chr12,64610058,64611984,122,1926
chr12,64758425,64759874,57,1449
chr12,64780673,64781539,45,866
chr12,64824772,64826518,62,1746
chr12,64875250,64875401,5,151
chr12,65120815,65122420,33,1605
chr12,65167079,65167183,5,104
chr12,65169311,65170502,31,1191
chr12,65278272,65279395,76,1123
chr12,65337174,65337358,7,184
chr12,65729009,65729547,41,538
chr12,65741025,65742619,98,1594
chr12,65744417,65744467,5,50
chr12,65814374,65814693,5,319
chr12,65823949,65826316,123,2367
chr12,65872386,65872532,5,146
chr12,65881790,65882431,10,641
chr12,65885914,65886648,5,734
chr12,65888316,65888649,9,333
chr12,66130377,66130956,24,579
chr12,66169725,66170287,22,562
chr12,66188541,66189146,17,605
chr12,66235392,66235430,7,38
chr12,66249256,66249326,7,70
chr12,66302503,66303841,13,1338
chr12,66804029,66804621,9,592
chr12,67067872,67067977,7,105
chr12,67069035,67069846,66,811
chr12,67251505,67252311,10,806
chr12,67269338,67270237,18,899
chr12,67647648,67650362,154,2714
chr12,67719524,67719644,12,120
chr12,67792467,67792628,6,161
chr12,68332139,68332300,9,161
chr12,68432059,68432572,6,513
chr12,68580206,68580336,8,130
chr12,68610767,68611416,54,649
chr12,68686872,68686972,6,100
chr12,68739761,68739900,6,139
chr12,68803132,68803795,5,663
chr12,68807450,68808871,37,1421
chr12,68824958,68825133,5,175
chr12,68871209,68871862,7,653
chr12,68897593,68897834,6,241
chr12,68932920,68933669,32,749
chr12,69157283,69157431,5,148
chr12,69239192,69240664,48,1472
chr12,69331102,69331941,18,839
chr12,69359930,69360276,21,346
chr12,69425110,69425222,5,112
chr12,69470215,69471072,24,857
chr12,69585354,69586051,45,697
chr12,69630128,69630936,7,808
chr12,69657665,69657867,5,202
chr12,69698947,69699297,8,350
chr12,69700384,69700661,8,277
chr12,69738577,69739839,68,1262
chr12,69836021,69836136,5,115
chr12,69935690,69936554,6,864
chr12,69998032,69998278,5,246
chr12,70116614,70116799,8,185
chr12,70242879,70244636,59,1757
chr12,70262465,70262766,7,301
chr12,70305136,70305192,7,56
chr12,70365824,70367649,58,1825
chr12,70576565,70576620,6,55
chr12,70609796,70610240,42,444
chr12,70722093,70722564,7,471
chr12,70920339,70920748,11,409
chr12,70927899,70928004,6,105
chr12,70999945,71000247,6,302
chr12,71166533,71166620,10,87
chr12,71376842,71377395,15,553
chr12,71439296,71441025,26,1729
chr12,71661159,71661216,7,57
chr12,71663101,71664006,53,905
chr12,71685627,71686519,33,892
chr12,71747358,71748077,6,719
chr12,71754782,71755015,13,233
chr12,71839642,71840002,16,360
chr12,72272253,72274246,104,1993
chr12,74170407,74171067,20,660
chr12,74267282,74267790,8,508
chr12,74292543,74292746,10,203
chr12,74297580,74297612,5,32
chr12,74403147,74403196,5,49
chr12,74446243,74447228,10,985
chr12,74537482,74538393,16,911
chr12,74743199,74743411,6,212
chr12,74816441,74816658,5,217
chr12,75114924,75114956,5,32
chr12,75138905,75139043,6,138
chr12,75207185,75208134,9,949
chr12,75209339,75209511,13,172
chr12,75305446,75306309,19,863
chr12,75330077,75330377,16,300
chr12,75391020,75391141,10,121
chr12,75511523,75511766,16,243
chr12,75758177,75758226,5,49
chr12,75853942,75854979,5,1037
chr12,75916514,75916717,5,203
chr12,76030470,76032699,80,2229
chr12,76083956,76085019,60,1063
chr12,76116553,76116868,6,315
chr12,76348130,76348823,18,693
chr12,76393635,76393880,5,245
chr12,76559581,76559923,19,342
chr12,76677109,76677579,13,470
chr12,76763449,76764386,70,937
chr12,76780887,76780990,5,103
chr12,76877932,76879925,49,1993
chr12,76923520,76923617,5,97
chr12,76945781,76946148,8,367
chr12,77001504,77001734,11,230
chr12,77023724,77024119,10,395
chr12,77065432,77066251,43,819
chr12,77231068,77231166,5,98
chr12,77324859,77325347,36,488
chr12,78000604,78000894,6,290
chr12,78091562,78091592,5,30
chr12,78143249,78143488,6,239
chr12,78804223,78804610,16,387
chr12,78810923,78811076,5,153
chr12,78864073,78865145,14,1072
chr12,79245187,79245391,8,204
chr12,79249026,79249197,6,171
chr12,79307564,79307635,7,71
chr12,79390123,79390224,5,101
chr12,79552990,79553181,8,191
chr12,79573938,79574957,10,1019
chr12,79689755,79691192,101,1437
chr12,79710907,79711367,18,460
chr12,79909658,79909934,7,276
chr12,79933885,79935462,41,1577
chr12,79992720,79993648,11,928
chr12,80307476,80307762,13,286
chr12,80400849,80400876,5,27
chr12,80578254,80578639,5,385
chr12,80707868,80708637,28,769
chr12,80716862,80716997,7,135
chr12,80936541,80937356,19,815
chr12,80990422,80990489,5,67
chr12,81050496,81050546,7,50
chr12,81077791,81078258,30,467
chr12,81650210,81650380,5,170
chr12,81758338,81759703,44,1365
chr12,81946041,81946828,5,787
chr12,82102599,82102982,10,383
chr12,82247970,82248254,7,284
chr12,82358160,82358874,27,714
chr12,82685936,82687942,63,2006
chr12,83311837,83312162,7,325
chr12,83600661,83600721,5,60
chr12,83766464,83766605,6,141
chr12,83803361,83803565,9,204
chr12,84155362,84155470,5,108
chr12,84666547,84666827,5,280
chr12,84794165,84794438,6,273
chr12,84910717,84910848,7,131
chr12,84912471,84913075,31,604
chr12,85036307,85036477,9,170
chr12,85116075,85116235,6,160
chr12,85230905,85230966,6,61
chr12,85278427,85281166,40,2739
chr12,85509011,85509320,5,309
chr12,85965320,85965424,7,104
chr12,86013354,86015104,7,1750
chr12,86264613,86265492,9,879
chr12,86275827,86276034,9,207
chr12,86296643,86296767,6,124
chr12,86399205,86399442,8,237
chr12,86728473,86728615,7,142
chr12,86933937,86934132,5,195
chr12,87330243,87330846,10,603
chr12,87387697,87387747,5,50
chr12,87756449,87756592,5,143
chr12,88005742,88006246,9,504
chr12,88035597,88035811,17,214
chr12,88141959,88142286,19,327
chr12,88579090,88580879,42,1789
chr12,88626270,88626387,5,117
chr12,89351100,89354124,103,3024
chr12,89524435,89526126,75,1691
chr12,89708236,89710437,106,2201
chr12,90546098,90546150,5,52
chr12,90824090,90825045,17,955
chr12,90954428,90955454,15,1026
chr12,91148128,91148166,5,38
chr12,91633964,91634177,16,213
chr12,91792178,91792307,5,129
chr12,92144817,92146064,51,1247
chr12,92672976,92673256,7,280
chr12,92928674,92929700,58,1026
chr12,93029906,93030156,7,250
chr12,93314940,93315371,5,431
chr12,93378488,93378748,16,260
chr12,93441242,93442276,58,1034
chr12,93467429,93467892,13,463
chr12,93568902,93572269,145,3367
chr12,93573357,93575107,28,1750
chr12,93591682,93591735,6,53
chr12,93677447,93677921,18,474
chr12,93742292,93742773,30,481
chr12,93894598,93894777,7,179
chr12,94014101,94014699,7,598
chr12,94101489,94102697,28,1208
chr12,94140089,94140204,7,115
chr12,94147817,94150713,124,2896
chr12,94164853,94165267,6,414
chr12,94186689,94187097,8,408
chr12,94207966,94208519,5,553
chr12,94212198,94212489,5,291
chr12,94258051,94258101,6,50
chr12,94412849,94412945,9,96
chr12,94454793,94455096,12,303
chr12,94459793,94460507,38,714
chr12,94552412,94553218,5,806
chr12,94565659,94566656,8,997
chr12,94630831,94631038,5,207
chr12,94648338,94650699,95,2361
chr12,94744895,94745009,5,114
chr12,94873078,94874621,75,1543
chr12,94902048,94902582,6,534
chr12,94944121,94944173,6,52
chr12,94948792,94948842,6,50
chr12,95003635,95003697,5,62
chr12,95072609,95073459,50,850
chr12,95195907,95196044,5,137
chr12,95209098,95210261,5,1163
chr12,95217024,95218200,52,1176
chr12,95378504,95378555,5,51
chr12,95418972,95419004,5,32
chr12,95420839,95420908,5,69
chr12,95446883,95447056,7,173
chr12,95472700,95474467,49,1767
chr12,95522702,95523033,5,331
chr12,95543012,95543229,5,217
chr12,95548144,95549014,64,870
chr12,95551501,95551658,5,157
chr12,95568559,95569162,7,603
chr12,95573967,95574071,5,104
chr12,95633432,95633604,5,172
chr12,95648277,95648641,5,364
chr12,95649671,95650639,5,968
chr12,95732527,95733294,5,767
chr12,95789510,95791280,101,1770
chr12,95895677,95895779,5,102
chr12,95942586,95943350,20,764
chr12,96035285,96035641,20,356
chr12,96077343,96078610,10,1267
chr12,96110237,96110538,15,301
chr12,96152747,96152779,5,32
chr12,96194113,96194862,70,749
chr12,96227537,96228500,11,963
chr12,96236272,96236617,9,345
chr12,96246995,96247079,7,84
chr12,96284353,96284625,5,272
chr12,96399378,96401446,111,2068
chr12,96403086,96403250,5,164
chr12,96489550,96489955,18,405
chr12,96849966,96850149,6,183
chr12,96906639,96907900,44,1261
chr12,96985998,96986334,20,336
chr12,97463217,97463430,7,213
chr12,97512220,97513091,22,871
chr12,97595429,97596261,6,832
chr12,98397788,98397940,8,152
chr12,98399718,98399865,5,147
chr12,98449219,98449381,6,162
chr12,98452939,98453494,5,555
chr12,98456832,98457215,10,383
chr12,98503428,98503850,15,422
chr12,98510862,98510979,5,117
chr12,98515385,98518445,80,3060
chr12,98592403,98593898,29,1495
chr12,98607818,98608324,6,506
chr12,98610145,98610239,5,94
chr12,98612391,98612498,5,107
chr12,98643976,98645704,73,1728
chr12,98745689,98745793,9,104
chr12,98894515,98895721,61,1206
chr12,98979073,98979360,5,287
chr12,99050852,99050988,7,136
chr12,99429820,99429880,5,60
chr12,99958954,99959153,5,199
chr12,99984082,99985197,11,1115
chr12,100142316,100142804,24,488
chr12,100153141,100153266,5,125
chr12,100181712,100182018,6,306
chr12,100198006,100201124,58,3118
chr12,100244974,100245359,5,385
chr12,100266987,100267763,36,776
chr12,100356874,100357018,5,144
chr12,100410221,100410548,8,327
chr12,100430308,100431323,6,1015
chr12,100547966,100548601,8,635
chr12,100573035,100573580,12,545
chr12,100645159,100646216,11,1057
chr12,100667296,100667360,5,64
chr12,100679212,100679481,6,269
chr12,100716159,100717726,50,1567
chr12,100794656,100795321,7,665
chr12,101086637,101086742,8,105
chr12,101209930,101210349,18,419
chr12,101279479,101280425,11,946
chr12,101407407,101408267,34,860
chr12,101444558,101444620,5,62
chr12,101461220,101462402,13,1182
chr12,101642412,101642591,6,179
chr12,101697399,101698624,51,1225
chr12,101738284,101738565,5,281
chr12,101759113,101759219,5,106
chr12,101814003,101814553,5,550
chr12,101830763,101830861,14,98
chr12,101874095,101874127,5,32
chr12,101876897,101878101,68,1204
chr12,101882209,101882269,5,60
chr12,102060879,102062028,10,1149
chr12,102119752,102120126,27,374
chr12,102183931,102184128,5,197
chr12,102226380,102226440,5,60
chr12,102824589,102824651,5,62
chr12,102917141,102917474,13,333
chr12,102950621,102951913,18,1292
chr12,102956133,102958594,72,2461
chr12,102964841,102966027,31,1186
chr12,103012503,103013285,5,782
chr12,103277712,103277780,5,68
chr12,103302172,103302431,13,259
chr12,103403269,103403795,7,526
chr12,103494701,103496182,53,1481
chr12,103664304,103664452,5,148
chr12,103709082,103709521,5,439
chr12,103840613,103841316,54,703
chr12,103929423,103930847,34,1424
chr12,103957177,103957760,6,583
chr12,103966001,103966136,16,135
chr12,104064043,104065208,47,1165
chr12,104070788,104070897,6,109
chr12,104137858,104139636,47,1778
chr12,104215975,104216508,24,533
chr12,104265176,104266956,17,1780
chr12,104277937,104278594,12,657
chr12,104287053,104287317,11,264
chr12,104288618,104288733,6,115
chr12,104294274,104294377,5,103
chr12,104303842,104304201,14,359
chr12,104367224,104367381,7,157
chr12,104412888,104413142,5,254
chr12,104456379,104459353,100,2974
chr12,104492755,104492889,7,134
chr12,104537788,104537963,5,175
chr12,104599369,104599426,5,57
chr12,104742397,104742647,7,250
chr12,104957822,104958424,55,602
chr12,104977834,104978103,8,269
chr12,104986384,104986654,9,270
chr12,104995781,104995983,5,202
chr12,105032058,105032338,5,280
chr12,105077187,105077363,5,176
chr12,105084290,105085254,31,964
chr12,105235141,105236306,34,1165
chr12,105330552,105331989,29,1437
chr12,105383304,105384048,9,744
chr12,105523310,105523378,5,68
chr12,105976953,105977084,6,131
chr12,106137994,106140402,80,2408
chr12,106233018,106233215,8,197
chr12,106245617,106249159,75,3542
chr12,106301875,106303519,46,1644
chr12,106318959,106319004,5,45
chr12,106357708,106358116,42,408
chr12,106397896,106397963,6,67
chr12,106443560,106443910,5,350
chr12,106477818,106477997,6,179
chr12,106580525,106587614,214,7089
chr12,106650651,106650921,6,270
chr12,106718832,106718937,5,105
chr12,106773581,106775068,31,1487
chr12,106903113,106903741,6,628
chr12,106955498,106956167,46,669
chr12,106986860,106987080,13,220
chr12,107092835,107094063,95,1228
chr12,107154802,107154848,6,46
chr12,107230518,107231454,5,936
chr12,107317892,107321369,107,3477
chr12,107372731,107374284,11,1553
chr12,107425052,107425632,9,580
chr12,107452576,107452759,5,183
chr12,107580966,107581349,27,383
chr12,107612667,107612848,7,181
chr12,107645781,107646646,20,865
chr12,107686052,107686244,13,192
chr12,107761010,107761148,15,138
chr12,107774302,107774516,5,214
chr12,107775537,107775606,5,69
chr12,107810408,107811073,7,665
chr12,107843932,107846422,72,2490
chr12,107864245,107864652,14,407
chr12,108129140,108130156,61,1016
chr12,108195884,108196169,7,285
chr12,108327836,108328387,10,551
chr12,108339046,108339571,19,525
chr12,108514585,108515840,41,1255
chr12,108560890,108562114,11,1224
chr12,108591897,108592028,8,131
chr12,108593673,108594707,9,1034
chr12,108598080,108598139,5,59
chr12,108726034,108726275,5,241
chr12,108731009,108731687,34,678
chr12,108768499,108768901,16,402
chr12,108788256,108788337,6,81
chr12,108792520,108792715,7,195
chr12,108814500,108815165,6,665
chr12,108852321,108852812,7,491
chr12,108856735,108858832,32,2097
chr12,108931782,108931857,6,75
chr12,109050218,109050439,5,221
chr12,109052449,109053189,38,740
chr12,109093423,109093549,15,126
chr12,109096950,109098503,38,1553
chr12,109116689,109116819,6,130
chr12,109153953,109154865,26,912
chr12,109188041,109188146,7,105
chr12,109189967,109190245,5,278
chr12,109191810,109191900,6,90
chr12,109201529,109201677,6,148
chr12,109213695,109213895,7,200
chr12,109215713,109216363,8,650
chr12,109246225,109246329,8,104
chr12,109273363,109273526,6,163
chr12,109279032,109279524,9,492
chr12,109280955,109281776,7,821
chr12,109284600,109285137,6,537
chr12,109290206,109290252,5,46
chr12,109291301,109292055,21,754
chr12,109294020,109294130,5,110
chr12,109309388,109310077,47,689
chr12,109353318,109353388,5,70
chr12,109443444,109443760,6,316
chr12,109451626,109451794,7,168
chr12,109477029,109477753,23,724
chr12,109481029,109481099,5,70
chr12,109554941,109555004,5,63
chr12,109561067,109561794,5,727
chr12,109573731,109574885,20,1154
chr12,109590333,109591448,5,1115
chr12,109596983,109598417,8,1434
chr12,109606260,109607270,25,1010
chr12,109613712,109614126,16,414
chr12,109633227,109633713,5,486
chr12,109667697,109667781,5,84
chr12,109677544,109677602,5,58
chr12,109679844,109680069,7,225
chr12,109712372,109712390,5,18
chr12,109713576,109715195,122,1619
chr12,109718328,109718588,14,260
chr12,109723680,109726672,20,2992
chr12,109734415,109735622,9,1207
chr12,109742802,109744181,10,1379
chr12,109769238,109769333,9,95
chr12,109814644,109814862,9,218
chr12,109820411,109820984,13,573
chr12,109828220,109828341,5,121
chr12,109832198,109833756,35,1558
chr12,109845561,109845676,8,115
chr12,109880105,109880763,44,658
chr12,109900359,109901411,45,1052
chr12,109917177,109917348,5,171
chr12,109929500,109929566,10,66
chr12,109968920,109970385,5,1465
chr12,109988777,109989000,6,223
chr12,109995689,109997199,32,1510
chr12,109998724,110000800,34,2076
chr12,110048334,110048395,10,61
chr12,110073289,110073485,5,196
chr12,110080291,110081092,5,801
chr12,110097935,110098951,6,1016
chr12,110104201,110104302,5,101
chr12,110124224,110125680,38,1456
chr12,110174202,110174272,5,70
chr12,110281054,110282250,93,1196
chr12,110293487,110295061,8,1574
chr12,110331163,110331496,7,333
chr12,110340752,110340860,6,108
chr12,110345280,110345411,5,131
chr12,110402922,110403468,17,546
chr12,110434282,110434342,5,60
chr12,110441175,110441573,5,398
chr12,110449863,110450573,34,710
chr12,110462690,110462849,7,159
chr12,110467790,110469138,56,1348
chr12,110501110,110503170,39,2060
chr12,110579869,110579885,5,16
chr12,110582148,110583378,58,1230
chr12,110602265,110603568,7,1303
chr12,110613815,110614605,36,790
chr12,110688474,110690161,55,1687
chr12,110742404,110743203,17,799
chr12,110746984,110747244,8,260
chr12,110779683,110780697,5,1014
chr12,110797173,110797383,5,210
chr12,110846928,110847125,21,197
chr12,110857270,110857725,6,455
chr12,110894444,110895206,11,762
chr12,110950567,110950761,8,194
chr12,110956787,110956934,6,147
chr12,110984046,110984183,5,137
chr12,111018945,111019050,5,105
chr12,111032886,111036054,146,3168
chr12,111037092,111037738,12,646
chr12,111041981,111042211,7,230
chr12,111047073,111047279,14,206
chr12,111068243,111068669,14,426
chr12,111094286,111094352,6,66
chr12,111120246,111120396,5,150
chr12,111143456,111144421,7,965
chr12,111150324,111151217,7,893
chr12,111155673,111156145,6,472
chr12,111171522,111171769,6,247
chr12,111180806,111181562,10,756
chr12,111205103,111206043,7,940
chr12,111287331,111287628,13,297
chr12,111293370,111293557,7,187
chr12,111310350,111310413,7,63
chr12,111316299,111316441,7,142
chr12,111320192,111320282,11,90
chr12,111323041,111323909,9,868
chr12,111326760,111326818,5,58
chr12,111328375,111328434,6,59
chr12,111361132,111363377,21,2245
chr12,111368788,111369296,42,508
chr12,111383381,111383623,10,242
chr12,111397232,111397958,7,726
chr12,111402988,111403177,8,189
chr12,111404883,111407305,101,2422
chr12,111409448,111410040,16,592
chr12,111415964,111416034,5,70
chr12,111418201,111418821,52,620
chr12,111428868,111430017,20,1149
chr12,111584905,111586478,14,1573
chr12,111597405,111599606,90,2201
chr12,111617830,111618189,6,359
chr12,111632676,111633409,9,733
chr12,111648850,111649032,6,182
chr12,111685675,111686753,37,1078
chr12,111753068,111753284,6,216
chr12,111756432,111756594,6,162
chr12,111766714,111766867,14,153
chr12,111777660,111778660,5,1000
chr12,111782528,111783184,10,656
chr12,111789853,111789933,5,80
chr12,111792669,111792723,5,54
chr12,111805947,111806925,5,978
chr12,111835410,111835695,9,285
chr12,111841974,111843105,31,1131
chr12,111969568,111969670,6,102
chr12,112013187,112014033,37,846
chr12,112090740,112091186,6,446
chr12,112102859,112103079,5,220
chr12,112108233,112109239,24,1006
chr12,112111110,112112219,5,1109
chr12,112119241,112119782,7,541
chr12,112121560,112122583,9,1023
chr12,112125724,112126261,32,537
chr12,112133663,112134103,6,440
chr12,112178305,112178579,5,274
chr12,112373928,112373968,5,40
chr12,112381467,112383264,52,1797
chr12,112388137,112388454,5,317
chr12,112390989,112391736,5,747
chr12,112409152,112409380,12,228
chr12,112417601,112419349,73,1748
chr12,112440296,112441057,13,761
chr12,112480316,112480469,5,153
chr12,112515002,112515824,6,822
chr12,112519176,112519305,6,129
chr12,112575318,112575712,21,394
chr12,112709780,112710067,6,287
chr12,112791587,112792280,17,693
chr12,112869701,112870027,10,326
chr12,112937374,112938522,9,1148
chr12,112978256,112978590,6,334
chr12,113006529,113006982,5,453
chr12,113047122,113047298,7,176
chr12,113055747,113057714,51,1967
chr12,113060648,113061866,7,1218
chr12,113065396,113066420,8,1024
chr12,113077472,113078164,31,692
chr12,113081253,113082326,5,1073
chr12,113093242,113093704,23,462
chr12,113112027,113112679,12,652
chr12,113134834,113135702,7,868
chr12,113152656,113153453,27,797
chr12,113154557,113154844,15,287
chr12,113156081,113156959,9,878
chr12,113174912,113175102,9,190
chr12,113176840,113176919,5,79
chr12,113179281,113180976,7,1695
chr12,113184553,113186882,69,2329
chr12,113205865,113205897,5,32
chr12,113219920,113220348,6,428
chr12,113237425,113238172,5,747
chr12,113244581,113246906,23,2325
chr12,113271733,113272758,9,1025
chr12,113282081,113282183,5,102
chr12,113285950,113287948,7,1998
chr12,113332610,113335340,42,2730
chr12,113358291,113358944,35,653
chr12,113386348,113386446,6,98
chr12,113422114,113422368,6,254
chr12,113462376,113465815,121,3439
chr12,113467298,113469323,66,2025
chr12,113470341,113472480,68,2139
chr12,113475636,113477336,64,1700
chr12,113478657,113480211,48,1554
chr12,113514044,113515678,19,1634
chr12,113555313,113555512,5,199
chr12,113590622,113591875,28,1253
chr12,113610258,113611086,13,828
chr12,113638002,113638867,24,865
chr12,113648276,113649599,13,1323
chr12,113669885,113670436,15,551
chr12,113674017,113674095,6,78
chr12,113724929,113725247,18,318
chr12,113735322,113735598,6,276
chr12,113762527,113762972,5,445
chr12,113766156,113766737,15,581
chr12,113799188,113800128,6,940
chr12,113808069,113808180,5,111
chr12,113814875,113815451,7,576
chr12,113817564,113817722,5,158
chr12,113819285,113820421,6,1136
chr12,113831500,113831592,6,92
chr12,113912164,113914322,10,2158
chr12,113930301,113930835,5,534
chr12,113948796,113949292,10,496
chr12,113959177,113959422,5,245
chr12,113965862,113966376,19,514
chr12,114000451,114000798,5,347
chr12,114240130,114240519,8,389
chr12,114301305,114301472,5,167
chr12,114396023,114396908,12,885
chr12,114398180,114398645,5,465
chr12,114400402,114401583,24,1181
chr12,114402939,114403458,20,519
chr12,114404731,114406026,36,1295
chr12,114408126,114410382,49,2256
chr12,114413615,114414510,33,895
chr12,114439574,114441149,47,1575
chr12,114443999,114444069,6,70
chr12,114445786,114449290,56,3504
chr12,114479932,114481390,24,1458
chr12,114501229,114501328,6,99
chr12,114532268,114532836,7,568
chr12,114636941,114637479,8,538
chr12,114664704,114669087,95,4383
chr12,114671647,114672119,24,472
chr12,114674036,114674667,41,631
chr12,114680387,114680962,6,575
chr12,114682946,114685675,83,2729
chr12,114687336,114687500,5,164
chr12,114691932,114693050,34,1118
chr12,114696343,114697584,19,1241
chr12,114700458,114700509,7,51
chr12,114735142,114737139,52,1997
chr12,114744870,114744988,5,118
chr12,114747627,114748160,6,533
chr12,114873889,114875518,13,1629
chr12,114916722,114916934,5,212
chr12,115117482,115117738,5,256
chr12,115229448,115229515,5,67
chr12,115599548,115600007,7,459
chr12,115916946,115917481,42,535
chr12,115943112,115943750,5,638
chr12,116008277,116008535,5,258
chr12,116277063,116278776,82,1713
chr12,116286356,116286526,6,170
chr12,116360119,116360270,6,151
chr12,116434353,116435915,14,1562
chr12,116441990,116442208,6,218
chr12,116445701,116446791,6,1090
chr12,116496673,116497418,9,745
chr12,116508452,116508498,8,46
chr12,116525584,116525771,6,187
chr12,116533770,116534831,5,1061
chr12,116536943,116537306,6,363
chr12,116575899,116576012,11,113
chr12,116599621,116599848,7,227
chr12,116631126,116631589,7,463
chr12,116634767,116634920,7,153
chr12,116658474,116659315,6,841
chr12,116660694,116660776,8,82
chr12,116665762,116665885,7,123
chr12,116693576,116693863,13,287
chr12,116695578,116696358,8,780
chr12,116697974,116698277,10,303
chr12,116717562,116717831,7,269
chr12,116737068,116738515,34,1447
chr12,116745335,116746129,6,794
chr12,116819431,116819468,6,37
chr12,116878425,116882078,116,3653
chr12,116910888,116911391,43,503
chr12,116999651,117000296,13,645
chr12,117011215,117011483,9,268
chr12,117025647,117026325,5,678
chr12,117034860,117035834,6,974
chr12,117040707,117040797,5,90
chr12,117044725,117045451,11,726
chr12,117055975,117056013,5,38
chr12,117057941,117058144,7,203
chr12,117062517,117063680,9,1163
chr12,117094125,117094213,5,88
chr12,117098401,117100133,54,1732
chr12,117102498,117102573,5,75
chr12,117121147,117121354,5,207
chr12,117137271,117137515,5,244
chr12,117140948,117143109,16,2161
chr12,117155269,117155872,14,603
chr12,117188437,117190619,76,2182
chr12,117224378,117225114,8,736
chr12,117260043,117260996,7,953
chr12,117333655,117333922,9,267
chr12,117359798,117361533,59,1735
chr12,117367176,117367252,5,76
chr12,117524996,117525143,7,147
chr12,117760767,117761430,44,663
chr12,117767285,117768605,17,1320
chr12,117772817,117773027,5,210
chr12,117855414,117855531,7,117
chr12,117874994,117876371,17,1377
chr12,117950665,117951000,6,335
chr12,117967274,117969510,64,2236
chr12,118015893,118017001,19,1108
chr12,118060811,118062734,51,1923
chr12,118072093,118072125,5,32
chr12,118103144,118104410,73,1266
chr12,118117457,118119274,21,1817
chr12,118126497,118126822,5,325
chr12,118131387,118131859,8,472
chr12,118135426,118137228,48,1802
chr12,118246106,118246170,7,64
chr12,118253661,118253835,6,174
chr12,118261970,118262468,6,498
chr12,118339668,118339825,7,157
chr12,118368358,118368634,12,276
chr12,118371754,118374240,61,2486
chr12,118375956,118376952,28,996
chr12,118530294,118530425,5,131
chr12,118597851,118598227,6,376
chr12,118774396,118774427,5,31
chr12,118781080,118781518,6,438
chr12,118980817,118981903,23,1086
chr12,119008681,119009313,18,632
chr12,119096945,119097073,6,128
chr12,119156499,119156692,8,193
chr12,119158214,119158550,6,336
chr12,119178755,119180113,20,1358
chr12,119291528,119292392,8,864
chr12,119334576,119334989,8,413
chr12,119447678,119447970,6,292
chr12,119548533,119548661,6,128
chr12,119593690,119596594,76,2904
chr12,119667749,119669669,60,1920
chr12,119689861,119689970,6,109
chr12,119704367,119704502,5,135
chr12,119724860,119725282,5,422
chr12,119777594,119777626,5,32
chr12,119803869,119804392,16,523
chr12,119877094,119877211,8,117
chr12,119896999,119897102,9,103
chr12,119988639,119990349,131,1710
chr12,120018969,120019121,7,152
chr12,120099211,120101049,18,1838
chr12,120102721,120103910,9,1189
chr12,120105294,120105833,8,539
chr12,120113755,120114008,9,253
chr12,120116160,120117875,90,1715
chr12,120131322,120131551,6,229
chr12,120156984,120158040,7,1056
chr12,120194359,120194904,23,545
chr12,120200887,120202031,28,1144
chr12,120213872,120217254,33,3382
chr12,120219939,120220628,7,689
chr12,120224432,120226021,9,1589
chr12,120228985,120229121,6,136
chr12,120262469,120263362,6,893
chr12,120265676,120265884,27,208
chr12,120268791,120270040,6,1249
chr12,120285532,120286661,5,1129
chr12,120290400,120291606,11,1206
chr12,120298831,120299475,11,644
chr12,120302542,120303018,14,476
chr12,120317329,120317610,9,281
chr12,120325822,120326435,10,613
chr12,120331174,120331412,8,238
chr12,120342883,120343104,8,221
chr12,120361488,120362077,28,589
chr12,120367918,120370057,94,2139
chr12,120389143,120389319,7,176
chr12,120391924,120392994,8,1070
chr12,120394468,120394801,13,333
chr12,120397796,120397860,9,64
chr12,120420547,120420812,6,265
chr12,120430703,120430961,10,258
chr12,120437883,120438419,27,536
chr12,120468418,120470285,45,1867
chr12,120495391,120496873,38,1482
chr12,120513358,120513418,5,60
chr12,120528735,120529377,26,642
chr12,120533931,120534734,27,803
chr12,120580782,120581565,14,783
chr12,120584209,120584933,36,724
chr12,120598826,120599724,12,898
chr12,120640219,120641544,109,1325
chr12,120646245,120647653,10,1408
chr12,120649154,120650565,14,1411
chr12,120654932,120656169,13,1237
chr12,120666895,120667006,6,111
chr12,120686796,120687581,48,785
chr12,120710563,120711212,27,649
chr12,120725830,120727084,35,1254
chr12,120738153,120739382,8,1229
chr12,120741562,120742178,5,616
chr12,120752282,120752318,5,36
chr12,120902659,120904010,29,1351
chr12,120911425,120912448,6,1023
chr12,120915683,120916844,13,1161
chr12,120932878,120933175,7,297
chr12,120952848,120953115,6,267
chr12,120978687,120978763,9,76
chr12,121000628,121000824,5,196
chr12,121016330,121016379,5,49
chr12,121041755,121041971,5,216
chr12,121048159,121048398,5,239
chr12,121059323,121060597,9,1274
chr12,121067697,121067858,5,161
chr12,121079915,121080073,6,158
chr12,121095404,121096513,6,1109
chr12,121126112,121126239,6,127
chr12,121127943,121128677,12,734
chr12,121162368,121162519,5,151
chr12,121184618,121184977,9,359
chr12,121209985,121210608,10,623
chr12,121223941,121225165,14,1224
chr12,121242427,121242835,6,408
chr12,121248781,121248968,6,187
chr12,121274216,121274535,14,319
chr12,121279173,121280672,11,1499
chr12,121295695,121297153,60,1458
chr12,121298620,121299052,11,432
chr12,121351786,121352617,7,831
chr12,121396889,121397069,6,180
chr12,121399087,121400893,75,1806
chr12,121439269,121439541,6,272
chr12,121440907,121444416,47,3509
chr12,121452515,121453403,36,888
chr12,121466392,121467952,103,1560
chr12,121509630,121510368,8,738
chr12,121522439,121524052,17,1613
chr12,121535995,121538368,97,2373
chr12,121544534,121545140,6,606
chr12,121552960,121553209,14,249
chr12,121576106,121577198,6,1092
chr12,121578546,121581067,103,2521
chr12,121590088,121590482,6,394
chr12,121594303,121595330,6,1027
chr12,121604163,121604193,5,30
chr12,121609554,121609742,5,188
chr12,121617262,121618489,10,1227
chr12,121620836,121621330,7,494
chr12,121623950,121625440,9,1490
chr12,121626517,121628488,65,1971
chr12,121641448,121641625,6,177
chr12,121658192,121659627,21,1435
chr12,121664144,121665505,14,1361
chr12,121669339,121669428,8,89
chr12,121671330,121672861,32,1531
chr12,121686387,121687364,15,977
chr12,121698359,121700481,17,2122
chr12,121706988,121707638,8,650
chr12,121711536,121713129,25,1593
chr12,121714228,121714654,14,426
chr12,121725907,121726406,5,499
chr12,121754923,121755200,5,277
chr12,121757322,121757434,5,112
chr12,121779476,121779577,8,101
chr12,121786758,121787758,9,1000
chr12,121789731,121790024,5,293
chr12,121793038,121794407,41,1369
chr12,121799349,121801582,101,2233
chr12,121803108,121807163,144,4055
chr12,121810177,121810722,16,545
chr12,121811954,121812615,21,661
chr12,121814575,121814919,12,344
chr12,121817390,121821391,27,4001
chr12,121822592,121824417,19,1825
chr12,121827565,121827977,17,412
chr12,121831681,121831949,6,268
chr12,121835305,121835878,6,573
chr12,121838698,121840024,24,1326
chr12,121862804,121862947,5,143
chr12,121884314,121886151,9,1837
chr12,121888855,121888901,7,46
chr12,121918127,121918692,21,565
chr12,121976627,121977915,8,1288
chr12,121983270,121983686,6,416
chr12,122004322,122005409,20,1087
chr12,122020916,122023976,166,3060
chr12,122029186,122030274,7,1088
chr12,122032207,122033588,13,1381
chr12,122034592,122035557,11,965
chr12,122054185,122054248,7,63
chr12,122060236,122060339,5,103
chr12,122071270,122072081,8,811
chr12,122077475,122079468,45,1993
chr12,122083217,122085237,6,2020
chr12,122127133,122127387,7,254
chr12,122129059,122129188,5,129
chr12,122135408,122135573,9,165
chr12,122137968,122138909,7,941
chr12,122145111,122146992,14,1881
chr12,122148548,122148672,7,124
chr12,122181271,122181399,5,128
chr12,122182617,122184708,37,2091
chr12,122187686,122188199,6,513
chr12,122198049,122200777,17,2728
chr12,122202952,122204944,86,1992
chr12,122224385,122226784,87,2399
chr12,122241058,122241353,5,295
chr12,122266000,122267019,37,1019
chr12,122268218,122268488,7,270
chr12,122303905,122304521,8,616
chr12,122354885,122355273,11,388
chr12,122404041,122404069,5,28
chr12,122420751,122422884,107,2133
chr12,122424572,122424936,13,364
chr12,122467523,122467661,6,138
chr12,122468707,122470924,17,2217
chr12,122500149,122501061,18,912
chr12,122526866,122527737,29,871
chr12,122644283,122644435,7,152
chr12,122647048,122647451,7,403
chr12,122651054,122652917,13,1863
chr12,122656018,122656693,6,675
chr12,122658598,122658948,5,350
chr12,122716178,122716550,5,372
chr12,122720833,122721238,5,405
chr12,122728540,122728891,5,351
chr12,122730939,122731222,6,283
chr12,122752347,122753264,52,917
chr12,122774463,122775189,52,726
chr12,122792323,122792663,8,340
chr12,122813495,122813817,5,322
chr12,122834734,122837404,65,2670
chr12,122845786,122849452,34,3666
chr12,122854829,122855117,9,288
chr12,122866062,122867095,7,1033
chr12,122895882,122896029,5,147
chr12,122931449,122933329,7,1880
chr12,122943473,122943722,6,249
chr12,122947224,122947477,5,253
chr12,122950170,122952255,6,2085
chr12,122965646,122966634,9,988
chr12,122973677,122975612,33,1935
chr12,122978279,122978459,5,180
chr12,122979673,122981796,69,2123
chr12,122984670,122984794,10,124
chr12,122986109,122986294,20,185
chr12,122987836,122988717,5,881
chr12,123004661,123005518,6,857
chr12,123150174,123151933,113,1759
chr12,123232766,123233642,17,876
chr12,123253727,123254305,8,578
chr12,123266070,123267420,24,1350
chr12,123269731,123274412,132,4681
chr12,123279905,123280762,13,857
chr12,123362360,123365667,88,3307
chr12,123371787,123371933,9,146
chr12,123375642,123375933,5,291
chr12,123383474,123384833,27,1359
chr12,123388452,123390202,77,1750
chr12,123416248,123416532,13,284
chr12,123420625,123420732,5,107
chr12,123436058,123436932,37,874
chr12,123450643,123451987,6,1344
chr12,123457747,123458191,21,444
chr12,123468313,123468614,8,301
chr12,123480934,123481965,7,1031
chr12,123485302,123486891,10,1589
chr12,123499678,123500024,7,346
chr12,123502317,123502438,5,121
chr12,123519292,123519619,8,327
chr12,123528617,123528987,5,370
chr12,123533085,123534960,61,1875
chr12,123541899,123542319,9,420
chr12,123544420,123544813,5,393
chr12,123548817,123548952,6,135
chr12,123558372,123558430,6,58
chr12,123583728,123585138,43,1410
chr12,123600414,123602120,39,1706
chr12,123603580,123603895,7,315
chr12,123631781,123632377,5,596
chr12,123633626,123634298,25,672
chr12,123647021,123647379,9,358
chr12,123665594,123666782,6,1188
chr12,123670807,123671623,40,816
chr12,123699617,123699810,5,193
chr12,123711235,123713126,87,1891
chr12,123761386,123762567,27,1181
chr12,123782910,123783294,7,384
chr12,123786859,123787934,13,1075
chr12,123845559,123845882,6,323
chr12,123887085,123887187,5,102
chr12,123891615,123892060,7,445
chr12,123907815,123909225,14,1410
chr12,123971954,123974261,136,2307
chr12,124052613,124053106,8,493
chr12,124084008,124084492,12,484
chr12,124105741,124105964,9,223
chr12,124115947,124116128,5,181
chr12,124158209,124159472,10,1263
chr12,124217205,124217572,8,367
chr12,124259755,124259874,5,119
chr12,124279893,124280120,6,227
chr12,124282097,124282194,6,97
chr12,124294180,124297379,83,3199
chr12,124304500,124304550,5,50
chr12,124306725,124307812,7,1087
chr12,124327100,124327348,8,248
chr12,124334474,124334521,5,47
chr12,124335665,124337110,27,1445
chr12,124338257,124338530,7,273
chr12,124340267,124340972,10,705
chr12,124344189,124344924,21,735
chr12,124349187,124351295,11,2108
chr12,124359100,124362502,36,3402
chr12,124363752,124364791,6,1039
chr12,124369353,124370017,7,664
chr12,124373216,124374328,18,1112
chr12,124375697,124376455,10,758
chr12,124379735,124380111,5,376
chr12,124385531,124385873,8,342
chr12,124387766,124389733,31,1967
chr12,124402372,124402671,7,299
chr12,124404060,124405695,17,1635
chr12,124414763,124415833,8,1070
chr12,124423511,124423570,5,59
chr12,124424779,124427987,26,3208
chr12,124439366,124441527,10,2161
chr12,124444671,124445347,17,676
chr12,124449794,124449931,7,137
chr12,124453307,124455533,5,2226
chr12,124456761,124457917,32,1156
chr12,124495528,124498461,19,2933
chr12,124500726,124503094,12,2368
chr12,124510840,124511517,10,677
chr12,124515952,124518883,43,2931
chr12,124522747,124523422,9,675
chr12,124528504,124529550,6,1046
chr12,124535851,124536023,7,172
chr12,124539205,124539596,12,391
chr12,124542882,124543409,8,527
chr12,124544592,124546832,9,2240
chr12,124551855,124552575,7,720
chr12,124554726,124555815,16,1089
chr12,124564400,124569982,127,5582
chr12,124592128,124593353,11,1225
chr12,124615680,124617940,19,2260
chr12,124634698,124635025,5,327
chr12,124654830,124655914,14,1084
chr12,124667282,124668867,10,1585
chr12,124676067,124676233,6,166
chr12,124678591,124680049,18,1458
chr12,124681686,124682809,6,1123
chr12,124713364,124715834,9,2470
chr12,124727434,124727878,8,444
chr12,124734450,124734528,6,78
chr12,124738987,124739221,14,234
chr12,124755603,124755801,5,198
chr12,124757900,124758909,14,1009
chr12,124773754,124774303,7,549
chr12,124777499,124777744,6,245
chr12,124786315,124786820,7,505
chr12,124812375,124812901,5,526
chr12,124815327,124817479,13,2152
chr12,124818770,124819620,5,850
chr12,124844643,124846655,15,2012
chr12,124856717,124857107,13,390
chr12,124863215,124863812,37,597
chr12,124865004,124865036,5,32
chr12,124873366,124873667,6,301
chr12,124904010,124905037,6,1027
chr12,124913927,124914962,30,1035
chr12,124926301,124928618,39,2317
chr12,124934820,124934919,7,99
chr12,124939678,124940394,19,716
chr12,124945774,124946618,8,844
chr12,124950034,124950972,10,938
chr12,124965216,124965895,7,679
chr12,124971309,124971429,8,120
chr12,124976200,124976971,8,771
chr12,124980111,124980776,8,665
chr12,124988903,124989984,28,1081
chr12,124991268,124991326,5,58
chr12,124993518,124994716,37,1198
chr12,124997276,124998265,20,989
chr12,125014381,125014486,6,105
chr12,125018431,125018554,5,123
chr12,125025290,125025549,8,259
chr12,125049051,125050306,32,1255
chr12,125065181,125066542,32,1361
chr12,125068900,125069000,6,100
chr12,125075300,125075452,5,152
chr12,125097959,125098319,8,360
chr12,125136756,125136952,16,196
chr12,125138158,125138963,5,805
chr12,125162433,125162504,5,71
chr12,125183361,125183411,7,50
chr12,125185587,125187632,85,2045
chr12,125188651,125189703,7,1052
chr12,125194297,125194578,8,281
chr12,125246312,125246894,9,582
chr12,125252223,125253010,6,787
chr12,125259297,125259639,8,342
chr12,125288169,125288711,5,542
chr12,125296300,125296864,9,564
chr12,125301498,125301735,8,237
chr12,125331057,125331614,15,557
chr12,125411546,125411765,7,219
chr12,125533590,125533640,7,50
chr12,125650698,125650893,6,195
chr12,125683975,125684011,7,36
chr12,125691378,125692465,7,1087
chr12,125702252,125702429,5,177
chr12,125746777,125746908,5,131
chr12,125861388,125861671,30,283
chr12,126191558,126192281,15,723
chr12,126419906,126420573,7,667
chr12,126501587,126501796,5,209
chr12,126616624,126616695,6,71
chr12,126726270,126727712,59,1442
chr12,126900060,126900788,6,728
chr12,126947999,126948768,11,769
chr12,127060455,127060959,11,504
chr12,127088816,127089252,5,436
chr12,127145769,127146738,61,969
chr12,127279942,127280908,20,966
chr12,127381124,127381226,12,102
chr12,127382687,127383833,11,1146
chr12,127430287,127430640,8,353
chr12,127455485,127456109,28,624
chr12,127459819,127459912,5,93
chr12,127482811,127483217,11,406
chr12,127607853,127608284,6,431
chr12,127749887,127749987,5,100
chr12,127761061,127761204,5,143
chr12,127825911,127826534,7,623
chr12,127833586,127833996,5,410
chr12,127838832,127838965,5,133
chr12,127898780,127899236,10,456
chr12,127925910,127926165,5,255
chr12,127977205,127978434,6,1229
chr12,127983499,127983598,6,99
chr12,128129300,128129413,5,113
chr12,128190746,128191487,12,741
chr12,128266836,128268184,54,1348
chr12,128288119,128288151,5,32
chr12,128327348,128327543,8,195
chr12,128365618,128366270,15,652
chr12,128374130,128374369,6,239
chr12,128383400,128383515,7,115
chr12,128434414,128434873,6,459
chr12,128467919,128468508,9,589
chr12,128543743,128544053,9,310
chr12,128655137,128656541,10,1404
chr12,128781628,128783164,8,1536
chr12,128792632,128793187,14,555
chr12,128803530,128803824,6,294
chr12,128823190,128824510,32,1320
chr12,128834432,128835209,5,777
chr12,128853433,128854325,52,892
chr12,128868319,128868500,5,181
chr12,128881080,128881140,6,60
chr12,128914676,128914734,5,58
chr12,128924350,128924779,6,429
chr12,128930849,128931393,9,544
chr12,128932744,128933572,15,828
chr12,128944970,128945158,10,188
chr12,128978167,128978476,8,309
chr12,129067699,129067833,6,134
chr12,129152818,129153852,5,1034
chr12,129163687,129164219,6,532
chr12,129310480,129311025,7,545
chr12,129366979,129367879,6,900
chr12,129513675,129513930,6,255
chr12,129524786,129525213,10,427
chr12,129699574,129700121,6,547
chr12,129710907,129711232,8,325
chr12,129721072,129722226,5,1154
chr12,129731601,129731755,7,154
chr12,129831513,129832750,14,1237
chr12,129903142,129904507,117,1365
chr12,129935987,129936169,8,182
chr12,130013790,130014523,21,733
chr12,130024222,130024597,10,375
chr12,130042252,130042447,16,195
chr12,130045095,130045592,6,497
chr12,130047364,130047526,5,162
chr12,130070237,130070578,14,341
chr12,130104403,130105008,14,605
chr12,130115602,130115657,5,55
chr12,130141269,130141405,5,136
chr12,130142724,130144452,19,1728
chr12,130151966,130152670,7,704
chr12,130160156,130165182,209,5026
chr12,130177615,130177848,6,233
chr12,130185409,130186405,18,996
chr12,130204555,130204783,8,228
chr12,130236205,130237070,9,865
chr12,130268757,130268828,5,71
chr12,130281546,130281698,7,152
chr12,130338184,130340592,56,2408
chr12,130366404,130366588,6,184
chr12,130390903,130392023,6,1120
chr12,130393402,130393469,5,67
chr12,130424527,130425651,14,1124
chr12,130426661,130427242,9,581
chr12,130435942,130436954,7,1012
chr12,130438421,130439027,11,606
chr12,130442373,130442529,9,156
chr12,130451180,130451417,17,237
chr12,130454783,130455584,6,801
chr12,130458900,130459364,6,464
chr12,130463201,130463578,6,377
chr12,130469367,130470310,5,943
chr12,130474806,130475988,11,1182
chr12,130477716,130477862,5,146
chr12,130490016,130491038,5,1022
chr12,130557942,130558248,5,306
chr12,130590857,130590924,5,67
chr12,130592613,130593171,22,558
chr12,130607274,130607619,5,345
chr12,130611510,130611695,8,185
chr12,130619867,130620940,5,1073
chr12,130641372,130643250,13,1878
chr12,130656223,130657576,10,1353
chr12,130685979,130686912,27,933
chr12,130688345,130689347,6,1002
chr12,130702929,130705320,19,2391
chr12,130707087,130707288,8,201
chr12,130708664,130709073,9,409
chr12,130711872,130712466,6,594
chr12,130713622,130716980,55,3358
chr12,130728936,130730280,17,1344
chr12,130760972,130761158,9,186
chr12,130775834,130776821,18,987
chr12,130779815,130781471,16,1656
chr12,130787473,130788407,8,934
chr12,130791458,130791825,7,367
chr12,130817988,130819386,19,1398
chr12,130820590,130821696,8,1106
chr12,130824067,130825084,8,1017
chr12,130838415,130839515,56,1100
chr12,130852397,130852664,7,267
chr12,130870766,130872138,17,1372
chr12,130897791,130898108,6,317
chr12,130915893,130916273,9,380
chr12,130917833,130918053,8,220
chr12,130933594,130934295,20,701
chr12,130948606,130951320,12,2714
chr12,130976549,130977534,16,985
chr12,130994143,130994617,11,474
chr12,131003986,131004325,10,339
chr12,131008516,131008870,10,354
chr12,131011245,131012899,20,1654
chr12,131018624,131019173,8,549
chr12,131024419,131024988,5,569
chr12,131026474,131026783,8,309
chr12,131027951,131028796,13,845
chr12,131030655,131031102,15,447
chr12,131033950,131034035,6,85
chr12,131035143,131036814,14,1671
chr12,131037882,131039410,19,1528
chr12,131042656,131042732,7,76
chr12,131045142,131045520,6,378
chr12,131048475,131048559,6,84
chr12,131078346,131078518,5,172
chr12,131085013,131085888,10,875
chr12,131088294,131089094,11,800
chr12,131105779,131105858,7,79
chr12,131121089,131122098,11,1009
chr12,131133494,131134740,8,1246
chr12,131137780,131138880,15,1100
chr12,131163352,131164717,35,1365
chr12,131202905,131203707,13,802
chr12,131209489,131209719,11,230
chr12,131218590,131219776,7,1186
chr12,131223145,131223942,8,797
chr12,131235765,131236167,7,402
chr12,131244309,131244494,6,185
chr12,131250770,131252120,13,1350
chr12,131262056,131262785,5,729
chr12,131286013,131286174,8,161
chr12,131369286,131370019,16,733
chr12,131378398,131379394,8,996
chr12,131383314,131384419,8,1105
chr12,131390801,131390995,6,194
chr12,131428447,131428566,6,119
chr12,131432745,131433177,13,432
chr12,131494080,131494589,8,509
chr12,131558137,131559019,5,882
chr12,131576146,131576924,17,778
chr12,131592190,131592325,9,135
chr12,131613560,131613943,9,383
chr12,131616442,131618156,10,1714
chr12,131621304,131623557,13,2253
chr12,131673091,131673266,8,175
chr12,131680343,131681748,12,1405
chr12,131692610,131693209,11,599
chr12,131699618,131700094,6,476
chr12,131710807,131712006,67,1199
chr12,131752638,131753196,10,558
chr12,131766156,131766262,5,106
chr12,131782930,131784238,7,1308
chr12,131800079,131800139,6,60
chr12,131801962,131803146,6,1184
chr12,131808829,131808990,16,161
chr12,131817341,131817436,6,95
chr12,131819134,131819998,9,864
chr12,131826890,131832053,140,5163
chr12,131837900,131838226,5,326
chr12,131842397,131842495,5,98
chr12,131844249,131846949,28,2700
chr12,131852474,131853164,11,690
chr12,131855455,131855916,8,461
chr12,131858834,131859042,5,208
chr12,131860775,131861855,10,1080
chr12,131863109,131864292,12,1183
chr12,131866872,131868618,8,1746
chr12,131869690,131869784,5,94
chr12,131872646,131873492,10,846
chr12,131886676,131886856,7,180
chr12,131889552,131890494,7,942
chr12,131894563,131897431,70,2868
chr12,131899075,131899274,5,199
chr12,131902007,131902906,6,899
chr12,131907140,131908487,21,1347
chr12,131909669,131910606,19,937
chr12,131912017,131912987,9,970
chr12,131919089,131919893,14,804
chr12,131921965,131923873,9,1908
chr12,131925163,131925582,11,419
chr12,131928379,131931283,85,2904
chr12,131934330,131934726,9,396
chr12,131937499,131937627,6,128
chr12,131941395,131942499,12,1104
chr12,131945589,131946198,6,609
chr12,131949111,131951127,122,2016
chr12,132001522,132001732,8,210
chr12,132020126,132020207,9,81
chr12,132027446,132027898,9,452
chr12,132037231,132037455,5,224
chr12,132083941,132084854,48,913
chr12,132107606,132107935,7,329
chr12,132116663,132116714,5,51
chr12,132119224,132119650,13,426
chr12,132125141,132125606,5,465
chr12,132131032,132131157,5,125
chr12,132132574,132133520,5,946
chr12,132138515,132140105,11,1590
chr12,132143168,132144840,93,1672
chr12,132147693,132147752,6,59
chr12,132151232,132151451,8,219
chr12,132153106,132155179,36,2073
chr12,132158780,132158901,5,121
chr12,132160363,132160798,7,435
chr12,132162487,132163293,9,806
chr12,132167697,132168667,12,970
chr12,132170718,132173411,32,2693
chr12,132176647,132177081,5,434
chr12,132178270,132178910,11,640
chr12,132186517,132187883,19,1366
chr12,132188963,132191188,78,2225
chr12,132196995,132199207,26,2212
chr12,132202229,132208339,66,6110
chr12,132212640,132215132,31,2492
chr12,132229719,132230791,18,1072
chr12,132235283,132235330,5,47
chr12,132240493,132241476,11,983
chr12,132243247,132244218,16,971
chr12,132247159,132247954,30,795
chr12,132250897,132251453,28,556
chr12,132257613,132257650,6,37
chr12,132259248,132259376,8,128
chr12,132262125,132264372,21,2247
chr12,132265419,132265634,5,215
chr12,132268846,132269508,12,662
chr12,132272930,132273170,6,240
chr12,132276007,132279521,31,3514
chr12,132280565,132281302,11,737
chr12,132282882,132283468,21,586
chr12,132288880,132289483,11,603
chr12,132291927,132292656,8,729
chr12,132295240,132296173,11,933
chr12,132306141,132306411,17,270
chr12,132308410,132310723,25,2313
chr12,132318861,132319838,16,977
chr12,132321248,132321636,9,388
chr12,132322747,132325088,51,2341
chr12,132327352,132328243,10,891
chr12,132329257,132330232,54,975
chr12,132331504,132331599,7,95
chr12,132333722,132333895,8,173
chr12,132336028,132336618,11,590
chr12,132338920,132342170,29,3250
chr12,132344885,132346108,36,1223
chr12,132347734,132348301,5,567
chr12,132352530,132353460,21,930
chr12,132367511,132369285,9,1774
chr12,132374465,132374658,9,193
chr12,132379241,132380341,30,1100
chr12,132381731,132382591,8,860
chr12,132385129,132386269,11,1140
chr12,132395716,132400428,83,4712
chr12,132403125,132403718,7,593
chr12,132405289,132405823,9,534
chr12,132407246,132410688,29,3442
chr12,132413963,132416935,57,2972
chr12,132421923,132422463,6,540
chr12,132423568,132423727,14,159
chr12,132425432,132425582,5,150
chr12,132430600,132431282,17,682
chr12,132435981,132436107,5,126
chr12,132440716,132443458,39,2742
chr12,132444518,132446962,27,2444
chr12,132450227,132451816,15,1589
chr12,132453407,132455018,23,1611
chr12,132457034,132457296,17,262
chr12,132460010,132460138,5,128
chr12,132471884,132472025,8,141
chr12,132474207,132474569,10,362
chr12,132475581,132475908,9,327
chr12,132482010,132482048,5,38
chr12,132483716,132484511,7,795
chr12,132486269,132486402,6,133
chr12,132488554,132490988,119,2434
chr12,132495004,132495366,7,362
chr12,132500073,132502078,12,2005
chr12,132505260,132508614,35,3354
chr12,132510067,132510414,14,347
chr12,132523341,132524562,17,1221
chr12,132525764,132526017,7,253
chr12,132528456,132528615,6,159
chr12,132530925,132531155,5,230
chr12,132538587,132538925,6,338
chr12,132547973,132551989,39,4016
chr12,132553577,132554272,9,695
chr12,132558877,132561162,68,2285
chr12,132570955,132572534,36,1579
chr12,132574288,132575376,18,1088
chr12,132577481,132577640,8,159
chr12,132578982,132579134,6,152
chr12,132581993,132586266,86,4273
chr12,132591001,132592636,27,1635
chr12,132593797,132593827,5,30
chr12,132598962,132599439,17,477
chr12,132600563,132601263,17,700
chr12,132602493,132604244,46,1751
chr12,132609302,132610743,17,1441
chr12,132615026,132616584,13,1558
chr12,132618415,132621600,57,3185
chr12,132643544,132643633,6,89
chr12,132649420,132649460,6,40
chr12,132667537,132667639,7,102
chr12,132672510,132674285,15,1775
chr12,132686182,132688034,105,1852
chr12,132696724,132697826,8,1102
chr12,132709293,132711558,92,2265
chr12,132717834,132718043,14,209
chr12,132723158,132723454,5,296
chr12,132727368,132728315,27,947
chr12,132736141,132736238,6,97
chr12,132758915,132759033,7,118
chr12,132760530,132762478,93,1948
chr12,132764936,132764968,5,32
chr12,132767379,132769190,16,1811
chr12,132770413,132770788,9,375
chr12,132773158,132774309,13,1151
chr12,132777824,132778540,11,716
chr12,132781241,132781504,5,263
chr12,132787575,132788811,15,1236
chr12,132808277,132809443,9,1166
chr12,132821331,132821988,10,657
chr12,132828219,132830321,38,2102
chr12,132837704,132838022,14,318
chr12,132851630,132852076,17,446
chr12,132856824,132857370,8,546
chr12,132858392,132858642,5,250
chr12,132865820,132866653,9,833
chr12,132882204,132883374,5,1170
chr12,132887108,132888139,60,1031
chr12,132903995,132905612,40,1617
chr12,132907833,132909247,67,1414
chr12,132935585,132935847,6,262
chr12,132938819,132938871,5,52
chr12,132956120,132957026,15,906
chr12,132976773,132977289,11,516
chr12,132986316,132986949,51,633
chr12,132988107,132988329,7,222
chr12,133036843,133037762,46,919
chr12,133080613,133081098,15,485
chr12,133083700,133083775,5,75
chr12,133128558,133128707,5,149
chr12,133129953,133130195,22,242
chr12,133145729,133145895,5,166
chr12,133179591,133179836,9,245
chr12,133235632,133236701,29,1069
chr13,18297568,18298343,18,775
chr13,18598485,18598550,5,65
chr13,18874989,18875271,26,282
chr13,18943446,18945059,63,1613
chr13,18949190,18949671,6,481
chr13,19118107,19118459,9,352
chr13,19175120,19175290,5,170
chr13,19177916,19178338,8,422
chr13,19182337,19182835,10,498
chr13,19260109,19260146,6,37
chr13,19344688,19345357,16,669
chr13,19365137,19366187,11,1050
chr13,19382289,19382416,15,127
chr13,19560775,19562153,14,1378
chr13,19565001,19565302,19,301
chr13,19571201,19571249,5,48
chr13,19586996,19587066,7,70
chr13,19601736,19602649,78,913
chr13,19660054,19660121,5,67
chr13,19782067,19782976,46,909
chr13,19863222,19865156,86,1934
chr13,19884047,19884691,13,644
chr13,19904347,19904407,5,60
chr13,19916710,19918591,9,1881
chr13,19954029,19954971,6,942
chr13,19957631,19959476,103,1845
chr13,20074561,20074699,6,138
chr13,20117918,20119202,33,1284
chr13,20120881,20120952,9,71
chr13,20127417,20128977,38,1560
chr13,20135918,20136120,6,202
chr13,20137435,20137530,10,95
chr13,20142424,20142569,8,145
chr13,20151038,20151922,8,884
chr13,20160527,20161782,52,1255
chr13,20177274,20177779,19,505
chr13,20189071,20189358,14,287
chr13,20192174,20193769,76,1595
chr13,20207963,20208252,5,289
chr13,20231246,20232593,57,1347
chr13,20236775,20236815,6,40
chr13,20268667,20268699,5,32
chr13,20301431,20301950,44,519
chr13,20392010,20392275,16,265
chr13,20394781,20394867,6,86
chr13,20416026,20416329,7,303
chr13,20420100,20420247,6,147
chr13,20435755,20435862,13,107
chr13,20454592,20454884,5,292
chr13,20467691,20467821,7,130
chr13,20474338,20476279,10,1941
chr13,20482368,20483242,8,874
chr13,20502337,20503058,6,721
chr13,20525522,20525967,33,445
chr13,20566764,20567114,29,350
chr13,20608591,20608855,5,264
chr13,20703095,20704347,109,1252
chr13,20712445,20712724,12,279
chr13,20719948,20722190,74,2242
chr13,20773649,20773748,13,99
chr13,20902656,20903449,36,793
chr13,20943129,20943328,8,199
chr13,20945784,20946917,19,1133
chr13,20982404,20982512,6,108
chr13,20987846,20989248,34,1402
chr13,20998659,20999684,28,1025
chr13,21005981,21006061,6,80
chr13,21060107,21061685,93,1578
chr13,21070696,21070910,6,214
chr13,21075148,21078192,58,3044
chr13,21083577,21083911,7,334
chr13,21140186,21141006,46,820
chr13,21176202,21176510,22,308
chr13,21192238,21192955,9,717
chr13,21259782,21260779,5,997
chr13,21298230,21298772,35,542
chr13,21319201,21320066,17,865
chr13,21326131,21326410,24,279
chr13,21354895,21354971,5,76
chr13,21380723,21381099,6,376
chr13,21458436,21459559,81,1123
chr13,21601968,21604312,41,2344
chr13,21612748,21612856,5,108
chr13,21628991,21629245,7,254
chr13,21651889,21652198,9,309
chr13,21669372,21672364,67,2992
chr13,21673481,21675590,110,2109
chr13,21763729,21763893,7,164
chr13,21789214,21789318,6,104
chr13,21792251,21793278,5,1027
chr13,21812372,21812565,8,193
chr13,21817916,21818262,9,346
chr13,21919388,21920137,13,749
chr13,21927942,21928606,10,664
chr13,21969852,21970542,6,690
chr13,22009446,22009596,5,150
chr13,22203828,22204614,6,786
chr13,22290716,22291135,7,419
chr13,22610790,22611048,7,258
chr13,22647964,22648467,6,503
chr13,22838214,22838443,16,229
chr13,22915575,22915868,12,293
chr13,22925702,22927173,65,1471
chr13,22934706,22934845,6,139
chr13,22960225,22961306,9,1081
chr13,23065100,23066002,5,902
chr13,23103200,23103275,5,75
chr13,23138969,23139120,8,151
chr13,23142956,23143360,6,404
chr13,23159767,23160761,32,994
chr13,23248634,23248915,8,281
chr13,23270064,23270162,6,98
chr13,23375008,23375721,60,713
chr13,23387318,23388250,6,932
chr13,23455328,23455812,5,484
chr13,23467216,23467516,6,300
chr13,23525254,23525587,9,333
chr13,23547290,23547722,10,432
chr13,23578761,23579955,101,1194
chr13,23581188,23581238,5,50
chr13,23695376,23695976,25,600
chr13,23769838,23771136,5,1298
chr13,23888981,23889961,30,980
chr13,23903288,23903938,20,650
chr13,23945706,23946186,21,480
chr13,23979549,23980684,27,1135
chr13,24157490,24157594,6,104
chr13,24160406,24161477,54,1071
chr13,24227997,24228206,7,209
chr13,24307872,24308812,15,940
chr13,24323287,24323843,11,556
chr13,24338867,24338955,13,88
chr13,24340116,24340593,16,477
chr13,24357823,24359030,14,1207
chr13,24386049,24386226,8,177
chr13,24488192,24488514,7,322
chr13,24505726,24505859,5,133
chr13,24512475,24513086,29,611
chr13,24540946,24542290,21,1344
chr13,24571304,24571507,5,203
chr13,24622551,24623471,11,920
chr13,24626159,24628255,17,2096
chr13,24637516,24637765,7,249
chr13,24669415,24669783,11,368
chr13,24680000,24681073,73,1073
chr13,24718431,24719318,21,887
chr13,24745359,24747022,65,1663
chr13,24748032,24748835,13,803
chr13,24763463,24764332,12,869
chr13,24894914,24895268,20,354
chr13,24922427,24923069,41,642
chr13,24931986,24932367,14,381
chr13,24988951,24989121,11,170
chr13,25018403,25018903,31,500
chr13,25023959,25024101,5,142
chr13,25032145,25034035,16,1890
chr13,25046777,25047166,18,389
chr13,25069341,25070054,10,713
chr13,25095609,25096114,20,505
chr13,25104862,25105953,5,1091
chr13,25169700,25171606,101,1906
chr13,25285565,25288501,38,2936
chr13,25300568,25302050,28,1482
chr13,25371889,25374172,58,2283
chr13,25386921,25387113,6,192
chr13,25466693,25469215,52,2522
chr13,25484659,25484806,5,147
chr13,25570304,25571096,7,792
chr13,25572258,25572430,6,172
chr13,25774900,25776125,5,1225
chr13,25784711,25785256,5,545
chr13,25953735,25953877,5,142
chr13,25964004,25964100,5,96
chr13,26012215,26012702,14,487
chr13,26049937,26052053,78,2116
chr13,26203818,26203909,6,91
chr13,26221637,26222551,45,914
chr13,26235095,26235239,6,144
chr13,26253603,26255075,40,1472
chr13,26474369,26474661,7,292
chr13,26557546,26558472,85,926
chr13,26681065,26681402,5,337
chr13,26682787,26683192,6,405
chr13,26698344,26698576,7,232
chr13,26721687,26721873,11,186
chr13,26742980,26744182,13,1202
chr13,26760618,26760868,31,250
chr13,26771540,26771948,7,408
chr13,26785682,26786024,5,342
chr13,26797395,26797684,5,289
chr13,26895454,26896093,6,639
chr13,26901378,26902071,6,693
chr13,26974401,26974524,5,123
chr13,26978634,26980181,10,1547
chr13,26983357,26984020,7,663
chr13,26990549,26990918,5,369
chr13,27005607,27006602,9,995
chr13,27116236,27116546,7,310
chr13,27125532,27125772,9,240
chr13,27171062,27172155,87,1093
chr13,27193534,27194668,5,1134
chr13,27251267,27251786,27,519
chr13,27270522,27271199,37,677
chr13,27308502,27309144,11,642
chr13,27341521,27342059,7,538
chr13,27354181,27355001,5,820
chr13,27362344,27362731,7,387
chr13,27381625,27381917,11,292
chr13,27424604,27424806,22,202
chr13,27425918,27426172,7,254
chr13,27450111,27451102,25,991
chr13,27483066,27483588,8,522
chr13,27533225,27533357,8,132
chr13,27620200,27622275,95,2075
chr13,27630101,27630163,5,62
chr13,27776114,27776270,5,156
chr13,27789488,27797616,163,8128
chr13,27822343,27822415,6,72
chr13,27826741,27827247,12,506
chr13,27852450,27853054,5,604
chr13,27917176,27917933,19,757
chr13,27918942,27921613,97,2671
chr13,27923125,27925042,62,1917
chr13,27926433,27929371,45,2938
chr13,27953350,27954736,75,1386
chr13,27959829,27961458,80,1629
chr13,27962851,27963205,6,354
chr13,27964323,27965369,12,1046
chr13,27966450,27969298,117,2848
chr13,27975095,27976210,27,1115
chr13,27977378,27978473,47,1095
chr13,27980106,27980861,26,755
chr13,27989441,27989514,5,73
chr13,28084899,28085067,5,168
chr13,28099577,28100914,74,1337
chr13,28113853,28114446,6,593
chr13,28138098,28141560,44,3462
chr13,28343143,28343392,5,249
chr13,28493394,28496458,146,3064
chr13,28526412,28527250,6,838
chr13,28531236,28531524,20,288
chr13,28532527,28533173,46,646
chr13,28538219,28538274,5,55
chr13,28583836,28584248,7,412
chr13,28618714,28618805,7,91
chr13,28658584,28659365,35,781
chr13,28717910,28719150,19,1240
chr13,28721465,28721988,6,523
chr13,28778651,28778767,5,116
chr13,28796042,28796738,10,696
chr13,28818227,28818430,6,203
chr13,28819893,28820679,64,786
chr13,28990926,28990992,5,66
chr13,29012312,29012689,7,377
chr13,29025259,29025367,6,108
chr13,29038896,29039437,9,541
chr13,29100875,29100970,6,95
chr13,29245887,29246451,5,564
chr13,29367837,29368031,5,194
chr13,29483347,29483438,5,91
chr13,29495109,29495265,5,156
chr13,29513838,29514461,8,623
chr13,29523649,29524777,9,1128
chr13,29548427,29548783,6,356
chr13,29578696,29579853,5,1157
chr13,29594687,29596029,87,1342
chr13,29611010,29612396,9,1386
chr13,29693533,29693980,6,447
chr13,29832425,29832629,6,204
chr13,29849521,29850372,57,851
chr13,29937486,29937583,7,97
chr13,29973239,29973326,5,87
chr13,30099119,30099401,10,282
chr13,30113126,30114113,6,987
chr13,30115137,30115353,9,216
chr13,30130986,30131002,5,16
chr13,30132714,30133146,13,432
chr13,30170719,30171369,8,650
chr13,30282879,30283128,5,249
chr13,30306890,30307397,22,507
chr13,30408198,30409045,33,847
chr13,30421549,30422513,22,964
chr13,30445318,30445972,10,654
chr13,30464262,30466231,90,1969
chr13,30527042,30527119,5,77
chr13,30614789,30614900,7,111
chr13,30617409,30618022,31,613
chr13,30674228,30674329,18,101
chr13,30690967,30691238,5,271
chr13,30731831,30732614,23,783
chr13,30803035,30804473,21,1438
chr13,30827041,30827157,5,116
chr13,30882804,30884606,6,1802
chr13,30906056,30907387,53,1331
chr13,30932741,30932826,5,85
chr13,31043990,31044200,11,210
chr13,31056179,31056395,5,216
chr13,31133602,31133791,6,189
chr13,31160821,31162421,79,1600
chr13,31199880,31201427,67,1547
chr13,31208448,31208576,5,128
chr13,31608920,31609173,9,253
chr13,31666154,31666574,8,420
chr13,31845684,31847128,52,1444
chr13,32031184,32031737,41,553
chr13,32208964,32209534,8,570
chr13,32237456,32237853,7,397
chr13,32311293,32311452,13,159
chr13,32315447,32315749,16,302
chr13,32425852,32428834,78,2982
chr13,32537926,32539194,18,1268
chr13,32585417,32587649,82,2232
chr13,32826134,32826667,5,533
chr13,33015945,33017837,70,1892
chr13,33154606,33155133,7,527
chr13,33325909,33326048,5,139
chr13,33350099,33350560,47,461
chr13,33361007,33361072,5,65
chr13,33457627,33458399,5,772
chr13,33465266,33465298,5,32
chr13,33542663,33542712,5,49
chr13,33622563,33622609,5,46
chr13,33635255,33636491,7,1236
chr13,33682094,33682508,12,414
chr13,33690855,33692178,16,1323
chr13,33818065,33818605,28,540
chr13,34004790,34005170,7,380
chr13,34317092,34317477,6,385
chr13,34335522,34335909,5,387
chr13,34427097,34427374,5,277
chr13,34750455,34750545,6,90
chr13,34942252,34943245,64,993
chr13,35470971,35471196,16,225
chr13,35475360,35476793,27,1433
chr13,35478417,35478981,29,564
chr13,35514386,35514736,5,350
chr13,35566285,35566488,5,203
chr13,35694665,35695751,7,1086
chr13,35714278,35716015,7,1737
chr13,35720869,35721447,10,578
chr13,36101004,36101662,6,658
chr13,36130929,36131185,21,256
chr13,36154985,36155180,9,195
chr13,36214283,36214724,14,441
chr13,36297836,36298109,18,273
chr13,36346254,36347037,13,783
chr13,36430483,36433633,90,3150
chr13,36576674,36576734,5,60
chr13,36674013,36675078,45,1065
chr13,36819244,36819735,29,491
chr13,36853209,36853580,7,371
chr13,36859884,36860171,5,287
chr13,36879109,36879709,5,600
chr13,36919473,36920377,68,904
chr13,36926103,36927462,6,1359
chr13,36998675,37000041,22,1366
chr13,37001135,37001179,6,44
chr13,37058774,37059791,37,1017
chr13,37069468,37069618,8,150
chr13,37105330,37105384,5,54
chr13,37645296,37645953,6,657
chr13,37691262,37691355,5,93
chr13,37750822,37751225,7,403
chr13,37869001,37870360,52,1359
chr13,38319544,38319767,11,223
chr13,38350099,38350210,5,111
chr13,38687061,38689710,78,2649
chr13,38866422,38866524,5,102
chr13,38968432,38968497,5,65
chr13,38977782,38977852,7,70
chr13,39037558,39039190,44,1632
chr13,39286340,39286546,7,206
chr13,39300682,39300859,6,177
chr13,39602666,39603423,65,757
chr13,39655768,39655978,16,210
chr13,40172153,40172326,11,173
chr13,40493034,40493069,5,35
chr13,40535138,40535364,6,226
chr13,40632428,40632664,8,236
chr13,40663996,40668362,132,4366
chr13,40677746,40677884,7,138
chr13,40699054,40699146,6,92
chr13,40770985,40772091,24,1106
chr13,40789053,40790079,51,1026
chr13,40805139,40805200,5,61
chr13,41060106,41061905,48,1799
chr13,41075589,41076671,5,1082
chr13,41132501,41132866,14,365
chr13,41194557,41194621,7,64
chr13,41290198,41290259,5,61
chr13,41311527,41312414,37,887
chr13,41342022,41342126,7,104
chr13,41422769,41423510,14,741
chr13,41451499,41451623,6,124
chr13,41453179,41453357,7,178
chr13,41455777,41455897,8,120
chr13,41457309,41458006,54,697
chr13,41480445,41480690,6,245
chr13,41513835,41513880,5,45
chr13,41573742,41573873,6,131
chr13,41959797,41961246,14,1449
chr13,42039577,42042626,124,3049
chr13,42047943,42049285,52,1342
chr13,42271465,42272698,49,1233
chr13,42473346,42473583,5,237
chr13,42559779,42560033,17,254
chr13,42574142,42574968,42,826
chr13,42879369,42879698,5,329
chr13,42890488,42890593,5,105
chr13,42991765,42992186,7,421
chr13,43023127,43023613,15,486
chr13,43135029,43135385,5,356
chr13,43396023,43396472,6,449
chr13,43771857,43771927,7,70
chr13,43785934,43787677,75,1743
chr13,43879091,43880295,53,1204
chr13,43971095,43971614,5,519
chr13,44141677,44141975,10,298
chr13,44264129,44264335,5,206
chr13,44373457,44374446,51,989
chr13,44406862,44407074,5,212
chr13,44416019,44416142,5,123
chr13,44434311,44437335,46,3024
chr13,44483383,44483592,10,209
chr13,44575936,44578371,167,2435
chr13,44581141,44581738,6,597
chr13,44634140,44634186,5,46
chr13,44707192,44707276,5,84
chr13,44725505,44725604,7,99
chr13,44798786,44799486,14,700
chr13,44893693,44893938,5,245
chr13,44916270,44916860,6,590
chr13,44918404,44918590,8,186
chr13,44988142,44990946,36,2804
chr13,45050604,45050756,5,152
chr13,45095913,45096044,5,131
chr13,45120482,45120685,19,203
chr13,45124975,45125573,7,598
chr13,45229042,45229361,7,319
chr13,45309949,45310127,8,178
chr13,45311262,45311919,31,657
chr13,45340373,45341520,92,1147
chr13,45345007,45345619,5,612
chr13,45351883,45353029,12,1146
chr13,45356203,45357474,7,1271
chr13,45369968,45371227,12,1259
chr13,45417199,45419479,40,2280
chr13,45464690,45466527,36,1837
chr13,45696279,45696404,5,125
chr13,45713584,45714184,20,600
chr13,45850451,45851731,21,1280
chr13,46052343,46052778,31,435
chr13,46211578,46211954,33,376
chr13,46323836,46323923,5,87
chr13,46386581,46388160,43,1579
chr13,46490985,46491043,5,58
chr13,46551589,46551679,7,90
chr13,46553016,46554553,54,1537
chr13,46796701,46797302,11,601
chr13,46894205,46894386,12,181
chr13,46897929,46898047,6,118
chr13,46936347,46936416,5,69
chr13,47744762,47745061,5,299
chr13,47863432,47863533,5,101
chr13,47970560,47970960,6,400
chr13,48000855,48001211,13,356
chr13,48037936,48038099,7,163
chr13,48094943,48095521,20,578
chr13,48229853,48229970,6,117
chr13,48233306,48233733,24,427
chr13,48303455,48304143,58,688
chr13,48317482,48321381,49,3899
chr13,48532456,48533300,37,844
chr13,48673430,48673908,6,478
chr13,48777279,48777447,5,168
chr13,48975749,48976855,73,1106
chr13,49218358,49221472,84,3114
chr13,49281392,49282118,5,726
chr13,49305507,49306403,14,896
chr13,49443908,49444361,7,453
chr13,49495353,49496567,38,1214
chr13,49564182,49564570,8,388
chr13,49585309,49586214,17,905
chr13,49628712,49628857,5,145
chr13,49691538,49692990,13,1452
chr13,49791902,49793910,54,2008
chr13,49847989,49848496,15,507
chr13,49930505,49930537,5,32
chr13,49935766,49937008,47,1242
chr13,49996273,49998677,71,2404
chr13,50079851,50082528,49,2677
chr13,50124073,50126470,111,2397
chr13,50127554,50127864,17,310
chr13,50129894,50131178,33,1284
chr13,50133450,50133798,17,348
chr13,50491317,50491432,5,115
chr13,50909647,50910454,44,807
chr13,50982108,50982156,5,48
chr13,51030235,51030356,8,121
chr13,51111678,51111908,6,230
chr13,51222274,51222895,48,621
chr13,51242602,51245681,10,3079
chr13,51251859,51252059,10,200
chr13,51286511,51287076,10,565
chr13,51336411,51336554,5,143
chr13,51451526,51453654,74,2128
chr13,51583921,51585156,39,1235
chr13,51804023,51805136,33,1113
chr13,51865397,51865595,5,198
chr13,52011426,52013095,34,1669
chr13,52045230,52045290,5,60
chr13,52128352,52129212,22,860
chr13,52159072,52159657,23,585
chr13,52194167,52197346,44,3179
chr13,52342980,52343903,12,923
chr13,52350871,52351979,9,1108
chr13,52358340,52359536,7,1196
chr13,52360981,52361881,7,900
chr13,52400522,52401550,5,1028
chr13,52405960,52406423,23,463
chr13,52445563,52446077,8,514
chr13,52450228,52451259,30,1031
chr13,52455519,52455597,8,78
chr13,52596596,52596733,8,137
chr13,52600012,52601198,30,1186
chr13,52617443,52617902,14,459
chr13,52631456,52631643,5,187
chr13,52652259,52653193,35,934
chr13,52724197,52724667,14,470
chr13,52739239,52740068,24,829
chr13,52753116,52753186,5,70
chr13,52815243,52815635,23,392
chr13,52826319,52827486,7,1167
chr13,52845841,52848310,172,2469
chr13,52849667,52851811,46,2144
chr13,53006330,53006599,6,269
chr13,53200224,53202878,55,2654
chr13,53409003,53409376,6,373
chr13,53821870,53822016,5,146
chr13,54129295,54129608,5,313
chr13,54313045,54313179,7,134
chr13,54316179,54316328,8,149
chr13,54829590,54829869,8,279
chr13,54963058,54963152,5,94
chr13,55054168,55054723,10,555
chr13,55308269,55308479,5,210
chr13,56188440,56188653,8,213
chr13,56547717,56548137,7,420
chr13,56658063,56658221,5,158
chr13,56739350,56739447,5,97
chr13,56805245,56805445,5,200
chr13,56856245,56856433,7,188
chr13,57286542,57287002,15,460
chr13,57328662,57328726,8,64
chr13,57629853,57633992,81,4139
chr13,58009506,58009575,7,69
chr13,58318668,58318858,7,190
chr13,58504601,58505774,7,1173
chr13,58534426,58534536,5,110
chr13,58714046,58714172,6,126
chr13,58772640,58773330,18,690
chr13,58858888,58859177,16,289
chr13,59117991,59118103,5,112
chr13,59314145,59314384,6,239
chr13,59439968,59440261,7,293
chr13,60163445,60164125,34,680
chr13,60267701,60267885,9,184
chr13,60394457,60394598,8,141
chr13,60397055,60397900,46,845
chr13,60591445,60591586,6,141
chr13,60833146,60833243,6,97
chr13,61331235,61331466,5,231
chr13,61339180,61339331,15,151
chr13,61413728,61415102,28,1374
chr13,61418991,61419060,6,69
chr13,61493655,61493790,5,135
chr13,61729887,61730298,11,411
chr13,61789117,61789279,10,162
chr13,62229574,62230033,10,459
chr13,62333680,62333721,5,41
chr13,62394007,62394178,5,171
chr13,62448085,62448222,11,137
chr13,62911947,62912011,5,64
chr13,63041336,63041487,5,151
chr13,63237083,63237274,6,191
chr13,63379069,63379259,6,190
chr13,63811657,63811866,19,209
chr13,63842683,63843503,6,820
chr13,64076785,64077177,6,392
chr13,64078679,64079199,12,520
chr13,64463331,64463660,5,329
chr13,64490621,64491691,5,1070
chr13,64733989,64734167,6,178
chr13,65133230,65133300,5,70
chr13,65149714,65149976,6,262
chr13,65154371,65154421,5,50
chr13,65310776,65311087,11,311
chr13,65330677,65330940,12,263
chr13,65568711,65569053,6,342
chr13,66009407,66009481,10,74
chr13,66380503,66380636,5,133
chr13,66532667,66533073,5,406
chr13,66561180,66561341,8,161
chr13,66773394,66773870,15,476
chr13,66934259,66935283,7,1024
chr13,66994341,66994442,7,101
chr13,67230207,67231202,65,995
chr13,67497707,67497779,8,72
chr13,67773010,67773336,12,326
chr13,67909269,67909493,6,224
chr13,68107751,68108077,16,326
chr13,68171024,68171065,6,41
chr13,68272743,68272917,9,174
chr13,68524158,68524956,10,798
chr13,69009028,69009096,7,68
chr13,69222740,69222779,5,39
chr13,69537455,69537562,6,107
chr13,69698282,69698327,5,45
chr13,70107625,70108289,11,664
chr13,70512087,70512104,5,17
chr13,70924306,70924563,8,257
chr13,71190208,71190333,5,125
chr13,71393611,71394010,6,399
chr13,71528246,71528675,11,429
chr13,71864417,71867460,94,3043
chr13,72578532,72579420,5,888
chr13,72726287,72728316,33,2029
chr13,72781703,72782120,20,417
chr13,72900946,72901186,6,240
chr13,72905228,72905342,5,114
chr13,72927161,72927422,7,261
chr13,73046397,73046659,6,262
chr13,73058753,73060635,66,1882
chr13,73075644,73075785,9,141
chr13,73162269,73162571,5,302
chr13,73417466,73417764,6,298
chr13,73589318,73589449,7,131
chr13,73626782,73626952,8,170
chr13,74007378,74007432,5,54
chr13,74133292,74136348,102,3056
chr13,74221105,74221167,6,62
chr13,74575790,74575989,20,199
chr13,75219866,75219935,10,69
chr13,75240328,75240447,10,119
chr13,75247124,75247212,6,88
chr13,75270441,75270930,10,489
chr13,75361541,75362289,5,748
chr13,75468933,75469258,6,325
chr13,75480740,75482648,97,1908
chr13,75518621,75518967,9,346
chr13,75549376,75550329,34,953
chr13,75635259,75637076,68,1817
chr13,76190162,76190432,15,270
chr13,76314496,76314758,6,262
chr13,76849013,76849405,7,392
chr13,76885386,76887170,89,1784
chr13,76949093,76949183,6,90
chr13,76991091,76992936,35,1845
chr13,76994236,76994380,6,144
chr13,77026471,77027524,27,1053
chr13,77326594,77327248,53,654
chr13,77329140,77329916,9,776
chr13,77380385,77380478,5,93
chr13,77475733,77475770,5,37
chr13,77542963,77543176,5,213
chr13,77690551,77690655,7,104
chr13,77697365,77698770,65,1405
chr13,77919094,77919839,20,745
chr13,78586505,78586876,8,371
chr13,78593979,78594235,7,256
chr13,78595582,78596855,53,1273
chr13,78601799,78603790,141,1991
chr13,78607321,78608132,22,811
chr13,78609378,78609837,14,459
chr13,78658758,78658814,8,56
chr13,78664212,78664312,8,100
chr13,78816812,78816868,5,56
chr13,78818142,78818340,7,198
chr13,79397538,79397598,5,60
chr13,79405479,79406516,38,1037
chr13,79480944,79481920,52,976
chr13,80277863,80278943,11,1080
chr13,80285715,80286227,5,512
chr13,80296535,80296583,5,48
chr13,80322187,80322842,6,655
chr13,80339213,80341370,51,2157
chr13,80342837,80344260,31,1423
chr13,80355695,80355762,7,67
chr13,80490631,80490816,13,185
chr13,80654706,80655300,16,594
chr13,80704880,80706042,6,1162
chr13,80979250,80980019,5,769
chr13,81102197,81102255,6,58
chr13,81261060,81261129,5,69
chr13,81290860,81291187,14,327
chr13,82257980,82258175,14,195
chr13,82926012,82926115,8,103
chr13,83516902,83517832,8,930
chr13,83675846,83676174,6,328
chr13,83707585,83707692,5,107
chr13,83866300,83866364,6,64
chr13,83872391,83872452,6,61
chr13,83879642,83881211,24,1569
chr13,84085146,84085401,5,255
chr13,84086707,84086789,11,82
chr13,84896063,84896193,5,130
chr13,84937452,84937546,5,94
chr13,85041361,85041458,5,97
chr13,85204805,85205130,12,325
chr13,85869050,85869596,6,546
chr13,86016826,86017231,6,405
chr13,86542327,86542373,5,46
chr13,86890182,86890550,9,368
chr13,86950689,86950775,7,86
chr13,87079037,87080576,6,1539
chr13,87086779,87086921,6,142
chr13,87671229,87673008,69,1779
chr13,87674447,87678099,48,3652
chr13,87810360,87811011,7,651
chr13,87967638,87967806,5,168
chr13,88224317,88224571,6,254
chr13,88291789,88292035,13,246
chr13,88349628,88349848,11,220
chr13,88569194,88569257,5,63
chr13,89162611,89163157,15,546
chr13,89363481,89363833,7,352
chr13,89445418,89445688,5,270
chr13,89620514,89620582,7,68
chr13,89665152,89665494,10,342
chr13,89884041,89884251,11,210
chr13,90213912,90214093,8,181
chr13,90230513,90230727,7,214
chr13,90233592,90233649,5,57
chr13,90348569,90348658,7,89
chr13,91017835,91018036,6,201
chr13,91175073,91175346,20,273
chr13,91347181,91349321,160,2140
chr13,91398441,91399699,45,1258
chr13,91494136,91494185,5,49
chr13,91538683,91538773,5,90
chr13,91717032,91717717,5,685
chr13,91925054,91925086,5,32
chr13,92182729,92182785,5,56
chr13,93083420,93083473,5,53
chr13,93091832,93092656,11,824
chr13,93227074,93228701,46,1627
chr13,93455109,93455139,5,30
chr13,93506790,93507094,13,304
chr13,94312957,94313142,6,185
chr13,94549003,94550489,28,1486
chr13,94596097,94596388,13,291
chr13,94601710,94601884,15,174
chr13,94701609,94703100,39,1491
chr13,94705381,94706908,18,1527
chr13,94710575,94713773,102,3198
chr13,94783891,94783982,5,91
chr13,94967649,94968943,77,1294
chr13,95002930,95003189,14,259
chr13,95301063,95301575,51,512
chr13,95327341,95327609,5,268
chr13,95335468,95335753,7,285
chr13,95360965,95361200,7,235
chr13,95403013,95403147,5,134
chr13,95470797,95470944,7,147
chr13,95472526,95473943,8,1417
chr13,95552438,95552724,27,286
chr13,95553761,95555315,12,1554
chr13,95641356,95642186,28,830
chr13,95644042,95645851,60,1809
chr13,95676576,95677927,58,1351
chr13,95762118,95762176,5,58
chr13,95802994,95803346,6,352
chr13,95931767,95931849,10,82
chr13,96052996,96053518,44,522
chr13,96089916,96091698,126,1782
chr13,96725948,96725992,5,44
chr13,96765121,96765197,5,76
chr13,96931447,96931688,5,241
chr13,96947500,96948662,22,1162
chr13,96984898,96984958,5,60
chr13,96994273,96994557,18,284
chr13,97110000,97110105,14,105
chr13,97225849,97226179,5,330
chr13,97432732,97434320,13,1588
chr13,97546283,97546493,5,210
chr13,97580734,97580941,5,207
chr13,97646085,97646288,6,203
chr13,97660648,97661086,6,438
chr13,97800550,97800798,8,248
chr13,97875218,97875489,7,271
chr13,97959447,97959707,8,260
chr13,97967821,97967926,5,105
chr13,97976327,97977051,44,724
chr13,98003577,98003741,5,164
chr13,98054494,98054811,5,317
chr13,98064259,98064683,6,424
chr13,98142776,98144789,112,2013
chr13,98176345,98178234,13,1889
chr13,98202193,98202762,5,569
chr13,98208961,98209101,5,140
chr13,98214103,98214254,5,151
chr13,98226862,98227260,9,398
chr13,98395009,98396415,23,1406
chr13,98407021,98407512,7,491
chr13,98429230,98429382,5,152
chr13,98431330,98431554,7,224
chr13,98439718,98440441,5,723
chr13,98476604,98476702,5,98
chr13,98494003,98494834,5,831
chr13,98522087,98523083,5,996
chr13,98527567,98528468,6,901
chr13,98530482,98530744,6,262
chr13,98536744,98537495,8,751
chr13,98543006,98543843,7,837
chr13,98555841,98556135,5,294
chr13,98565556,98565933,5,377
chr13,98576078,98577700,90,1622
chr13,98589709,98589955,6,246
chr13,98744472,98744521,5,49
chr13,98752466,98752870,33,404
chr13,98755638,98756945,8,1307
chr13,98773925,98774398,9,473
chr13,98809371,98809434,5,63
chr13,98902369,98902428,5,59
chr13,99021563,99021766,5,203
chr13,99081248,99082143,5,895
chr13,99085194,99087842,160,2648
chr13,99114025,99114074,7,49
chr13,99172994,99173154,6,160
chr13,99175990,99177429,18,1439
chr13,99200133,99202295,61,2162
chr13,99432017,99433040,13,1023
chr13,99445281,99445487,6,206
chr13,99498634,99499046,15,412
chr13,99501267,99501826,40,559
chr13,99565653,99565766,7,113
chr13,99575000,99575145,8,145
chr13,99600408,99601209,10,801
chr13,99606793,99606956,19,163
chr13,99607991,99608164,6,173
chr13,99658471,99658690,14,219
chr13,99707418,99708260,5,842
chr13,99711351,99711499,6,148
chr13,99716312,99716476,5,164
chr13,99894919,99896618,88,1699
chr13,99920760,99921027,5,267
chr13,99942204,99942462,5,258
chr13,99955764,99957762,81,1998
chr13,99958768,99960247,12,1479
chr13,99968144,99972070,156,3926
chr13,99978046,99983651,228,5605
chr13,99984987,99986192,55,1205
chr13,99989187,99991984,67,2797
chr13,99997323,99998070,33,747
chr13,100077484,100077573,5,89
chr13,100088139,100089297,46,1158
chr13,100377089,100377238,5,149
chr13,100404077,100404521,7,444
chr13,100494607,100495037,10,430
chr13,100521415,100521842,10,427
chr13,100529805,100529957,8,152
chr13,100532143,100532323,10,180
chr13,100587749,100588781,16,1032
chr13,100625593,100626083,5,490
chr13,100652894,100653418,6,524
chr13,100665359,100665519,5,160
chr13,100673834,100675587,80,1753
chr13,100955688,100955967,8,279
chr13,101082866,101083066,7,200
chr13,101134916,101135010,6,94
chr13,101318117,101318186,5,69
chr13,101416008,101416966,54,958
chr13,101452720,101452808,5,88
chr13,101453872,101454026,17,154
chr13,101545000,101545097,5,97
chr13,101915995,101918262,98,2267
chr13,102059775,102060450,10,675
chr13,102217627,102217878,6,251
chr13,102394224,102394964,59,740
chr13,102400217,102401806,21,1589
chr13,102596280,102598693,66,2413
chr13,102692123,102692473,5,350
chr13,102772374,102775385,66,3011
chr13,102798607,102800865,135,2258
chr13,102845765,102846261,27,496
chr13,103421052,103421164,5,112
chr13,103862192,103862257,5,65
chr13,104097348,104097764,9,416
chr13,104534917,104535224,6,307
chr13,104648574,104648813,5,239
chr13,104827426,104827821,6,395
chr13,104892562,104893205,6,643
chr13,105410327,105410404,8,77
chr13,105430327,105430377,5,50
chr13,105824102,105824561,5,459
chr13,105844382,105844522,5,140
chr13,105984835,105984967,5,132
chr13,106108151,106108402,5,251
chr13,106349190,106349411,6,221
chr13,106362688,106362903,5,215
chr13,106374813,106376555,11,1742
chr13,106416990,106418582,12,1592
chr13,106491632,106493402,17,1770
chr13,106532977,106536675,206,3698
chr13,106567244,106568398,79,1154
chr13,106866940,106867272,5,332
chr13,106917669,106918318,32,649
chr13,107015945,107016640,6,695
chr13,107117452,107117591,5,139
chr13,107147415,107147450,5,35
chr13,107228620,107228769,7,149
chr13,107467790,107467904,5,114
chr13,107554172,107554327,5,155
chr13,107866000,107868714,114,2714
chr13,107896581,107897029,10,448
chr13,107908866,107910314,8,1448
chr13,108118306,108118519,5,213
chr13,108189575,108189795,7,220
chr13,108206896,108207241,8,345
chr13,108215355,108215580,12,225
chr13,108218206,108218969,50,763
chr13,108476318,108476705,5,387
chr13,108495595,108496906,44,1311
chr13,108629488,108629606,5,118
chr13,108715006,108715224,5,218
chr13,108848609,108849283,6,674
chr13,108885863,108886148,12,285
chr13,109139875,109141228,62,1353
chr13,109152608,109152746,5,138
chr13,109291102,109292405,11,1303
chr13,109331634,109332720,11,1086
chr13,109370976,109371191,7,215
chr13,109512325,109512915,5,590
chr13,109521894,109522091,14,197
chr13,109704976,109706535,7,1559
chr13,109731355,109732937,11,1582
chr13,109745277,109745352,9,75
chr13,109755041,109756076,7,1035
chr13,109772096,109772180,7,84
chr13,109781683,109787530,211,5847
chr13,109835317,109835507,5,190
chr13,109869884,109869999,7,115
chr13,110042868,110043168,5,300
chr13,110045146,110045541,5,395
chr13,110116191,110116279,6,88
chr13,110164091,110165067,8,976
chr13,110179004,110179767,5,763
chr13,110183080,110183392,12,312
chr13,110194858,110195095,5,237
chr13,110205388,110206682,7,1294
chr13,110209814,110210179,6,365
chr13,110250836,110251259,6,423
chr13,110258981,110259043,5,62
chr13,110266144,110266377,11,233
chr13,110286410,110287479,6,1069
chr13,110289827,110290555,5,728
chr13,110298438,110299175,11,737
chr13,110306343,110309247,104,2904
chr13,110313308,110313440,6,132
chr13,110340903,110341118,5,215
chr13,110346684,110346990,10,306
chr13,110409431,110409916,7,485
chr13,110433200,110433298,5,98
chr13,110436285,110436507,5,222
chr13,110449694,110450507,11,813
chr13,110454602,110454969,8,367
chr13,110462312,110462354,5,42
chr13,110473075,110473210,5,135
chr13,110482106,110482622,9,516
chr13,110484392,110486947,14,2555
chr13,110503872,110504209,7,337
chr13,110521435,110522483,7,1048
chr13,110531716,110531841,5,125
chr13,110560759,110562550,62,1791
chr13,110572166,110572681,6,515
chr13,110578489,110578676,5,187
chr13,110598414,110599145,6,731
chr13,110609280,110610026,7,746
chr13,110615469,110616233,27,764
chr13,110625149,110625295,11,146
chr13,110637794,110639410,12,1616
chr13,110640814,110641218,11,404
chr13,110642305,110643378,18,1073
chr13,110645034,110645398,13,364
chr13,110651066,110651295,5,229
chr13,110666095,110666488,7,393
chr13,110668265,110668370,5,105
chr13,110693549,110693957,5,408
chr13,110702633,110702865,6,232
chr13,110705734,110706304,35,570
chr13,110711210,110716115,137,4905
chr13,110812448,110812796,15,348
chr13,110813819,110813995,8,176
chr13,110825522,110825646,5,124
chr13,110830171,110830973,11,802
chr13,110869684,110870076,9,392
chr13,110874549,110874937,27,388
chr13,110914164,110915843,102,1679
chr13,110936587,110937706,15,1119
chr13,110958720,110959546,7,826
chr13,110992306,110992559,13,253
chr13,111006560,111006729,5,169
chr13,111018239,111018381,6,142
chr13,111044741,111044898,5,157
chr13,111066646,111067855,47,1209
chr13,111114790,111116466,130,1676
chr13,111121745,111122361,5,616
chr13,111153404,111154166,44,762
chr13,111184774,111185123,8,349
chr13,111197789,111198215,7,426
chr13,111220776,111220824,5,48
chr13,111275550,111275633,5,83
chr13,111317814,111319023,9,1209
chr13,111323149,111324039,7,890
chr13,111325598,111325720,5,122
chr13,111370174,111370936,6,762
chr13,111402345,111402451,6,106
chr13,111407672,111407764,6,92
chr13,111409591,111412699,30,3108
chr13,111417093,111419858,12,2765
chr13,111474453,111475157,11,704
chr13,111481129,111481206,5,77
chr13,111483415,111483548,5,133
chr13,111485992,111486068,6,76
chr13,111492384,111492796,5,412
chr13,111508278,111509512,18,1234
chr13,111512061,111513061,8,1000
chr13,111514222,111514575,9,353
chr13,111515700,111519525,25,3825
chr13,111547885,111548689,35,804
chr13,111566706,111566860,10,154
chr13,111586374,111586545,13,171
chr13,111597372,111598519,7,1147
chr13,111622422,111622918,10,496
chr13,111644883,111646001,8,1118
chr13,111658373,111659090,7,717
chr13,111844435,111845768,14,1333
chr13,111856757,111857059,6,302
chr13,111858075,111858148,6,73
chr13,111862938,111863065,5,127
chr13,111866672,111866819,5,147
chr13,111876782,111877245,5,463
chr13,111893318,111894396,31,1078
chr13,111899152,111899559,11,407
chr13,111900822,111901867,11,1045
chr13,111908395,111909182,5,787
chr13,111920727,111921366,10,639
chr13,111943409,111943825,11,416
chr13,111947181,111948413,8,1232
chr13,111958061,111958107,5,46
chr13,111964888,111965932,12,1044
chr13,111972336,111972562,14,226
chr13,111975982,111977236,14,1254
chr13,112013912,112014187,9,275
chr13,112026517,112027430,5,913
chr13,112053712,112054058,17,346
chr13,112055166,112058641,74,3475
chr13,112060450,112063467,68,3017
chr13,112065857,112069874,157,4017
chr13,112071054,112074650,110,3596
chr13,112104060,112107492,101,3432
chr13,112117032,112118194,13,1162
chr13,112122499,112122664,6,165
chr13,112131835,112132459,10,624
chr13,112134155,112134330,11,175
chr13,112137258,112137833,5,575
chr13,112143405,112145195,16,1790
chr13,112159770,112160400,11,630
chr13,112169804,112170305,11,501
chr13,112175994,112176785,13,791
chr13,112182480,112184424,17,1944
chr13,112194291,112195011,32,720
chr13,112201078,112201774,10,696
chr13,112204967,112205328,6,361
chr13,112207933,112208172,5,239
chr13,112233480,112234688,8,1208
chr13,112240977,112241174,8,197
chr13,112243523,112243697,6,174
chr13,112247872,112249089,12,1217
chr13,112252265,112252460,11,195
chr13,112254453,112254794,10,341
chr13,112255993,112257047,7,1054
chr13,112330085,112332664,56,2579
chr13,112341735,112343441,54,1706
chr13,112354047,112355170,19,1123
chr13,112442912,112444339,15,1427
chr13,112451082,112453050,27,1968
chr13,112455713,112455888,6,175
chr13,112457278,112457976,5,698
chr13,112501781,112502111,6,330
chr13,112587615,112588369,60,754
chr13,112606326,112606540,14,214
chr13,112616185,112616273,5,88
chr13,112626941,112627316,6,375
chr13,112633393,112634374,5,981
chr13,112640687,112641337,8,650
chr13,112664017,112664312,7,295
chr13,112676632,112677565,7,933
chr13,112680945,112681218,5,273
chr13,112684577,112685455,7,878
chr13,112689322,112691797,61,2475
chr13,112696315,112696424,7,109
chr13,112710960,112711760,5,800
chr13,112718926,112719065,6,139
chr13,112720526,112721709,10,1183
chr13,112724869,112726617,10,1748
chr13,112731963,112732076,5,113
chr13,112740719,112741797,6,1078
chr13,112744183,112744725,8,542
chr13,112747132,112747367,5,235
chr13,112768794,112769251,6,457
chr13,112771476,112771880,8,404
chr13,112778227,112778326,5,99
chr13,112781130,112781335,6,205
chr13,112788332,112790349,21,2017
chr13,112791808,112791958,7,150
chr13,112832904,112832948,5,44
chr13,112835484,112836758,16,1274
chr13,112838521,112838976,9,455
chr13,112841898,112843055,11,1157
chr13,112844603,112845133,11,530
chr13,112846826,112847145,6,319
chr13,112873516,112875599,17,2083
chr13,112876830,112877253,5,423
chr13,112888987,112890313,22,1326
chr13,112891479,112891620,10,141
chr13,112894092,112895847,32,1755
chr13,112897371,112897528,5,157
chr13,112902322,112902450,7,128
chr13,112910767,112912103,18,1336
chr13,112916955,112917379,12,424
chr13,112943344,112944244,50,900
chr13,112961705,112962772,5,1067
chr13,112967724,112969207,51,1483
chr13,112976698,112976796,6,98
chr13,112979428,112979689,5,261
chr13,112985379,112987147,16,1768
chr13,112988201,112988702,9,501
chr13,112993224,112993273,6,49
chr13,112994331,112995913,33,1582
chr13,112997657,112999041,16,1384
chr13,113000707,113002064,33,1357
chr13,113016876,113017429,9,553
chr13,113020340,113020523,8,183
chr13,113024595,113024762,6,167
chr13,113029614,113029702,8,88
chr13,113034753,113034995,9,242
chr13,113042606,113042635,5,29
chr13,113045334,113045444,6,110
chr13,113048631,113048737,6,106
chr13,113050475,113052545,26,2070
chr13,113060135,113061238,8,1103
chr13,113065586,113065840,9,254
chr13,113070202,113070722,5,520
chr13,113074928,113075196,15,268
chr13,113076976,113078648,18,1672
chr13,113088866,113089715,10,849
chr13,113091088,113094115,17,3027
chr13,113096071,113097250,50,1179
chr13,113106846,113111083,109,4237
chr13,113119992,113121079,8,1087
chr13,113130137,113130230,10,93
chr13,113139148,113139312,5,164
chr13,113141820,113142050,11,230
chr13,113148921,113149029,10,108
chr13,113153018,113153616,25,598
chr13,113161577,113161621,6,44
chr13,113172180,113172750,8,570
chr13,113175755,113176157,15,402
chr13,113201438,113201704,9,266
chr13,113208384,113210223,115,1839
chr13,113235827,113235927,6,100
chr13,113251558,113252138,14,580
chr13,113260060,113260160,7,100
chr13,113297000,113299012,61,2012
chr13,113315315,113317177,11,1862
chr13,113325791,113325866,5,75
chr13,113329508,113331816,10,2308
chr13,113347897,113348043,6,146
chr13,113351533,113351732,8,199
chr13,113354978,113355453,21,475
chr13,113363098,113365311,90,2213
chr13,113370174,113370349,7,175
chr13,113371978,113372504,8,526
chr13,113393802,113394036,19,234
chr13,113396871,113403579,63,6708
chr13,113410221,113410411,12,190
chr13,113413705,113414768,16,1063
chr13,113420469,113421458,12,989
chr13,113425837,113426935,9,1098
chr13,113436283,113437293,8,1010
chr13,113444562,113446423,5,1861
chr13,113447870,113449481,11,1611
chr13,113489679,113492132,72,2453
chr13,113530122,113531159,7,1037
chr13,113535438,113535630,5,192
chr13,113538808,113539016,8,208
chr13,113545815,113546629,11,814
chr13,113549516,113549681,7,165
chr13,113553460,113555288,9,1828
chr13,113583191,113585825,45,2634
chr13,113591100,113591255,5,155
chr13,113596375,113597491,8,1116
chr13,113609044,113609115,7,71
chr13,113627170,113629012,5,1842
chr13,113653696,113658721,60,5025
chr13,113663885,113664032,6,147
chr13,113666874,113668423,19,1549
chr13,113725012,113725117,5,105
chr13,113726481,113726794,5,313
chr13,113728850,113729514,6,664
chr13,113731935,113733266,16,1331
chr13,113735922,113736561,9,639
chr13,113747267,113747717,13,450
chr13,113752849,113754824,18,1975
chr13,113757986,113760205,81,2219
chr13,113764345,113764560,6,215
chr13,113777515,113779490,14,1975
chr13,113782551,113782611,5,60
chr13,113794902,113795266,11,364
chr13,113803079,113804419,21,1340
chr13,113805756,113805874,8,118
chr13,113811379,113813988,26,2609
chr13,113816942,113817820,5,878
chr13,113818874,113818934,5,60
chr13,113820816,113821709,34,893
chr13,113825345,113828619,31,3274
chr13,113832177,113832568,10,391
chr13,113833569,113835985,21,2416
chr13,113838740,113840836,10,2096
chr13,113844510,113844722,7,212
chr13,113847726,113848164,7,438
chr13,113854062,113855630,14,1568
chr13,113857797,113857890,6,93
chr13,113861036,113863994,68,2958
chr13,113879247,113879882,7,635
chr13,113882849,113883024,15,175
chr13,113884345,113884395,7,50
chr13,113918140,113919256,5,1116
chr13,113928125,113928366,6,241
chr13,113930812,113931172,7,360
chr13,113935245,113936475,13,1230
chr13,113937600,113937701,6,101
chr13,113939076,113940018,11,942
chr13,113946941,113947731,7,790
chr13,113951285,113951436,12,151
chr13,113953452,113956252,29,2800
chr13,113970293,113971879,22,1586
chr13,113974752,113975120,8,368
chr13,113978025,113978100,8,75
chr13,113981434,113982624,17,1190
chr13,114002085,114002832,9,747
chr13,114009622,114009731,8,109
chr13,114015554,114016077,13,523
chr13,114017898,114019549,35,1651
chr13,114020571,114020876,12,305
chr13,114024926,114027278,21,2352
chr13,114034452,114034833,5,381
chr13,114037072,114038367,23,1295
chr13,114042547,114044567,14,2020
chr13,114047844,114052396,46,4552
chr13,114060568,114060703,6,135
chr13,114063862,114066664,24,2802
chr13,114069296,114072025,23,2729
chr13,114077456,114077692,12,236
chr13,114100724,114101754,12,1030
chr13,114102774,114102878,6,104
chr13,114105530,114106100,9,570
chr13,114109834,114110906,24,1072
chr13,114124010,114124437,6,427
chr13,114130681,114134546,110,3865
chr13,114161291,114161926,11,635
chr13,114211542,114211815,15,273
chr13,114226975,114227120,5,145
chr13,114233809,114235301,31,1492
chr13,114280994,114282614,56,1620
chr13,114284335,114284804,8,469
chr13,114299764,114300049,5,285
chr13,114314231,114314846,42,615
chr13,114332496,114332581,8,85
chr13,114352682,114353559,13,877
chr14,18333917,18334040,8,123
chr14,18582962,18583077,9,115
chr14,19097256,19098973,63,1717
chr14,19372978,19373694,7,716
chr14,19669167,19669756,7,589
chr14,20099233,20099315,8,82
chr14,20216361,20216432,5,71
chr14,20236233,20236268,6,35
chr14,20239550,20239610,5,60
chr14,20316742,20317379,6,637
chr14,20332844,20332962,5,118
chr14,20343031,20343660,15,629
chr14,20353322,20353696,6,374
chr14,20412911,20413573,14,662
chr14,20429939,20430050,6,111
chr14,20454678,20454764,7,86
chr14,20457017,20457104,5,87
chr14,20461190,20461529,33,339
chr14,20468506,20469533,28,1027
chr14,20589315,20589551,7,236
chr14,20601539,20601879,5,340
chr14,20609358,20610039,25,681
chr14,20622903,20624058,12,1155
chr14,20625266,20626833,30,1567
chr14,20632268,20633054,15,786
chr14,20652979,20653663,19,684
chr14,20660118,20660878,7,760
chr14,20665915,20666011,6,96
chr14,20681053,20684820,49,3767
chr14,20723211,20723552,28,341
chr14,20725800,20726111,8,311
chr14,20801692,20801974,7,282
chr14,20827991,20828101,6,110
chr14,20836169,20836287,5,118
chr14,20857686,20857779,5,93
chr14,20934350,20934459,6,109
chr14,20971389,20971524,5,135
chr14,20989996,20990238,7,242
chr14,21017623,21018380,16,757
chr14,21024274,21026069,53,1795
chr14,21068703,21071836,100,3133
chr14,21074403,21074765,10,362
chr14,21091036,21092547,39,1511
chr14,21097605,21098568,24,963
chr14,21103382,21104607,26,1225
chr14,21187996,21188209,7,213
chr14,21192022,21192098,7,76
chr14,21230953,21231227,5,274
chr14,21253030,21254055,6,1025
chr14,21269322,21269807,14,485
chr14,21271790,21272980,17,1190
chr14,21281890,21282770,10,880
chr14,21286150,21286258,6,108
chr14,21301012,21301047,8,35
chr14,21335552,21335657,8,105
chr14,21360751,21361205,7,454
chr14,21367101,21367198,5,97
chr14,21383717,21384027,22,310
chr14,21386663,21386763,5,100
chr14,21390702,21390798,7,96
chr14,21437085,21438704,18,1619
chr14,21455889,21456469,17,580
chr14,21476621,21477639,23,1018
chr14,21510901,21511798,28,897
chr14,21523454,21523596,5,142
chr14,21526074,21526527,14,453
chr14,21567984,21568343,10,359
chr14,21636781,21637130,5,349
chr14,21745797,21745931,5,134
chr14,22070471,22070668,6,197
chr14,22471700,22471768,5,68
chr14,22474963,22475721,6,758
chr14,22496232,22496382,5,150
chr14,22527384,22527900,7,516
chr14,22557052,22558504,10,1452
chr14,22581968,22582876,10,908
chr14,22588553,22590453,32,1900
chr14,22598093,22598754,27,661
chr14,22647877,22647909,5,32
chr14,22713284,22713344,7,60
chr14,22765848,22767361,12,1513
chr14,22785004,22786210,8,1206
chr14,22806958,22807150,6,192
chr14,22813725,22813883,5,158
chr14,22821410,22821686,5,276
chr14,22822716,22823001,17,285
chr14,22829895,22830211,14,316
chr14,22836626,22838062,51,1436
chr14,22864327,22865261,5,934
chr14,22869487,22873567,84,4080
chr14,22886071,22887042,36,971
chr14,22918727,22919687,16,960
chr14,22929178,22929385,17,207
chr14,22937094,22937708,6,614
chr14,22956786,22958386,22,1600
chr14,22980741,22982904,99,2163
chr14,22991329,22991663,5,334
chr14,23006858,23006901,5,43
chr14,23009878,23010541,30,663
chr14,23034579,23035862,15,1283
chr14,23047743,23048253,18,510
chr14,23054664,23055334,9,670
chr14,23056466,23057938,58,1472
chr14,23059798,23060672,8,874
chr14,23071330,23071526,5,196
chr14,23094799,23096669,53,1870
chr14,23117766,23119082,16,1316
chr14,23161851,23162216,6,365
chr14,23182514,23184318,18,1804
chr14,23226555,23226938,9,383
chr14,23232400,23232674,7,274
chr14,23237152,23237222,6,70
chr14,23261012,23261079,5,67
chr14,23285800,23286702,24,902
chr14,23300941,23302870,116,1929
chr14,23306727,23307933,19,1206
chr14,23320907,23321933,30,1026
chr14,23324195,23324273,8,78
chr14,23346748,23347150,6,402
chr14,23352020,23352808,10,788
chr14,23364815,23366583,57,1768
chr14,23375614,23375725,6,111
chr14,23377149,23377557,6,408
chr14,23407006,23407648,10,642
chr14,23431767,23432713,5,946
chr14,23469200,23469865,15,665
chr14,23550896,23551972,39,1076
chr14,23556210,23556470,13,260
chr14,23567169,23567529,23,360
chr14,23570169,23570928,6,759
chr14,23575835,23579346,114,3511
chr14,23638883,23639317,7,434
chr14,23656949,23657204,7,255
chr14,23695352,23696463,9,1111
chr14,23953583,23955096,28,1513
chr14,23990129,23990331,8,202
chr14,24034790,24034858,5,68
chr14,24036586,24037089,9,503
chr14,24051781,24053740,68,1959
chr14,24064965,24065031,6,66
chr14,24071000,24071611,9,611
chr14,24073315,24073690,5,375
chr14,24081510,24082003,39,493
chr14,24093603,24094858,17,1255
chr14,24114031,24115604,29,1573
chr14,24132379,24132556,8,177
chr14,24135693,24136619,40,926
chr14,24140941,24141337,12,396
chr14,24147114,24147878,48,764
chr14,24171577,24172735,24,1158
chr14,24175166,24176152,5,986
chr14,24179836,24180076,6,240
chr14,24188454,24192216,61,3762
chr14,24195334,24196081,37,747
chr14,24212862,24213710,17,848
chr14,24232323,24232825,18,502
chr14,24241876,24242769,28,893
chr14,24271121,24271814,39,693
chr14,24299657,24300082,29,425
chr14,24310927,24311684,65,757
chr14,24316057,24316282,11,225
chr14,24331846,24335189,75,3343
chr14,24338452,24339956,32,1504
chr14,24366373,24368946,73,2573
chr14,24370065,24370566,6,501
chr14,24391989,24392021,5,32
chr14,24398525,24399383,27,858
chr14,24408178,24408318,5,140
chr14,24411140,24411827,6,687
chr14,24427922,24432228,52,4306
chr14,24442537,24442992,12,455
chr14,24472250,24473231,10,981
chr14,24573801,24574598,14,797
chr14,24627350,24627382,5,32
chr14,25036141,25036712,10,571
chr14,25048906,25050363,69,1457
chr14,25430784,25431023,6,239
chr14,25672325,25673120,5,795
chr14,26204651,26205354,21,703
chr14,26596847,26598424,67,1577
chr14,26854705,26854782,5,77
chr14,26970858,26971187,5,329
chr14,27350866,27351284,9,418
chr14,27845328,27845681,28,353
chr14,28264453,28264570,18,117
chr14,28755532,28755706,5,174
chr14,28756962,28757114,7,152
chr14,28759268,28760666,14,1398
chr14,28762064,28762084,6,20
chr14,28765465,28768368,108,2903
chr14,28773804,28774979,29,1175
chr14,28785235,28785847,38,612
chr14,28829531,28829806,5,275
chr14,29180429,29180489,5,60
chr14,29187180,29187264,6,84
chr14,29499033,29499138,5,105
chr14,29523990,29524066,6,76
chr14,29926525,29928213,103,1688
chr14,30337069,30337119,5,50
chr14,30355841,30356251,5,410
chr14,30386967,30387047,5,80
chr14,30547800,30547878,8,78
chr14,30558928,30559857,46,929
chr14,30620819,30622314,18,1495
chr14,30874247,30875851,53,1604
chr14,31025465,31027428,56,1963
chr14,31067446,31068163,5,717
chr14,31137012,31137223,5,211
chr14,31206953,31208698,49,1745
chr14,31216780,31216875,5,95
chr14,31235018,31235050,5,32
chr14,31320453,31321342,5,889
chr14,31334668,31334862,5,194
chr14,31406815,31406998,7,183
chr14,31417509,31417622,7,113
chr14,31420029,31420808,44,779
chr14,31457182,31457553,24,371
chr14,31527409,31527482,9,73
chr14,31561361,31562696,14,1335
chr14,31700530,31700899,13,369
chr14,31710848,31711876,8,1028
chr14,32020773,32020887,5,114
chr14,32076242,32077820,89,1578
chr14,32201393,32201791,26,398
chr14,32203499,32203587,10,88
chr14,32214609,32214963,7,354
chr14,32509877,32509930,5,53
chr14,32583800,32583991,6,191
chr14,32932915,32935358,49,2443
chr14,32937938,32939979,117,2041
chr14,33792880,33792952,8,72
chr14,33799805,33800939,29,1134
chr14,33833628,33833982,6,354
chr14,33949418,33951477,67,2059
chr14,34059941,34060677,33,736
chr14,34076356,34076795,5,439
chr14,34333112,34333445,7,333
chr14,34339396,34339643,6,247
chr14,34357271,34357535,7,264
chr14,34459384,34459754,5,370
chr14,34461712,34462597,35,885
chr14,34494196,34494480,7,284
chr14,34511525,34511827,5,302
chr14,34531932,34532228,8,296
chr14,34534942,34535222,6,280
chr14,34539392,34540152,15,760
chr14,34547783,34548208,12,425
chr14,34553486,34553899,18,413
chr14,34565577,34565782,8,205
chr14,34629535,34630125,42,590
chr14,34657259,34657329,5,70
chr14,34714325,34714915,45,590
chr14,34763553,34764385,7,832
chr14,34783789,34784603,11,814
chr14,34873649,34875227,85,1578
chr14,34950781,34950983,5,202
chr14,34982614,34983298,26,684
chr14,35026867,35027122,6,255
chr14,35046202,35046652,33,450
chr14,35120274,35123897,29,3623
chr14,35199092,35199259,7,167
chr14,35291644,35292677,18,1033
chr14,35331377,35331447,7,70
chr14,35369093,35370034,27,941
chr14,35373594,35374609,6,1015
chr14,35395159,35395249,7,90
chr14,35398828,35399865,6,1037
chr14,35403682,35405271,67,1589
chr14,35434507,35434556,5,49
chr14,35533273,35535717,129,2444
chr14,35667142,35667290,5,148
chr14,35826236,35827147,18,911
chr14,36014316,36014565,6,249
chr14,36320207,36320348,11,141
chr14,36504021,36504249,18,228
chr14,36505724,36506680,17,956
chr14,36508285,36509668,38,1383
chr14,36513492,36515368,33,1876
chr14,36517268,36523060,171,5792
chr14,36524300,36524499,16,199
chr14,36525522,36525756,13,234
chr14,36579894,36584224,109,4330
chr14,36646845,36648258,84,1413
chr14,36654820,36655852,21,1032
chr14,36657110,36659585,58,2475
chr14,36661337,36664528,40,3191
chr14,36666859,36667399,23,540
chr14,36676385,36676482,7,97
chr14,36704281,36705340,16,1059
chr14,37170874,37171014,7,140
chr14,37172059,37172696,42,637
chr14,37197489,37198110,30,621
chr14,37583451,37585193,71,1742
chr14,37587884,37588613,29,729
chr14,37591359,37592783,27,1424
chr14,37594595,37600489,156,5894
chr14,37602182,37602589,7,407
chr14,37611058,37611264,12,206
chr14,37622245,37622384,21,139
chr14,37870959,37871083,5,124
chr14,38208622,38211587,53,2965
chr14,38255141,38256509,74,1368
chr14,38648765,38648921,5,156
chr14,38784064,38784192,5,128
chr14,38835260,38835457,6,197
chr14,38971299,38972013,7,714
chr14,38981184,38981554,5,370
chr14,39077266,39077466,5,200
chr14,39102856,39104362,19,1506
chr14,39115581,39115842,6,261
chr14,39170375,39171134,9,759
chr14,39174568,39175358,18,790
chr14,39266653,39267655,51,1002
chr14,39288517,39288755,5,238
chr14,39431473,39432511,55,1038
chr14,39814881,39815244,5,363
chr14,40001070,40001273,10,203
chr14,40216984,40217194,10,210
chr14,40629829,40629954,7,125
chr14,40910802,40910851,5,49
chr14,41154352,41154563,19,211
chr14,41597769,41597885,7,116
chr14,41605376,41608345,38,2969
chr14,41775280,41775382,5,102
chr14,42048475,42048833,9,358
chr14,42113740,42113877,22,137
chr14,42473509,42473586,7,77
chr14,42698500,42698709,5,209
chr14,43288317,43288371,5,54
chr14,43533048,43533135,9,87
chr14,43920776,43920835,5,59
chr14,43972080,43972339,5,259
chr14,44156396,44156455,5,59
chr14,44268527,44268592,6,65
chr14,44396887,44397101,6,214
chr14,44632231,44632459,11,228
chr14,44798617,44798781,9,164
chr14,44799982,44800066,5,84
chr14,44897449,44897744,35,295
chr14,44912092,44912268,16,176
chr14,44961517,44962911,24,1394
chr14,45021208,45021701,6,493
chr14,45135638,45136329,10,691
chr14,45145983,45146053,5,70
chr14,45253080,45253526,27,446
chr14,45326202,45326495,5,293
chr14,45527916,45527987,7,71
chr14,45891593,45891859,5,266
chr14,46820454,46820533,10,79
chr14,47351072,47351174,5,102
chr14,47626525,47626899,16,374
chr14,47645344,47645394,5,50
chr14,47673467,47676267,88,2800
chr14,48044814,48044874,6,60
chr14,48805415,48805669,5,254
chr14,49313946,49314051,5,105
chr14,49334578,49334789,5,211
chr14,49406610,49406720,5,110
chr14,49585091,49586128,13,1037
chr14,49590344,49592765,13,2421
chr14,49597720,49600259,70,2539
chr14,49602684,49603902,6,1218
chr14,49613263,49613325,5,62
chr14,49620334,49621763,51,1429
chr14,49633578,49636197,68,2619
chr14,49656215,49656280,6,65
chr14,49683326,49684381,6,1055
chr14,49687589,49689229,40,1640
chr14,49693337,49693841,26,504
chr14,49742597,49742701,8,104
chr14,49758059,49758236,6,177
chr14,49761135,49761364,5,229
chr14,49767563,49768906,69,1343
chr14,49852418,49852795,12,377
chr14,49860845,49861124,6,279
chr14,49862207,49863140,37,933
chr14,49891929,49894163,73,2234
chr14,49903123,49903824,6,701
chr14,49912881,49914062,7,1181
chr14,50003446,50004269,25,823
chr14,50009274,50010029,5,755
chr14,50056618,50056900,12,282
chr14,50070745,50070899,8,154
chr14,50115739,50116662,48,923
chr14,50207830,50208477,10,647
chr14,50230837,50232157,67,1320
chr14,50311829,50312919,35,1090
chr14,50362021,50362236,8,215
chr14,50396164,50397078,53,914
chr14,50404963,50405174,8,211
chr14,50531815,50532950,86,1135
chr14,50560225,50560777,12,552
chr14,50667172,50668249,36,1077
chr14,50817808,50817995,6,187
chr14,50829281,50831721,65,2440
chr14,50859648,50860605,8,957
chr14,50872015,50872219,37,204
chr14,50882096,50882231,5,135
chr14,50895507,50895694,7,187
chr14,50943783,50944909,43,1126
chr14,51054611,51054659,5,48
chr14,51093327,51095703,63,2376
chr14,51166150,51166182,5,32
chr14,51369404,51369431,5,27
chr14,51508130,51508295,8,165
chr14,51649919,51652813,75,2894
chr14,51715386,51715478,5,92
chr14,51748037,51750151,13,2114
chr14,51752420,51752673,12,253
chr14,51928190,51928347,6,157
chr14,51934033,51934705,5,672
chr14,51966635,51967543,5,908
chr14,51989356,51989811,33,455
chr14,52038754,52039672,5,918
chr14,52068080,52069763,28,1683
chr14,52128169,52128577,6,408
chr14,52155823,52156163,12,340
chr14,52267939,52268850,34,911
chr14,52314011,52315420,42,1409
chr14,52551333,52553920,52,2587
chr14,52664852,52665130,5,278
chr14,52695080,52696058,101,978
chr14,52705958,52707623,27,1665
chr14,52730381,52730654,21,273
chr14,52731969,52732432,9,463
chr14,52791695,52791810,14,115
chr14,52842773,52843104,7,331
chr14,52850178,52850823,6,645
chr14,52872346,52873386,6,1040
chr14,52901087,52901174,5,87
chr14,52950151,52951796,72,1645
chr14,53152030,53153347,73,1317
chr14,53166811,53166886,5,75
chr14,53217609,53217697,5,88
chr14,53937126,53937189,6,63
chr14,53946709,53947490,27,781
chr14,53951897,53956879,122,4982
chr14,53963875,53964113,9,238
chr14,54219422,54220309,31,887
chr14,54287156,54287665,6,509
chr14,54344042,54344867,7,825
chr14,54389964,54390100,5,136
chr14,54393447,54394526,15,1079
chr14,54396422,54397760,22,1338
chr14,54440942,54441694,36,752
chr14,54443071,54443150,7,79
chr14,54487391,54487525,5,134
chr14,54488903,54489242,16,339
chr14,54509597,54510410,30,813
chr14,54521385,54521597,5,212
chr14,54565139,54568497,153,3358
chr14,54624078,54624268,5,190
chr14,54653202,54654142,7,940
chr14,54766725,54767367,11,642
chr14,54773341,54773634,10,293
chr14,54809249,54809862,8,613
chr14,54843953,54844066,6,113
chr14,54883228,54883366,6,138
chr14,54886536,54886568,5,32
chr14,54896851,54897095,5,244
chr14,54901531,54903513,56,1982
chr14,55026911,55027734,48,823
chr14,55050997,55051801,17,804
chr14,55129151,55130159,39,1008
chr14,55177529,55177630,10,101
chr14,55191152,55191379,10,227
chr14,55240829,55241155,27,326
chr14,55271231,55272199,26,968
chr14,55369810,55369867,6,57
chr14,55411487,55411949,32,462
chr14,55427939,55428290,8,351
chr14,55579267,55581214,82,1947
chr14,55629092,55629274,5,182
chr14,55685041,55685201,6,160
chr14,55840426,55840568,6,142
chr14,55865198,55866640,10,1442
chr14,56117750,56119352,90,1602
chr14,56195370,56195907,6,537
chr14,56534804,56534869,5,65
chr14,56579755,56579983,26,228
chr14,56794335,56795495,64,1160
chr14,56797587,56799249,51,1662
chr14,56804255,56805522,18,1267
chr14,56807715,56812574,116,4859
chr14,56814112,56814639,7,527
chr14,56816612,56817542,41,930
chr14,56828111,56828420,5,309
chr14,56871205,56871237,5,32
chr14,56938234,56938322,8,88
chr14,56992040,56992482,7,442
chr14,57066679,57067073,9,394
chr14,57145580,57145640,6,60
chr14,57268302,57269352,43,1050
chr14,57334016,57334064,5,48
chr14,57345455,57345684,9,229
chr14,57390311,57391415,69,1104
chr14,57865180,57866519,64,1339
chr14,58072440,58072537,6,97
chr14,58107487,58107636,5,149
chr14,58132609,58132678,7,69
chr14,58151405,58152389,35,984
chr14,58239967,58241321,7,1354
chr14,58244774,58245291,28,517
chr14,58248390,58248725,8,335
chr14,58262247,58262655,5,408
chr14,58286565,58286656,5,91
chr14,58290754,58291532,9,778
chr14,58297900,58299592,57,1692
chr14,58396181,58396458,18,277
chr14,58426865,58427013,13,148
chr14,58520683,58521412,8,729
chr14,58633269,58633395,8,126
chr14,58637623,58638430,70,807
chr14,58646334,58646439,9,105
chr14,58831489,58831665,5,176
chr14,58833936,58834937,7,1001
chr14,59042099,59042160,8,61
chr14,59188113,59189119,29,1006
chr14,59432871,59432946,7,75
chr14,59463815,59465555,72,1740
chr14,59483545,59484735,60,1190
chr14,59576525,59577242,18,717
chr14,59581769,59581801,5,32
chr14,59583097,59583368,9,271
chr14,59630175,59630688,14,513
chr14,59819631,59819757,14,126
chr14,59869667,59871003,50,1336
chr14,59919595,59920314,34,719
chr14,60090910,60092334,35,1424
chr14,60098831,60099005,5,174
chr14,60248786,60250141,78,1355
chr14,60327620,60328375,24,755
chr14,60485259,60486037,39,778
chr14,60505960,60507388,18,1428
chr14,60508712,60511176,64,2464
chr14,60514500,60515859,39,1359
chr14,60625723,60625812,5,89
chr14,60637441,60638061,22,620
chr14,60642563,60644060,13,1497
chr14,60647467,60649917,61,2450
chr14,60651667,60653167,33,1500
chr14,60656030,60657823,77,1793
chr14,60721458,60724319,104,2861
chr14,60802764,60803025,6,261
chr14,61098215,61098298,6,83
chr14,61111397,61111606,7,209
chr14,61147845,61148459,7,614
chr14,61188441,61189201,20,760
chr14,61217317,61218055,7,738
chr14,61269875,61269973,6,98
chr14,61280087,61281636,128,1549
chr14,61321120,61322645,79,1525
chr14,61544895,61545376,5,481
chr14,61568637,61568786,16,149
chr14,61671850,61672397,6,547
chr14,61688457,61688580,6,123
chr14,61695638,61696245,50,607
chr14,61751059,61751199,16,140
chr14,61762341,61763286,22,945
chr14,61811536,61813289,54,1753
chr14,62116859,62117667,32,808
chr14,62473448,62473493,5,45
chr14,62709157,62709378,7,221
chr14,62781422,62781535,6,113
chr14,62802431,62802526,7,95
chr14,63045181,63046136,51,955
chr14,63064214,63064737,6,523
chr14,63542903,63543902,64,999
chr14,63595088,63595230,12,142
chr14,63640815,63642496,26,1681
chr14,63657466,63658201,9,735
chr14,63720480,63720632,7,152
chr14,63727311,63728330,82,1019
chr14,63729438,63729654,5,216
chr14,63748668,63749321,13,653
chr14,63852751,63854506,88,1755
chr14,64038597,64038649,5,52
chr14,64225335,64225987,8,652
chr14,64260692,64261510,8,818
chr14,64288441,64288842,5,401
chr14,64294050,64294227,19,177
chr14,64338172,64338898,17,726
chr14,64348180,64348658,6,478
chr14,64386638,64388720,22,2082
chr14,64465162,64465966,49,804
chr14,64503144,64505452,105,2308
chr14,64539784,64541140,39,1356
chr14,64542244,64542724,25,480
chr14,64549929,64550190,21,261
chr14,64601893,64602201,11,308
chr14,64657611,64658278,17,667
chr14,64699632,64699848,7,216
chr14,64702935,64705893,89,2958
chr14,64741043,64743606,18,2563
chr14,64768674,64769456,6,782
chr14,64770912,64770977,5,65
chr14,64782335,64782469,5,134
chr14,64818287,64818365,7,78
chr14,64820780,64821067,6,287
chr14,64823010,64823671,17,661
chr14,64879117,64880454,71,1337
chr14,64914457,64914532,7,75
chr14,64971474,64972673,98,1199
chr14,64987187,64987216,5,29
chr14,65020729,65022033,11,1304
chr14,65043798,65043906,5,108
chr14,65101747,65104036,64,2289
chr14,65111037,65111143,6,106
chr14,65129168,65130167,6,999
chr14,65153353,65153773,9,420
chr14,65170896,65171041,5,145
chr14,65172605,65173043,7,438
chr14,65222465,65224133,7,1668
chr14,65225612,65226783,5,1171
chr14,65229762,65230386,9,624
chr14,65282529,65282724,5,195
chr14,65287658,65287856,9,198
chr14,65411769,65413416,101,1647
chr14,65441677,65443266,9,1589
chr14,65924648,65925185,6,537
chr14,65996932,65997136,6,204
chr14,66013907,66013955,5,48
chr14,66507781,66509429,111,1648
chr14,66596755,66597416,5,661
chr14,67239716,67241652,57,1936
chr14,67359022,67360668,45,1646
chr14,67395416,67396233,9,817
chr14,67409574,67412398,24,2824
chr14,67425029,67426736,7,1707
chr14,67473473,67473637,8,164
chr14,67514270,67515773,75,1503
chr14,67521898,67522087,6,189
chr14,67532623,67533605,38,982
chr14,67541893,67541952,5,59
chr14,67571887,67572274,14,387
chr14,67573751,67574579,6,828
chr14,67590196,67590653,7,457
chr14,67600246,67600381,17,135
chr14,67615280,67615554,6,274
chr14,67619561,67620219,44,658
chr14,67654751,67654873,6,122
chr14,67674291,67675197,53,906
chr14,67695710,67695803,9,93
chr14,67816541,67817639,32,1098
chr14,67819388,67820563,14,1175
chr14,68077812,68077870,5,58
chr14,68162507,68162612,6,105
chr14,68226327,68226463,5,136
chr14,68547146,68547735,8,589
chr14,68607665,68607844,6,179
chr14,68628309,68628598,22,289
chr14,68691207,68691714,15,507
chr14,68754647,68754735,6,88
chr14,68788973,68789973,15,1000
chr14,68791561,68797616,98,6055
chr14,68807206,68808233,5,1027
chr14,68816291,68817285,47,994
chr14,68820934,68821607,8,673
chr14,68855802,68856078,10,276
chr14,68858716,68858918,5,202
chr14,68879077,68880029,12,952
chr14,68928490,68929739,11,1249
chr14,68947827,68948634,8,807
chr14,68977888,68980493,115,2605
chr14,69151908,69153800,72,1892
chr14,69191506,69191727,16,221
chr14,69220363,69220783,5,420
chr14,69259383,69261607,91,2224
chr14,69271164,69272219,5,1055
chr14,69336482,69336885,5,403
chr14,69397104,69398739,37,1635
chr14,69484241,69485535,64,1294
chr14,69545911,69548756,22,2845
chr14,69571704,69574625,92,2921
chr14,69611499,69612146,58,647
chr14,69726779,69727103,28,324
chr14,69766924,69768440,38,1516
chr14,69771243,69771282,6,39
chr14,69846001,69846424,5,423
chr14,69850358,69850429,6,71
chr14,69858577,69859325,9,748
chr14,69878383,69879379,19,996
chr14,70027657,70027947,7,290
chr14,70187002,70188994,78,1992
chr14,70234174,70234917,30,743
chr14,70254689,70254876,6,187
chr14,70289329,70289403,6,74
chr14,70345073,70345465,6,392
chr14,70359997,70360199,10,202
chr14,70417041,70417378,11,337
chr14,70600698,70600748,5,50
chr14,70640809,70642857,110,2048
chr14,70742117,70742428,6,311
chr14,70776113,70777126,7,1013
chr14,70808802,70810290,56,1488
chr14,70821387,70822139,26,752
chr14,70840368,70842129,6,1761
chr14,70907248,70908684,69,1436
chr14,71165895,71166049,6,154
chr14,71167559,71168640,11,1081
chr14,71254361,71254399,7,38
chr14,71320413,71321456,81,1043
chr14,71345758,71345993,5,235
chr14,71367451,71367969,10,518
chr14,71373235,71373571,6,336
chr14,71674785,71674863,10,78
chr14,71753223,71755163,17,1940
chr14,71932517,71932812,29,295
chr14,72295215,72295433,5,218
chr14,72562989,72563134,6,145
chr14,72613747,72613930,8,183
chr14,72674043,72674527,7,484
chr14,72679850,72680115,6,265
chr14,72835160,72835446,5,286
chr14,72849446,72849526,5,80
chr14,72891946,72893789,31,1843
chr14,72925325,72927165,28,1840
chr14,72929033,72930361,20,1328
chr14,72959362,72959996,7,634
chr14,72970893,72970958,5,65
chr14,73001488,73001823,5,335
chr14,73026623,73027261,36,638
chr14,73034530,73035287,10,757
chr14,73051184,73051668,8,484
chr14,73062923,73063242,5,319
chr14,73103129,73103423,10,294
chr14,73135558,73138379,72,2821
chr14,73184666,73184715,6,49
chr14,73237379,73238385,75,1006
chr14,73239596,73240032,31,436
chr14,73245009,73246341,17,1332
chr14,73250145,73252774,12,2629
chr14,73265002,73265575,7,573
chr14,73270161,73270203,7,42
chr14,73389023,73389469,7,446
chr14,73443775,73444000,5,225
chr14,73447111,73447172,5,61
chr14,73457641,73458906,44,1265
chr14,73490475,73491874,52,1399
chr14,73568431,73570819,42,2388
chr14,73590708,73592098,48,1390
chr14,73612654,73613063,18,409
chr14,73628677,73628911,7,234
chr14,73632800,73634516,41,1716
chr14,73644024,73645191,30,1167
chr14,73649305,73649375,8,70
chr14,73712726,73714446,27,1720
chr14,73719447,73719566,6,119
chr14,73726847,73727019,5,172
chr14,73758073,73760336,69,2263
chr14,73779107,73779965,6,858
chr14,73785738,73787542,60,1804
chr14,73812751,73813766,7,1015
chr14,73818289,73818424,6,135
chr14,73851710,73853425,42,1715
chr14,73886821,73887210,23,389
chr14,73944610,73945708,6,1098
chr14,73949946,73950956,42,1010
chr14,73989757,73990628,6,871
chr14,74017808,74019401,16,1593
chr14,74068603,74069677,6,1074
chr14,74084166,74085152,6,986
chr14,74163943,74164074,5,131
chr14,74216579,74217835,18,1256
chr14,74221139,74221765,7,626
chr14,74239202,74242767,146,3565
chr14,74244846,74245547,5,701
chr14,74256822,74258644,69,1822
chr14,74260813,74260929,7,116
chr14,74301013,74301568,6,555
chr14,74302695,74304617,51,1922
chr14,74332314,74333754,9,1440
chr14,74357702,74358265,16,563
chr14,74378504,74379171,14,667
chr14,74425976,74426302,44,326
chr14,74493032,74494340,59,1308
chr14,74508361,74509386,7,1025
chr14,74567352,74568433,8,1081
chr14,74572136,74573961,10,1825
chr14,74610987,74613043,90,2056
chr14,74763410,74763815,32,405
chr14,74769231,74770054,8,823
chr14,74881803,74882325,50,522
chr14,74910652,74910964,6,312
chr14,74921277,74921354,7,77
chr14,74922777,74923360,31,583
chr14,74945799,74946850,9,1051
chr14,74948514,74949847,11,1333
chr14,74954636,74955947,42,1311
chr14,74981172,74981688,9,516
chr14,75002768,75003611,25,843
chr14,75050936,75051546,19,610
chr14,75062025,75062199,6,174
chr14,75063748,75064153,16,405
chr14,75068017,75069885,34,1868
chr14,75102496,75102647,6,151
chr14,75126549,75127705,40,1156
chr14,75154853,75155119,5,266
chr14,75164226,75164392,5,166
chr14,75176277,75177056,14,779
chr14,75190548,75192524,15,1976
chr14,75254363,75254914,6,551
chr14,75259215,75259255,5,40
chr14,75277043,75277474,30,431
chr14,75278704,75279947,47,1243
chr14,75293747,75295094,37,1347
chr14,75303185,75304159,12,974
chr14,75333551,75334373,8,822
chr14,75427243,75428520,72,1277
chr14,75434693,75435077,7,384
chr14,75453476,75453576,6,100
chr14,75461459,75461541,8,82
chr14,75478481,75478666,5,185
chr14,75561130,75561700,7,570
chr14,75577847,75579005,34,1158
chr14,75605677,75606113,6,436
chr14,75610102,75610638,5,536
chr14,75660710,75662527,44,1817
chr14,75978531,75979645,11,1114
chr14,75981473,75982816,53,1343
chr14,75985880,75986307,21,427
chr14,76082546,76083270,5,724
chr14,76098888,76099227,12,339
chr14,76131189,76131611,13,422
chr14,76134286,76134380,7,94
chr14,76138112,76139321,19,1209
chr14,76151961,76152578,17,617
chr14,76248146,76248223,5,77
chr14,76267937,76268515,9,578
chr14,76292590,76292869,8,279
chr14,76305358,76306317,5,959
chr14,76329684,76329761,7,77
chr14,76352764,76353880,26,1116
chr14,76376260,76377454,78,1194
chr14,76490796,76491715,8,919
chr14,76706877,76707041,13,164
chr14,76760547,76762271,60,1724
chr14,76774973,76775081,5,108
chr14,76789755,76790138,6,383
chr14,76812175,76812786,21,611
chr14,76828349,76828563,5,214
chr14,76864186,76864722,5,536
chr14,76874591,76875292,7,701
chr14,76883170,76883338,6,168
chr14,76884730,76885336,6,606
chr14,76919069,76921090,19,2021
chr14,76947331,76947450,9,119
chr14,76949540,76950759,8,1219
chr14,76956091,76956936,31,845
chr14,76961717,76962039,12,322
chr14,76993174,76993206,5,32
chr14,77000757,77001164,13,407
chr14,77011955,77012258,5,303
chr14,77025533,77029293,142,3760
chr14,77032637,77033480,19,843
chr14,77040064,77040935,16,871
chr14,77057270,77058110,6,840
chr14,77065520,77065627,5,107
chr14,77097847,77098969,55,1122
chr14,77125080,77125460,32,380
chr14,77133816,77133874,5,58
chr14,77139196,77141682,96,2486
chr14,77159751,77159851,6,100
chr14,77181597,77182275,19,678
chr14,77193758,77193856,5,98
chr14,77199119,77199883,9,764
chr14,77213471,77213571,6,100
chr14,77254198,77254313,5,115
chr14,77269929,77271318,67,1389
chr14,77320590,77321967,74,1377
chr14,77376624,77377432,44,808
chr14,77458112,77458188,9,76
chr14,77493729,77493864,8,135
chr14,77498289,77499695,78,1406
chr14,77596195,77596317,7,122
chr14,77615847,77616903,43,1056
chr14,77641041,77642479,31,1438
chr14,77707960,77708399,23,439
chr14,77747678,77747719,5,41
chr14,77760636,77761018,16,382
chr14,77798640,77800504,29,1864
chr14,77802575,77802688,5,113
chr14,77965910,77966453,28,543
chr14,77980965,77981348,23,383
chr14,78053943,78054288,6,345
chr14,78080440,78080576,6,136
chr14,78242792,78243667,6,875
chr14,78403009,78403739,6,730
chr14,78444775,78444873,6,98
chr14,78645331,78645416,5,85
chr14,79278644,79280331,26,1687
chr14,79793290,79793339,5,49
chr14,79897679,79897816,6,137
chr14,80190679,80190784,6,105
chr14,80286890,80286939,5,49
chr14,80955583,80955688,8,105
chr14,80973330,80973380,7,50
chr14,80985174,80985206,5,32
chr14,81170565,81171076,10,511
chr14,81219401,81221401,55,2000
chr14,81236126,81236430,12,304
chr14,81270821,81271022,8,201
chr14,81435384,81436647,45,1263
chr14,81533656,81534078,5,422
chr14,81623830,81623932,8,102
chr14,81679449,81679585,10,136
chr14,81829625,81829674,7,49
chr14,82402374,82402498,7,124
chr14,82622458,82622607,7,149
chr14,82888965,82889043,6,78
chr14,83614368,83614500,8,132
chr14,83627465,83627570,7,105
chr14,84017768,84017911,6,143
chr14,84399434,84399745,20,311
chr14,84787947,84788069,5,122
chr14,84993287,84993380,6,93
chr14,85348303,85348418,7,115
chr14,85503956,85504203,7,247
chr14,85526685,85526873,5,188
chr14,85529858,85530574,14,716
chr14,85531583,85534101,97,2518
chr14,85821515,85821609,6,94
chr14,86224614,86224707,5,93
chr14,86394889,86395200,8,311
chr14,86904548,86904824,9,276
chr14,87691166,87691455,5,289
chr14,87733916,87733981,5,65
chr14,87992676,87993398,31,722
chr14,88263317,88263510,10,193
chr14,88322700,88324198,73,1498
chr14,88326642,88326974,16,332
chr14,88385600,88385902,17,302
chr14,88461657,88461753,7,96
chr14,88478905,88479796,12,891
chr14,88550341,88551950,37,1609
chr14,88554640,88555078,42,438
chr14,88562862,88563593,51,731
chr14,88791879,88793267,77,1388
chr14,88823465,88824956,17,1491
chr14,89026901,89027958,20,1057
chr14,89040470,89041700,16,1230
chr14,89112791,89112908,6,117
chr14,89131944,89131976,5,32
chr14,89162733,89162949,10,216
chr14,89304272,89305154,8,882
chr14,89367350,89367507,8,157
chr14,89416113,89417924,149,1811
chr14,89460189,89460523,5,334
chr14,89481335,89481394,5,59
chr14,89487304,89487989,8,685
chr14,89510691,89510867,6,176
chr14,89584915,89585005,5,90
chr14,89607933,89608064,5,131
chr14,89618376,89619512,35,1136
chr14,89625115,89625648,9,533
chr14,89701379,89701854,31,475
chr14,89738342,89738379,5,37
chr14,89827454,89827726,5,272
chr14,89896244,89896306,6,62
chr14,89954498,89954568,5,70
chr14,89955819,89956668,37,849
chr14,90060829,90062724,92,1895
chr14,90098577,90098934,9,357
chr14,90184892,90186019,5,1127
chr14,90196132,90196438,8,306
chr14,90235233,90235883,19,650
chr14,90256678,90257783,26,1105
chr14,90277154,90277679,8,525
chr14,90309107,90309307,5,200
chr14,90347759,90347804,6,45
chr14,90382578,90384118,30,1540
chr14,90396941,90398336,70,1395
chr14,90427271,90428150,5,879
chr14,90433561,90434959,8,1398
chr14,90454297,90454455,6,158
chr14,90500876,90501299,12,423
chr14,90508998,90509968,8,970
chr14,90518152,90518648,9,496
chr14,90523294,90523377,5,83
chr14,90541537,90541681,5,144
chr14,90553223,90554394,6,1171
chr14,90573481,90573551,7,70
chr14,90601486,90601900,7,414
chr14,90758255,90759155,7,900
chr14,90802683,90802778,6,95
chr14,90805348,90806156,8,808
chr14,90815850,90816479,37,629
chr14,90824051,90824097,5,46
chr14,90827560,90828335,19,775
chr14,90983947,90984080,5,133
chr14,91059065,91060157,12,1092
chr14,91106165,91106226,5,61
chr14,91127548,91127648,5,100
chr14,91224731,91224869,5,138
chr14,91233564,91234960,29,1396
chr14,91253288,91254092,42,804
chr14,91262430,91262554,5,124
chr14,91264018,91265081,32,1063
chr14,91272813,91274335,19,1522
chr14,91275882,91275914,5,32
chr14,91298298,91298402,7,104
chr14,91308976,91309160,5,184
chr14,91324135,91324919,12,784
chr14,91355048,91355243,5,195
chr14,91372758,91373841,9,1083
chr14,91378979,91380016,9,1037
chr14,91396563,91396634,5,71
chr14,91400407,91400515,5,108
chr14,91414885,91415443,8,558
chr14,91416924,91418746,88,1822
chr14,91509207,91512046,92,2839
chr14,91574480,91574525,5,45
chr14,91577921,91578272,20,351
chr14,91835904,91836423,19,519
chr14,91881677,91882965,5,1288
chr14,91931654,91932769,5,1115
chr14,91947289,91947788,28,499
chr14,91952007,91952726,9,719
chr14,91993400,91993550,5,150
chr14,92039655,92041291,23,1636
chr14,92054729,92055533,12,804
chr14,92069350,92069466,5,116
chr14,92097000,92097320,8,320
chr14,92105846,92107157,25,1311
chr14,92120715,92123403,52,2688
chr14,92139341,92140022,6,681
chr14,92185455,92186181,10,726
chr14,92254995,92255994,7,999
chr14,92322258,92324241,80,1983
chr14,92339071,92339165,5,94
chr14,92354006,92354311,5,305
chr14,92359297,92359553,6,256
chr14,92362832,92363933,7,1101
chr14,92385931,92386882,6,951
chr14,92449705,92449844,5,139
chr14,92493188,92493614,8,426
chr14,92513947,92515662,45,1715
chr14,92600703,92600839,6,136
chr14,92650162,92650281,5,119
chr14,92665479,92665913,5,434
chr14,92685094,92685176,8,82
chr14,92686905,92688261,50,1356
chr14,92783317,92783385,5,68
chr14,92793870,92794445,25,575
chr14,92852734,92852996,10,262
chr14,92869630,92869662,5,32
chr14,92923283,92923441,11,158
chr14,92932513,92932756,10,243
chr14,92939681,92941728,18,2047
chr14,92946391,92947065,16,674
chr14,92948852,92948961,10,109
chr14,92951970,92952115,8,145
chr14,92958612,92958948,9,336
chr14,92960038,92962008,6,1970
chr14,92998418,92999220,6,802
chr14,93017612,93018444,9,832
chr14,93036202,93037614,9,1412
chr14,93049729,93050188,6,459
chr14,93098381,93099108,14,727
chr14,93112392,93112733,6,341
chr14,93114704,93116448,63,1744
chr14,93118799,93118917,5,118
chr14,93136135,93136882,6,747
chr14,93184017,93185157,46,1140
chr14,93206800,93208034,51,1234
chr14,93223584,93224012,11,428
chr14,93229492,93229599,5,107
chr14,93331602,93333488,73,1886
chr14,93347620,93347809,12,189
chr14,93430451,93431243,27,792
chr14,93558481,93558668,6,187
chr14,93582364,93582557,5,193
chr14,93617225,93617957,5,732
chr14,93622020,93622533,12,513
chr14,93717653,93718393,5,740
chr14,93756478,93756813,5,335
chr14,93787613,93789083,101,1470
chr14,93818789,93818904,5,115
chr14,93825068,93825219,8,151
chr14,93859006,93859236,13,230
chr14,93893675,93893762,6,87
chr14,93906777,93906881,5,104
chr14,93926558,93927470,14,912
chr14,93938645,93939722,18,1077
chr14,93941526,93941883,7,357
chr14,93953335,93953523,8,188
chr14,93956843,93957872,7,1029
chr14,94001190,94001872,6,682
chr14,94026501,94026809,28,308
chr14,94037318,94037461,5,143
chr14,94066605,94066697,5,92
chr14,94080676,94081486,60,810
chr14,94129211,94129686,5,475
chr14,94173644,94175584,81,1940
chr14,94370326,94370398,5,72
chr14,94462107,94462232,10,125
chr14,94485063,94485232,6,169
chr14,94561768,94562174,7,406
chr14,94681853,94682396,5,543
chr14,94689428,94689702,13,274
chr14,94691063,94691391,9,328
chr14,94712203,94713245,8,1042
chr14,94767216,94770037,92,2821
chr14,94771237,94771736,17,499
chr14,94772962,94774071,21,1109
chr14,94787989,94788311,6,322
chr14,94863975,94864981,10,1006
chr14,94887743,94888660,5,917
chr14,94908001,94908120,10,119
chr14,94915138,94916204,6,1066
chr14,94936837,94937075,11,238
chr14,94944519,94945658,8,1139
chr14,95010757,95011915,9,1158
chr14,95045005,95045196,6,191
chr14,95058664,95060349,9,1685
chr14,95156744,95158222,61,1478
chr14,95193995,95194362,10,367
chr14,95209407,95209540,6,133
chr14,95234308,95234590,6,282
chr14,95319611,95320541,36,930
chr14,95331097,95331322,6,225
chr14,95359443,95361771,41,2328
chr14,95371033,95372030,13,997
chr14,95439731,95440089,11,358
chr14,95455543,95455616,5,73
chr14,95472629,95473043,6,414
chr14,95482358,95482892,5,534
chr14,95502556,95502688,5,132
chr14,95505110,95505214,10,104
chr14,95516332,95517800,54,1468
chr14,95534104,95535466,99,1362
chr14,95588633,95588881,7,248
chr14,95597911,95598039,6,128
chr14,95620481,95620999,11,518
chr14,95665982,95667022,5,1040
chr14,95686134,95686452,10,318
chr14,95687648,95687808,6,160
chr14,95710352,95710400,6,48
chr14,95714022,95714633,47,611
chr14,95832350,95833369,5,1019
chr14,95875979,95877506,109,1527
chr14,95895761,95896204,6,443
chr14,95982838,95983033,6,195
chr14,96038975,96040290,68,1315
chr14,96047845,96047915,5,70
chr14,96054309,96055216,6,907
chr14,96089189,96090964,6,1775
chr14,96092229,96092282,6,53
chr14,96100662,96101006,7,344
chr14,96198717,96198817,5,100
chr14,96199951,96200059,5,108
chr14,96201716,96202232,11,516
chr14,96204583,96205104,14,521
chr14,96240833,96240914,6,81
chr14,96283942,96284185,5,243
chr14,96362291,96364275,84,1984
chr14,96390643,96392320,66,1677
chr14,96423769,96424265,30,496
chr14,96490347,96490465,5,118
chr14,96498491,96498600,6,109
chr14,96500960,96502836,44,1876
chr14,96505918,96505996,7,78
chr14,96584412,96584672,5,260
chr14,96592409,96593214,52,805
chr14,96615410,96616342,5,932
chr14,96623714,96625452,19,1738
chr14,96627083,96627664,7,581
chr14,96638284,96638465,5,181
chr14,96659501,96659608,5,107
chr14,96663091,96663199,6,108
chr14,96698757,96698921,7,164
chr14,96712071,96712304,5,233
chr14,96741339,96742379,17,1040
chr14,96797249,96797979,41,730
chr14,96931987,96932808,5,821
chr14,97033291,97034056,38,765
chr14,97206912,97207756,8,844
chr14,97217012,97219501,51,2489
chr14,97298471,97298556,6,85
chr14,97457994,97458167,7,173
chr14,97546311,97546480,5,169
chr14,97849308,97849344,6,36
chr14,97868166,97868288,7,122
chr14,97977994,97978100,7,106
chr14,98185208,98185387,5,179
chr14,98289461,98289588,5,127
chr14,98593045,98593135,6,90
chr14,98958136,98958277,6,141
chr14,99016000,99016075,7,75
chr14,99036129,99036305,6,176
chr14,99039924,99040336,10,412
chr14,99066246,99066556,11,310
chr14,99118044,99118984,13,940
chr14,99123807,99123889,5,82
chr14,99157537,99157693,5,156
chr14,99173800,99176419,87,2619
chr14,99179398,99180073,7,675
chr14,99183925,99185627,8,1702
chr14,99188094,99189304,15,1210
chr14,99192479,99192524,6,45
chr14,99214642,99215460,7,818
chr14,99230686,99231769,15,1083
chr14,99244464,99246888,63,2424
chr14,99253233,99253579,10,346
chr14,99257930,99258684,5,754
chr14,99268758,99274965,183,6207
chr14,99322320,99322802,7,482
chr14,99327620,99327990,6,370
chr14,99332027,99332146,5,119
chr14,99356407,99356835,7,428
chr14,99388743,99389481,13,738
chr14,99393242,99394656,13,1414
chr14,99396724,99396772,5,48
chr14,99466395,99466662,7,267
chr14,99479650,99481978,116,2328
chr14,99518296,99518945,7,649
chr14,99521241,99522398,19,1157
chr14,99540072,99540404,6,332
chr14,99544880,99545197,9,317
chr14,99552131,99553489,5,1358
chr14,99565036,99566496,6,1460
chr14,99572543,99573136,5,593
chr14,99576687,99577474,6,787
chr14,99581551,99581600,5,49
chr14,99588375,99588595,5,220
chr14,99593034,99593718,9,684
chr14,99602930,99605406,128,2476
chr14,99619150,99620168,5,1018
chr14,99634350,99635228,6,878
chr14,99644976,99645931,60,955
chr14,99659211,99660348,26,1137
chr14,99663836,99665084,14,1248
chr14,99667686,99668100,7,414
chr14,99675236,99676148,15,912
chr14,99681877,99685535,63,3658
chr14,99688436,99688809,5,373
chr14,99727819,99728021,7,202
chr14,99729340,99731357,34,2017
chr14,99737280,99737812,9,532
chr14,99748126,99750265,13,2139
chr14,99792855,99793866,87,1011
chr14,99806253,99806409,5,156
chr14,99877524,99877922,6,398
chr14,99892087,99892177,5,90
chr14,99936366,99936639,9,273
chr14,99946496,99947377,11,881
chr14,99967212,99967593,6,381
chr14,99970776,99972730,42,1954
chr14,100106998,100108206,7,1208
chr14,100130831,100130957,5,126
chr14,100137211,100137269,5,58
chr14,100142373,100144896,28,2523
chr14,100155713,100156043,8,330
chr14,100157692,100160162,80,2470
chr14,100163812,100164006,5,194
chr14,100165580,100167035,28,1455
chr14,100170373,100170498,5,125
chr14,100192793,100193447,28,654
chr14,100201188,100202686,10,1498
chr14,100208257,100208520,16,263
chr14,100213691,100215009,53,1318
chr14,100238375,100240472,165,2097
chr14,100272983,100273125,7,142
chr14,100278756,100278868,6,112
chr14,100284761,100285890,18,1129
chr14,100292651,100293478,23,827
chr14,100302234,100302428,5,194
chr14,100303791,100307277,139,3486
chr14,100318032,100319367,31,1335
chr14,100325236,100325539,7,303
chr14,100327247,100327296,5,49
chr14,100329371,100330201,12,830
chr14,100331562,100331647,6,85
chr14,100334932,100335009,5,77
chr14,100376186,100376744,15,558
chr14,100393487,100394206,6,719
chr14,100525852,100525966,7,114
chr14,100535021,100537301,13,2280
chr14,100538549,100539597,5,1048
chr14,100545306,100547721,26,2415
chr14,100549144,100549555,9,411
chr14,100562719,100565120,9,2401
chr14,100566331,100569899,100,3568
chr14,100571425,100573357,15,1932
chr14,100575740,100576615,10,875
chr14,100586459,100588260,59,1801
chr14,100591630,100592649,6,1019
chr14,100603380,100603659,6,279
chr14,100604835,100605060,6,225
chr14,100622102,100623269,6,1167
chr14,100629311,100630053,7,742
chr14,100640358,100640851,6,493
chr14,100654852,100655422,15,570
chr14,100657262,100657667,8,405
chr14,100659860,100660267,9,407
chr14,100667753,100667825,6,72
chr14,100670685,100670829,7,144
chr14,100675274,100676384,9,1110
chr14,100680476,100682016,11,1540
chr14,100688761,100690033,15,1272
chr14,100692996,100693219,7,223
chr14,100695517,100696361,18,844
chr14,100698102,100699052,11,950
chr14,100704888,100706775,17,1887
chr14,100708781,100712482,42,3701
chr14,100713609,100713986,8,377
chr14,100723111,100724186,7,1075
chr14,100726523,100728975,60,2452
chr14,100733016,100734367,11,1351
chr14,100738295,100739537,6,1242
chr14,100769626,100769771,5,145
chr14,100775955,100776102,7,147
chr14,100777538,100778276,6,738
chr14,100787826,100788757,6,931
chr14,100791074,100791418,5,344
chr14,100803782,100803844,5,62
chr14,100824147,100824380,18,233
chr14,100825483,100826677,25,1194
chr14,100833290,100833352,5,62
chr14,100834357,100836250,19,1893
chr14,100845597,100845661,7,64
chr14,100851751,100852024,11,273
chr14,100874487,100874673,8,186
chr14,100881698,100883757,26,2059
chr14,100903015,100904910,24,1895
chr14,101005658,101005828,6,170
chr14,101028580,101030130,10,1550
chr14,101046260,101046321,5,61
chr14,101062147,101064306,18,2159
chr14,101065833,101065997,7,164
chr14,101072023,101073480,7,1457
chr14,101076426,101077821,24,1395
chr14,101109098,101109412,5,314
chr14,101112085,101113642,15,1557
chr14,101119400,101120362,5,962
chr14,101151418,101152496,23,1078
chr14,101176660,101177423,6,763
chr14,101183428,101183799,10,371
chr14,101185108,101185291,6,183
chr14,101227988,101228148,5,160
chr14,101235972,101236643,9,671
chr14,101249923,101251035,8,1112
chr14,101365054,101365285,12,231
chr14,101369723,101370408,10,685
chr14,101400934,101402044,6,1110
chr14,101403440,101403593,7,153
chr14,101435972,101437544,8,1572
chr14,101456506,101459464,169,2958
chr14,101469965,101470047,6,82
chr14,101474080,101475496,7,1416
chr14,101478239,101478479,8,240
chr14,101487889,101489391,12,1502
chr14,101512287,101512477,7,190
chr14,101518634,101519067,8,433
chr14,101521363,101522756,9,1393
chr14,101525324,101525625,6,301
chr14,101535504,101535986,12,482
chr14,101539105,101539692,7,587
chr14,101549263,101549327,5,64
chr14,101551834,101552209,7,375
chr14,101559807,101562207,127,2400
chr14,101563878,101565179,43,1301
chr14,101581482,101581635,6,153
chr14,101584019,101585204,32,1185
chr14,101601219,101602301,11,1082
chr14,101627637,101628956,12,1319
chr14,101635196,101635563,15,367
chr14,101689306,101689421,7,115
chr14,101705680,101708363,47,2683
chr14,101722365,101722730,9,365
chr14,101727147,101727318,6,171
chr14,101759918,101762413,89,2495
chr14,101780564,101781878,31,1314
chr14,101845206,101846196,7,990
chr14,101871388,101871522,5,134
chr14,101885431,101885680,5,249
chr14,101892694,101893917,10,1223
chr14,101900418,101900513,7,95
chr14,101934276,101935095,9,819
chr14,101947335,101948475,16,1140
chr14,101952261,101952407,6,146
chr14,101955845,101957566,35,1721
chr14,101964049,101965540,60,1491
chr14,101983838,101984060,6,222
chr14,102003458,102003964,7,506
chr14,102035204,102035422,5,218
chr14,102037021,102037280,5,259
chr14,102038502,102038725,8,223
chr14,102051009,102052226,8,1217
chr14,102060310,102060694,9,384
chr14,102062763,102063777,13,1014
chr14,102065661,102065839,6,178
chr14,102076619,102076822,5,203
chr14,102086108,102088726,123,2618
chr14,102097878,102098254,6,376
chr14,102110580,102110740,5,160
chr14,102135872,102137418,17,1546
chr14,102139565,102140620,47,1055
chr14,102215180,102215374,8,194
chr14,102219092,102219670,10,578
chr14,102222884,102223085,13,201
chr14,102227064,102228604,7,1540
chr14,102231685,102231807,5,122
chr14,102234014,102235994,25,1980
chr14,102276206,102276361,7,155
chr14,102294370,102294499,5,129
chr14,102304780,102306574,39,1794
chr14,102310453,102311641,11,1188
chr14,102314404,102315055,21,651
chr14,102317095,102317223,7,128
chr14,102319499,102320090,35,591
chr14,102324710,102325560,7,850
chr14,102362754,102363581,51,827
chr14,102438084,102438269,5,185
chr14,102451032,102451604,8,572
chr14,102489683,102490987,5,1304
chr14,102497703,102498588,6,885
chr14,102501873,102502195,10,322
chr14,102506176,102508028,26,1852
chr14,102509272,102510253,83,981
chr14,102516015,102517595,63,1580
chr14,102524643,102524940,12,297
chr14,102526124,102526837,7,713
chr14,102538883,102541977,29,3094
chr14,102544317,102546003,76,1686
chr14,102555070,102556138,66,1068
chr14,102591528,102593324,66,1796
chr14,102597726,102598478,7,752
chr14,102607806,102608030,5,224
chr14,102694417,102694566,5,149
chr14,102708026,102708058,5,32
chr14,102731040,102731675,5,635
chr14,102744928,102746724,5,1796
chr14,102756077,102756705,9,628
chr14,102763417,102764848,9,1431
chr14,102777080,102778245,139,1165
chr14,102801097,102801225,7,128
chr14,102863949,102864191,5,242
chr14,102900103,102900216,9,113
chr14,102905840,102905914,8,74
chr14,102910515,102911018,12,503
chr14,102913679,102915375,21,1696
chr14,102921887,102924072,74,2185
chr14,102928007,102931044,140,3037
chr14,102934390,102934528,8,138
chr14,102939933,102940845,9,912
chr14,102957057,102957565,8,508
chr14,102977063,102977211,10,148
chr14,102980933,102981044,5,111
chr14,102999342,102999630,6,288
chr14,103002578,103004140,9,1562
chr14,103016466,103016967,5,501
chr14,103034742,103035796,8,1054
chr14,103056012,103058938,72,2926
chr14,103075179,103075954,48,775
chr14,103083880,103084543,44,663
chr14,103087462,103087543,5,81
chr14,103091077,103091917,31,840
chr14,103094598,103095429,9,831
chr14,103097298,103097610,7,312
chr14,103100310,103100510,6,200
chr14,103103279,103104541,32,1262
chr14,103107652,103107706,10,54
chr14,103117136,103118324,9,1188
chr14,103121997,103124124,96,2127
chr14,103131925,103132867,12,942
chr14,103135300,103135636,9,336
chr14,103137035,103140299,49,3264
chr14,103188979,103189898,40,919
chr14,103207134,103208518,60,1384
chr14,103220336,103222117,27,1781
chr14,103229740,103231515,14,1775
chr14,103260616,103260728,6,112
chr14,103272395,103274629,55,2234
chr14,103278738,103279871,68,1133
chr14,103281054,103281269,5,215
chr14,103294023,103294532,6,509
chr14,103301681,103301741,5,60
chr14,103311448,103311531,5,83
chr14,103327578,103327765,5,187
chr14,103333793,103335100,100,1307
chr14,103346029,103346104,6,75
chr14,103368911,103369183,5,272
chr14,103384816,103386495,57,1679
chr14,103392873,103393026,7,153
chr14,103424117,103424225,6,108
chr14,103484079,103484270,6,191
chr14,103502981,103503166,8,185
chr14,103517751,103517927,7,176
chr14,103520221,103523384,137,3163
chr14,103528823,103530431,31,1608
chr14,103533961,103534773,18,812
chr14,103538226,103538988,8,762
chr14,103540084,103540449,10,365
chr14,103541855,103542107,9,252
chr14,103552336,103553250,8,914
chr14,103554821,103555758,8,937
chr14,103558459,103558828,5,369
chr14,103561782,103564672,65,2890
chr14,103592700,103594127,8,1427
chr14,103601105,103601459,5,354
chr14,103603689,103604309,5,620
chr14,103607133,103607365,8,232
chr14,103621391,103621615,5,224
chr14,103628222,103630045,77,1823
chr14,103662889,103663693,8,804
chr14,103666509,103666819,8,310
chr14,103668597,103668938,6,341
chr14,103682294,103682868,5,574
chr14,103687014,103687186,6,172
chr14,103691978,103692349,6,371
chr14,103693700,103694208,11,508
chr14,103698014,103698940,5,926
chr14,103709997,103710597,9,600
chr14,103712312,103713428,17,1116
chr14,103714587,103716303,74,1716
chr14,103724232,103725514,8,1282
chr14,103728992,103729822,6,830
chr14,103731533,103731694,10,161
chr14,103787929,103787969,5,40
chr14,103810695,103810962,9,267
chr14,103847161,103848626,107,1465
chr14,103857776,103857883,5,107
chr14,103867655,103867777,5,122
chr14,103869278,103869712,10,434
chr14,103871763,103873442,26,1679
chr14,103878335,103880285,26,1950
chr14,103881847,103882026,11,179
chr14,103885896,103887031,6,1135
chr14,103894104,103894317,8,213
chr14,103897594,103897782,6,188
chr14,103919305,103919919,9,614
chr14,103921568,103922495,12,927
chr14,103928093,103928607,39,514
chr14,103952044,103952333,5,289
chr14,104085547,104085982,22,435
chr14,104090439,104091574,12,1135
chr14,104094546,104096402,16,1856
chr14,104099833,104101455,9,1622
chr14,104103244,104103393,6,149
chr14,104104494,104105577,7,1083
chr14,104106766,104109039,30,2273
chr14,104110959,104114762,31,3803
chr14,104116700,104118232,98,1532
chr14,104134230,104140226,194,5996
chr14,104141691,104142886,7,1195
chr14,104144014,104144284,6,270
chr14,104146986,104147070,5,84
chr14,104149541,104150717,6,1176
chr14,104154839,104158425,16,3586
chr14,104160331,104160713,5,382
chr14,104163663,104164428,27,765
chr14,104169429,104174030,61,4601
chr14,104175119,104175819,8,700
chr14,104176918,104177515,23,597
chr14,104178534,104180335,21,1801
chr14,104181886,104183589,16,1703
chr14,104191896,104192526,5,630
chr14,104194236,104194394,8,158
chr14,104195413,104196734,21,1321
chr14,104202456,104202751,14,295
chr14,104208167,104209599,15,1432
chr14,104210710,104212155,7,1445
chr14,104213493,104213544,5,51
chr14,104219728,104220290,11,562
chr14,104221464,104222025,8,561
chr14,104223546,104224582,10,1036
chr14,104226113,104226851,13,738
chr14,104238956,104239297,8,341
chr14,104267935,104268209,8,274
chr14,104275381,104275813,11,432
chr14,104283112,104283299,9,187
chr14,104284922,104285026,5,104
chr14,104292731,104294063,12,1332
chr14,104300181,104301171,6,990
chr14,104302869,104304453,10,1584
chr14,104314585,104315453,5,868
chr14,104333047,104333149,5,102
chr14,104334181,104334765,27,584
chr14,104341732,104343477,17,1745
chr14,104346182,104346236,5,54
chr14,104359341,104360241,9,900
chr14,104361252,104362554,12,1302
chr14,104364083,104365971,6,1888
chr14,104367805,104368098,19,293
chr14,104370249,104370462,6,213
chr14,104374003,104374430,7,427
chr14,104382526,104384150,23,1624
chr14,104386697,104386755,5,58
chr14,104388171,104389296,18,1125
chr14,104391622,104393408,20,1786
chr14,104421130,104421641,10,511
chr14,104422724,104424392,18,1668
chr14,104431854,104432798,6,944
chr14,104436139,104436559,10,420
chr14,104442432,104443363,7,931
chr14,104445019,104446927,6,1908
chr14,104451058,104451259,6,201
chr14,104460676,104462315,37,1639
chr14,104470720,104470820,7,100
chr14,104472702,104474065,19,1363
chr14,104475579,104478382,18,2803
chr14,104505199,104505465,7,266
chr14,104511094,104511433,10,339
chr14,104545549,104547808,40,2259
chr14,104552508,104553714,8,1206
chr14,104563542,104564489,22,947
chr14,104566691,104568031,20,1340
chr14,104570109,104571635,13,1526
chr14,104575213,104575872,6,659
chr14,104577121,104578259,9,1138
chr14,104579601,104579873,9,272
chr14,104581417,104581972,9,555
chr14,104587310,104589734,13,2424
chr14,104591138,104591868,11,730
chr14,104598066,104598667,8,601
chr14,104603822,104604936,49,1114
chr14,104606200,104606331,5,131
chr14,104635356,104636698,23,1342
chr14,104650181,104650252,9,71
chr14,104651699,104653126,6,1427
chr14,104657239,104660974,29,3735
chr14,104663922,104664061,5,139
chr14,104677785,104679673,32,1888
chr14,104681498,104682155,8,657
chr14,104687083,104690123,77,3040
chr14,104695024,104696734,13,1710
chr14,104698024,104701057,25,3033
chr14,104705705,104705811,7,106
chr14,104706923,104707212,7,289
chr14,104708402,104710257,18,1855
chr14,104711687,104715649,60,3962
chr14,104723373,104725429,51,2056
chr14,104730186,104730268,5,82
chr14,104733626,104733825,5,199
chr14,104736463,104736543,7,80
chr14,104739078,104740732,22,1654
chr14,104751556,104752243,36,687
chr14,104753373,104753820,14,447
chr14,104758301,104758460,5,159
chr14,104766883,104768606,6,1723
chr14,104772408,104773833,16,1425
chr14,104776149,104776442,10,293
chr14,104782292,104785830,22,3538
chr14,104787544,104787582,6,38
chr14,104788898,104788948,6,50
chr14,104794952,104796493,71,1541
chr14,104798612,104802363,141,3751
chr14,104815188,104817241,66,2053
chr14,104825646,104827330,49,1684
chr14,104833154,104833578,6,424
chr14,104843437,104844414,48,977
chr14,104863893,104866076,138,2183
chr14,104872712,104873248,12,536
chr14,104878314,104878777,11,463
chr14,104880376,104881475,8,1099
chr14,104886119,104887513,17,1394
chr14,104893297,104894477,13,1180
chr14,104895789,104897516,11,1727
chr14,104926807,104926895,7,88
chr14,104931993,104934001,92,2008
chr14,104968096,104968217,5,121
chr14,104970205,104970530,6,325
chr14,104973083,104974685,18,1602
chr14,104977617,104978828,59,1211
chr14,104980112,104980370,7,258
chr14,104984848,104986403,68,1555
chr14,105004939,105005248,5,309
chr14,105007300,105008080,6,780
chr14,105012399,105013084,5,685
chr14,105020498,105021756,69,1258
chr14,105038835,105038992,8,157
chr14,105042061,105042386,11,325
chr14,105044891,105045905,25,1014
chr14,105051475,105051662,12,187
chr14,105056093,105056143,5,50
chr14,105060683,105061928,29,1245
chr14,105068904,105069865,9,961
chr14,105076397,105077690,13,1293
chr14,105086932,105088653,47,1721
chr14,105093112,105094265,85,1153
chr14,105096695,105097231,7,536
chr14,105136868,105137763,11,895
chr14,105142308,105145082,35,2774
chr14,105146489,105146622,5,133
chr14,105147985,105148559,12,574
chr14,105153133,105153612,13,479
chr14,105154614,105155935,14,1321
chr14,105165338,105166163,11,825
chr14,105167289,105169315,129,2026
chr14,105171151,105171473,8,322
chr14,105173405,105174630,14,1225
chr14,105176236,105177477,5,1241
chr14,105178854,105178943,8,89
chr14,105180714,105181133,28,419
chr14,105182628,105182840,7,212
chr14,105193107,105195068,15,1961
chr14,105196577,105197215,40,638
chr14,105199145,105199331,13,186
chr14,105200816,105203181,42,2365
chr14,105205105,105205619,5,514
chr14,105207917,105207988,6,71
chr14,105219279,105219342,6,63
chr14,105228073,105229512,11,1439
chr14,105248045,105249877,68,1832
chr14,105278785,105278900,6,115
chr14,105280679,105281431,6,752
chr14,105284186,105284258,5,72
chr14,105287866,105288960,9,1094
chr14,105291929,105292653,5,724
chr14,105294211,105294422,7,211
chr14,105300654,105301347,59,693
chr14,105314094,105315848,122,1754
chr14,105317854,105319010,9,1156
chr14,105338140,105338542,6,402
chr14,105347610,105350010,20,2400
chr14,105351070,105351147,8,77
chr14,105353933,105355035,7,1102
chr14,105360400,105360499,7,99
chr14,105364269,105364307,7,38
chr14,105367494,105368796,7,1302
chr14,105370002,105370072,8,70
chr14,105393332,105393954,6,622
chr14,105397784,105399045,66,1261
chr14,105411085,105412659,34,1574
chr14,105414477,105417523,58,3046
chr14,105419308,105420774,63,1466
chr14,105422096,105422471,8,375
chr14,105425612,105426843,10,1231
chr14,105429249,105429612,10,363
chr14,105442203,105444189,17,1986
chr14,105445234,105446126,16,892
chr14,105448646,105450132,21,1486
chr14,105464526,105464772,14,246
chr14,105466073,105467525,22,1452
chr14,105469299,105470503,20,1204
chr14,105473950,105479204,180,5254
chr14,105480217,105482068,29,1851
chr14,105486441,105488102,94,1661
chr14,105489404,105491849,124,2445
chr14,105499650,105499760,5,110
chr14,105502229,105504069,7,1840
chr14,105505253,105506358,7,1105
chr14,105525685,105530298,162,4613
chr14,105536963,105538060,11,1097
chr14,105547175,105547935,11,760
chr14,105557388,105557579,9,191
chr14,105568603,105568832,5,229
chr14,105600090,105600816,19,726
chr14,105605051,105605272,5,221
chr14,105628640,105629227,5,587
chr14,105647843,105648621,5,778
chr14,105652225,105652559,6,334
chr14,105661590,105662345,8,755
chr14,105668920,105669423,8,503
chr14,105681014,105681957,7,943
chr14,105688095,105688351,8,256
chr14,105699089,105699185,6,96
chr14,105707803,105707882,5,79
chr14,105721818,105722068,8,250
chr14,105734436,105735351,5,915
chr14,105742150,105742665,6,515
chr14,105751715,105751836,5,121
chr14,105769270,105769399,5,129
chr14,105818839,105819776,7,937
chr14,105838396,105839240,6,844
chr14,105840336,105841155,9,819
chr14,105851244,105852028,11,784
chr14,105853384,105856058,44,2674
chr14,105863328,105864878,21,1550
chr14,105878792,105878977,5,185
chr14,105900520,105902343,23,1823
chr14,105913131,105914041,5,910
chr14,106153504,106153569,7,65
chr14,106202553,106202685,6,132
chr14,106206073,106206757,12,684
chr14,106257601,106257733,8,132
chr14,106398948,106399028,13,80
chr14,106401294,106401607,9,313
chr14,106460447,106461119,8,672
chr14,106627148,106627181,5,33
chr14,106812777,106813362,12,585
chr14,106844831,106846029,23,1198
chr15,19868613,19868673,5,60
chr15,19899082,19899715,18,633
chr15,19944111,19944504,24,393
chr15,20169020,20169294,6,274
chr15,20239544,20240167,9,623
chr15,20273131,20273895,12,764
chr15,20282673,20282835,14,162
chr15,20294433,20296319,73,1886
chr15,20349105,20349540,9,435
chr15,20351363,20353841,16,2478
chr15,20355586,20357160,9,1574
chr15,20358408,20358858,22,450
chr15,20550481,20551518,12,1037
chr15,20579862,20579910,5,48
chr15,21261155,21262878,22,1723
chr15,22238513,22238655,6,142
chr15,22253082,22253130,6,48
chr15,22256676,22258316,77,1640
chr15,22259500,22259973,10,473
chr15,22271703,22272016,7,313
chr15,22449203,22450243,9,1040
chr15,22598421,22600043,18,1622
chr15,22664404,22664535,14,131
chr15,22709777,22710975,8,1198
chr15,22714479,22714810,31,331
chr15,22756890,22758758,18,1868
chr15,22784687,22788393,125,3706
chr15,22797232,22798566,13,1334
chr15,22834986,22835534,7,548
chr15,22837574,22838884,29,1310
chr15,22840013,22840421,11,408
chr15,22880534,22880638,5,104
chr15,22881875,22882177,7,302
chr15,22892417,22893327,13,910
chr15,22898859,22898894,5,35
chr15,22901096,22901944,15,848
chr15,22903706,22903843,10,137
chr15,22916219,22917296,6,1077
chr15,22928089,22929355,9,1266
chr15,22932334,22932381,6,47
chr15,22953731,22954969,9,1238
chr15,22979125,22980676,67,1551
chr15,23039138,23039918,66,780
chr15,23065662,23069693,68,4031
chr15,23174786,23177187,24,2401
chr15,23187692,23187797,6,105
chr15,23372416,23373905,33,1489
chr15,23382842,23383104,5,262
chr15,23384948,23386653,8,1705
chr15,23416837,23416947,6,110
chr15,23450153,23450838,17,685
chr15,23466835,23467025,8,190
chr15,23565610,23566419,12,809
chr15,23605921,23605953,6,32
chr15,23616357,23617116,14,759
chr15,23647427,23647669,15,242
chr15,23681829,23682640,12,811
chr15,23686830,23686933,6,103
chr15,23802934,23803222,14,288
chr15,23869463,23869522,6,59
chr15,23873855,23874423,13,568
chr15,23897747,23898196,8,449
chr15,23961825,23962935,5,1110
chr15,24261015,24261208,7,193
chr15,24539571,24539673,5,102
chr15,24675480,24677708,16,2228
chr15,24747517,24747660,7,143
chr15,24773061,24773621,27,560
chr15,24848068,24848354,12,286
chr15,24878466,24879263,17,797
chr15,24904579,24904899,8,320
chr15,24915377,24916170,5,793
chr15,24954857,24955206,13,349
chr15,24980541,24981597,8,1056
chr15,25169437,25169577,5,140
chr15,25187004,25187540,6,536
chr15,25214128,25215182,5,1054
chr15,25247260,25247879,8,619
chr15,25251001,25251255,6,254
chr15,25437976,25439318,59,1342
chr15,25551973,25553133,7,1160
chr15,25597419,25597450,5,31
chr15,25633339,25633538,5,199
chr15,25659474,25659942,6,468
chr15,25671250,25671735,5,485
chr15,25675073,25675870,6,797
chr15,25681978,25682365,5,387
chr15,25706026,25706929,7,903
chr15,25719467,25720470,5,1003
chr15,25733174,25733928,10,754
chr15,25736175,25736353,6,178
chr15,25769343,25770203,12,860
chr15,25779431,25780026,12,595
chr15,25794636,25794698,5,62
chr15,25803706,25803821,5,115
chr15,25833702,25833828,6,126
chr15,25845458,25846896,7,1438
chr15,25861912,25863660,58,1748
chr15,25865925,25866211,8,286
chr15,25946381,25946568,8,187
chr15,25948509,25948818,7,309
chr15,25989635,25989909,13,274
chr15,26056932,26057088,10,156
chr15,26082557,26082719,13,162
chr15,26134831,26135167,9,336
chr15,26298097,26298424,11,327
chr15,26364095,26364284,6,189
chr15,26624430,26625121,9,691
chr15,26629032,26629380,16,348
chr15,26670088,26670970,16,882
chr15,26730342,26730467,6,125
chr15,26771763,26773715,130,1952
chr15,26792055,26792121,5,66
chr15,26831256,26831326,6,70
chr15,26842143,26842566,10,423
chr15,26866793,26868612,103,1819
chr15,26882419,26882699,5,280
chr15,26891607,26892396,26,789
chr15,26893850,26896034,34,2184
chr15,26967948,26968403,14,455
chr15,26970861,26972006,82,1145
chr15,26987182,26987313,6,131
chr15,27019112,27019408,8,296
chr15,27020607,27020693,5,86
chr15,27026715,27026913,5,198
chr15,27109603,27109738,5,135
chr15,27248986,27249496,7,510
chr15,27252893,27253129,11,236
chr15,27263761,27263857,8,96
chr15,27294907,27295036,6,129
chr15,27358608,27359192,13,584
chr15,27403943,27404139,5,196
chr15,27533802,27534157,5,355
chr15,27541315,27541695,12,380
chr15,27549324,27549599,6,275
chr15,27574254,27574954,17,700
chr15,27656734,27656816,7,82
chr15,27714378,27714627,11,249
chr15,27753661,27754030,5,369
chr15,27768947,27770453,17,1506
chr15,27805454,27806643,25,1189
chr15,28050485,28050782,6,297
chr15,28081044,28082412,7,1368
chr15,28093741,28097376,136,3635
chr15,28098599,28099136,10,537
chr15,28106505,28107840,80,1335
chr15,28161929,28163117,12,1188
chr15,28194226,28194475,8,249
chr15,28366589,28367798,9,1209
chr15,28397534,28398485,5,951
chr15,28457309,28457912,13,603
chr15,28463511,28464463,6,952
chr15,28513181,28514348,11,1167
chr15,28543827,28544842,13,1015
chr15,28692063,28694518,11,2455
chr15,28725553,28727280,26,1727
chr15,28737628,28737959,22,331
chr15,28782970,28785010,38,2040
chr15,28788884,28789070,13,186
chr15,28861075,28861466,7,391
chr15,28866453,28867063,16,610
chr15,28884288,28886953,122,2665
chr15,28901076,28901193,5,117
chr15,28902522,28904252,8,1730
chr15,28914599,28914871,7,272
chr15,28918508,28919050,15,542
chr15,28936424,28937120,8,696
chr15,28940429,28941842,16,1413
chr15,28961644,28961981,6,337
chr15,28979316,28980004,5,688
chr15,29017062,29018338,13,1276
chr15,29030096,29030286,6,190
chr15,29053568,29054499,13,931
chr15,29072732,29073759,7,1027
chr15,29103535,29104075,27,540
chr15,29110563,29112173,11,1610
chr15,29115179,29115799,16,620
chr15,29120101,29120818,5,717
chr15,29124255,29125479,10,1224
chr15,29132733,29133016,5,283
chr15,29136100,29136861,8,761
chr15,29139969,29141556,10,1587
chr15,29149799,29149854,6,55
chr15,29159873,29160087,14,214
chr15,29225018,29226124,16,1106
chr15,29269014,29269916,40,902
chr15,29280731,29280852,5,121
chr15,29383550,29384819,6,1269
chr15,29429671,29431494,9,1823
chr15,29452906,29453237,9,331
chr15,29471517,29471890,6,373
chr15,29473763,29473944,10,181
chr15,29569869,29571936,98,2067
chr15,29657036,29657147,5,111
chr15,29668259,29668393,5,134
chr15,29672147,29672283,5,136
chr15,29674563,29676199,48,1636
chr15,29684606,29684844,5,238
chr15,29821335,29822974,81,1639
chr15,29859521,29860001,5,480
chr15,29961449,29961660,5,211
chr15,29968612,29970157,42,1545
chr15,29984026,29984920,8,894
chr15,30009796,30010061,10,265
chr15,30044611,30044697,13,86
chr15,30058535,30059056,5,521
chr15,30225413,30225789,7,376
chr15,30489339,30489505,7,166
chr15,30618270,30618336,5,66
chr15,30626136,30626817,14,681
chr15,30775273,30775347,5,74
chr15,30803151,30805460,11,2309
chr15,30806937,30807275,6,338
chr15,30873314,30873910,9,596
chr15,30891905,30892034,5,129
chr15,30895527,30896873,20,1346
chr15,30903720,30904145,25,425
chr15,30905194,30906100,6,906
chr15,30991309,30992177,53,868
chr15,31026154,31026199,6,45
chr15,31028417,31028676,5,259
chr15,31060544,31060662,6,118
chr15,31128973,31129437,6,464
chr15,31215383,31216605,65,1222
chr15,31225376,31225579,5,203
chr15,31264229,31266141,12,1912
chr15,31272100,31274103,14,2003
chr15,31298091,31298260,5,169
chr15,31306525,31306688,7,163
chr15,31325504,31330354,232,4850
chr15,31345768,31345930,7,162
chr15,31365370,31366597,12,1227
chr15,31371490,31371666,5,176
chr15,31375983,31377495,11,1512
chr15,31391540,31393343,41,1803
chr15,31401096,31401391,8,295
chr15,31440606,31441572,45,966
chr15,31482386,31483942,77,1556
chr15,31526988,31527287,7,299
chr15,31554033,31554769,9,736
chr15,31657290,31657449,6,159
chr15,31869787,31870864,72,1077
chr15,32029513,32030806,66,1293
chr15,32616098,32616208,9,110
chr15,32672429,32672503,5,74
chr15,32716725,32719418,137,2693
chr15,32744497,32744537,5,40
chr15,32907601,32908316,6,715
chr15,32979278,32979472,5,194
chr15,33018692,33019693,26,1001
chr15,33067994,33068350,10,356
chr15,33080608,33080779,6,171
chr15,33128193,33128848,22,655
chr15,33153299,33153959,14,660
chr15,33163046,33163455,7,409
chr15,33194986,33195430,8,444
chr15,33311202,33311682,35,480
chr15,33518922,33519677,5,755
chr15,33676982,33677169,6,187
chr15,33693302,33694337,7,1035
chr15,33700752,33701228,9,476
chr15,33753543,33753761,5,218
chr15,33779724,33779829,7,105
chr15,34018296,34018517,7,221
chr15,34038455,34039195,65,740
chr15,34055116,34055461,11,345
chr15,34101467,34102938,21,1471
chr15,34136841,34137348,12,507
chr15,34161116,34161426,6,310
chr15,34199361,34199883,10,522
chr15,34209574,34210792,41,1218
chr15,34224715,34226187,20,1472
chr15,34242758,34242979,6,221
chr15,34336474,34339163,36,2689
chr15,34342420,34343173,26,753
chr15,34348510,34348692,7,182
chr15,34350804,34351084,6,280
chr15,34365193,34367683,57,2490
chr15,34368860,34369751,9,891
chr15,34409634,34409673,5,39
chr15,34435109,34437421,76,2312
chr15,34463612,34463736,5,124
chr15,34494330,34494665,30,335
chr15,34495931,34496772,5,841
chr15,34514310,34514812,22,502
chr15,34581982,34584549,111,2567
chr15,34722069,34722512,12,443
chr15,34753263,34755123,51,1860
chr15,34795431,34795527,20,96
chr15,34920676,34921159,8,483
chr15,34948724,34949182,10,458
chr15,34969381,34970572,17,1191
chr15,34988216,34988635,31,419
chr15,35026293,35027503,6,1210
chr15,35298962,35299272,6,310
chr15,35545958,35546414,13,456
chr15,35678287,35678417,6,130
chr15,35832095,35832163,6,68
chr15,35968191,35968249,5,58
chr15,36164171,36164395,7,224
chr15,36487413,36487498,7,85
chr15,36818474,36818573,7,99
chr15,36880210,36880877,36,667
chr15,36882440,36882890,10,450
chr15,36888242,36889356,13,1114
chr15,37056545,37056586,5,41
chr15,37096627,37103719,148,7092
chr15,37110329,37110952,22,623
chr15,37336022,37336175,9,153
chr15,37490826,37491061,13,235
chr15,37824021,37825104,5,1083
chr15,37886780,37886914,5,134
chr15,38072048,38073285,46,1237
chr15,38221645,38221758,7,113
chr15,38232789,38232983,5,194
chr15,38252095,38253000,50,905
chr15,38454118,38454877,32,759
chr15,38564215,38565034,42,819
chr15,39580348,39582236,56,1888
chr15,39721725,39722250,5,525
chr15,39782636,39782847,13,211
chr15,39919605,39921382,66,1777
chr15,39933417,39934323,41,906
chr15,39976611,39977039,8,428
chr15,40005421,40005732,9,311
chr15,40022686,40022826,6,140
chr15,40038737,40039801,40,1064
chr15,40069230,40069439,6,209
chr15,40085798,40086139,5,341
chr15,40087502,40087666,5,164
chr15,40093365,40093548,8,183
chr15,40098825,40099732,5,907
chr15,40103636,40104978,15,1342
chr15,40108773,40108966,20,193
chr15,40130051,40130149,5,98
chr15,40161085,40161356,8,271
chr15,40222074,40222333,5,259
chr15,40234182,40234289,5,107
chr15,40239094,40240109,11,1015
chr15,40252210,40253617,48,1407
chr15,40279430,40280127,7,697
chr15,40281537,40283848,67,2311
chr15,40291020,40291607,41,587
chr15,40302526,40303378,7,852
chr15,40321669,40321878,7,209
chr15,40323442,40325604,78,2162
chr15,40334067,40335301,16,1234
chr15,40336577,40336679,6,102
chr15,40337784,40337846,6,62
chr15,40344969,40345061,6,92
chr15,40357867,40358761,79,894
chr15,40367900,40368317,21,417
chr15,40373628,40373860,5,232
chr15,40382709,40383317,16,608
chr15,40401241,40401691,16,450
chr15,40405858,40405886,5,28
chr15,40417151,40417204,5,53
chr15,40421975,40422108,7,133
chr15,40435245,40438812,40,3567
chr15,40440060,40442320,127,2260
chr15,40463868,40463924,5,56
chr15,40470852,40471564,38,712
chr15,40474878,40474948,5,70
chr15,40486345,40486961,5,616
chr15,40490836,40491057,7,221
chr15,40507287,40507394,7,107
chr15,40511713,40511790,11,77
chr15,40552405,40552449,5,44
chr15,40564803,40565363,18,560
chr15,40569592,40569990,31,398
chr15,40583663,40583931,10,268
chr15,40590145,40590360,7,215
chr15,40594276,40594513,9,237
chr15,40601677,40601752,8,75
chr15,40638603,40638960,5,357
chr15,40693348,40695967,34,2619
chr15,40724947,40724992,5,45
chr15,40754606,40756704,37,2098
chr15,40763957,40764648,38,691
chr15,40768222,40770640,23,2418
chr15,40771927,40772168,8,241
chr15,40807460,40807731,20,271
chr15,40810243,40810638,5,395
chr15,40843621,40844722,55,1101
chr15,40850158,40850611,9,453
chr15,40873092,40874390,56,1298
chr15,40894372,40894970,32,598
chr15,40902213,40905316,26,3103
chr15,40906545,40907291,13,746
chr15,40925750,40926273,37,523
chr15,40927610,40930508,118,2898
chr15,40941706,40942728,57,1022
chr15,40952758,40953889,17,1131
chr15,40959899,40960297,11,398
chr15,40974906,40976139,5,1233
chr15,40982871,40982919,5,48
chr15,41115671,41116611,16,940
chr15,41117622,41117932,11,310
chr15,41155913,41156241,5,328
chr15,41172597,41172742,5,145
chr15,41174055,41174409,7,354
chr15,41181189,41181246,7,57
chr15,41229460,41231445,46,1985
chr15,41274883,41275083,8,200
chr15,41278189,41278249,6,60
chr15,41283563,41284173,19,610
chr15,41330193,41330496,5,303
chr15,41332375,41333748,34,1373
chr15,41374966,41375270,7,304
chr15,41393285,41393376,5,91
chr15,41401333,41403011,26,1678
chr15,41415847,41417752,54,1905
chr15,41425150,41425226,5,76
chr15,41426688,41426910,5,222
chr15,41436381,41437357,10,976
chr15,41439812,41440283,7,471
chr15,41477827,41478089,7,262
chr15,41486285,41486625,31,340
chr15,41493294,41496340,133,3046
chr15,41500865,41505030,76,4165
chr15,41511449,41514636,110,3187
chr15,41520674,41521799,5,1125
chr15,41531997,41532114,5,117
chr15,41544333,41544543,6,210
chr15,41558568,41559554,78,986
chr15,41584492,41585583,47,1091
chr15,41586886,41587019,5,133
chr15,41610960,41611078,11,118
chr15,41621149,41621770,26,621
chr15,41623466,41623578,6,112
chr15,41659807,41661631,69,1824
chr15,41795496,41795888,7,392
chr15,41810796,41811758,9,962
chr15,41827666,41828397,46,731
chr15,41839402,41841353,10,1951
chr15,41847395,41847505,7,110
chr15,41851035,41851110,6,75
chr15,41856489,41856986,11,497
chr15,41858924,41859251,10,327
chr15,41862557,41862664,5,107
chr15,41863699,41863963,8,264
chr15,41868489,41868597,7,108
chr15,41878990,41879656,7,666
chr15,41882297,41882805,20,508
chr15,41892963,41893472,16,509
chr15,41916725,41916796,5,71
chr15,41971999,41973410,38,1411
chr15,41989440,41989573,6,133
chr15,41993982,41994303,6,321
chr15,42056967,42057192,14,225
chr15,42069909,42070116,5,207
chr15,42092604,42092731,5,127
chr15,42152645,42152720,5,75
chr15,42155762,42157235,5,1473
chr15,42207963,42208362,21,399
chr15,42273306,42273877,9,571
chr15,42490821,42491374,24,553
chr15,42495205,42495855,14,650
chr15,42547719,42549744,16,2025
chr15,42574773,42575964,48,1191
chr15,42581253,42581535,10,282
chr15,42592537,42592670,8,133
chr15,42635184,42635422,6,238
chr15,42730631,42730963,5,332
chr15,42736389,42738172,70,1783
chr15,42818644,42818693,6,49
chr15,42829951,42830280,8,329
chr15,42920352,42921585,10,1233
chr15,42986851,42987327,6,476
chr15,43028805,43028999,5,194
chr15,43106090,43106350,13,260
chr15,43109369,43109619,7,250
chr15,43113343,43113389,5,46
chr15,43132984,43134000,25,1016
chr15,43145058,43145365,6,307
chr15,43185329,43185897,36,568
chr15,43200875,43200975,5,100
chr15,43208713,43208806,7,93
chr15,43210687,43210959,7,272
chr15,43226620,43226698,8,78
chr15,43329639,43330479,46,840
chr15,43370820,43371597,47,777
chr15,43495673,43495733,5,60
chr15,43510384,43511111,27,727
chr15,43626771,43626865,6,94
chr15,43649042,43649426,14,384
chr15,43745471,43746846,51,1375
chr15,43776536,43777090,37,554
chr15,43791234,43792922,42,1688
chr15,43800581,43801231,21,650
chr15,43820072,43820174,5,102
chr15,43824445,43825568,10,1123
chr15,43826733,43827012,6,279
chr15,44038736,44038857,5,121
chr15,44193999,44195648,71,1649
chr15,44288721,44289364,22,643
chr15,44297647,44297960,5,313
chr15,44378245,44378902,6,657
chr15,44426221,44427843,42,1622
chr15,44494712,44495064,8,352
chr15,44505339,44505639,5,300
chr15,44535360,44537615,58,2255
chr15,44539590,44539853,6,263
chr15,44609292,44609424,6,132
chr15,44625868,44625975,5,107
chr15,44663115,44663770,37,655
chr15,44668999,44670026,6,1027
chr15,44693904,44695058,5,1154
chr15,44728674,44729551,20,877
chr15,44748983,44749069,5,86
chr15,44784296,44784885,18,589
chr15,45022943,45023557,11,614
chr15,45034862,45034892,6,30
chr15,45035935,45036169,11,234
chr15,45095738,45095907,5,169
chr15,45097476,45097848,7,372
chr15,45100131,45100208,5,77
chr15,45109960,45113002,51,3042
chr15,45114574,45114733,11,159
chr15,45116906,45118168,39,1262
chr15,45129039,45130257,75,1218
chr15,45135144,45136445,22,1301
chr15,45166738,45167446,24,708
chr15,45187193,45188131,56,938
chr15,45198693,45199360,10,667
chr15,45200908,45201142,14,234
chr15,45275803,45275859,6,56
chr15,45378085,45378604,58,519
chr15,45402310,45403589,61,1279
chr15,45430227,45430689,32,462
chr15,45522329,45522825,28,496
chr15,45577212,45577660,7,448
chr15,45586874,45587755,41,881
chr15,45614485,45614580,5,95
chr15,45635005,45635487,17,482
chr15,45704366,45705229,21,863
chr15,45706747,45707863,9,1116
chr15,45839242,45839422,7,180
chr15,46254606,46254681,6,75
chr15,46923956,46924286,15,330
chr15,47184025,47185214,64,1189
chr15,47325298,47325463,8,165
chr15,47411285,47411783,5,498
chr15,47716770,47719152,57,2382
chr15,47946836,47947327,5,491
chr15,48177865,48178481,46,616
chr15,48213546,48213596,5,50
chr15,48254643,48254748,6,105
chr15,48330921,48332528,88,1607
chr15,48644614,48646284,87,1670
chr15,48810315,48811423,20,1108
chr15,48877869,48878288,9,419
chr15,48889566,48889736,8,170
chr15,48962213,48963333,30,1120
chr15,48975802,48975849,6,47
chr15,49046195,49046740,25,545
chr15,49090621,49090999,6,378
chr15,49155143,49155929,27,786
chr15,49170226,49170478,11,252
chr15,49621016,49621054,8,38
chr15,49704030,49704197,7,167
chr15,49802575,49802607,5,32
chr15,50182148,50182766,43,618
chr15,50354396,50355503,31,1107
chr15,50382881,50382977,6,96
chr15,50401349,50401578,7,229
chr15,50423526,50424824,24,1298
chr15,50466519,50466711,7,192
chr15,50493103,50493198,5,95
chr15,50620788,50620986,11,198
chr15,50685320,50686779,40,1459
chr15,50693339,50693473,7,134
chr15,50717218,50718272,7,1054
chr15,50765655,50766123,10,468
chr15,50771044,50771953,5,909
chr15,50905707,50907002,15,1295
chr15,50908043,50910068,53,2025
chr15,51093668,51095472,60,1804
chr15,51191496,51192944,7,1448
chr15,51251084,51251507,6,423
chr15,51267284,51267629,14,345
chr15,51341853,51342046,24,193
chr15,51355929,51356131,6,202
chr15,51357731,51358998,6,1267
chr15,51603728,51603792,5,64
chr15,51605591,51605636,5,45
chr15,51622445,51623271,23,826
chr15,51681640,51681767,6,127
chr15,51737088,51737873,65,785
chr15,51750941,51752170,56,1229
chr15,51829782,51830323,32,541
chr15,51885981,51886026,6,45
chr15,51893696,51893842,5,146
chr15,51971787,51972650,22,863
chr15,51976799,51976868,5,69
chr15,52019024,52020272,58,1248
chr15,52034318,52034858,8,540
chr15,52073241,52073309,5,68
chr15,52077943,52078331,6,388
chr15,52112086,52112815,55,729
chr15,52163065,52163139,6,74
chr15,52179552,52180216,44,664
chr15,52294458,52295925,76,1467
chr15,52528240,52529863,76,1623
chr15,52568129,52569076,32,947
chr15,52675768,52675822,5,54
chr15,52678168,52679902,77,1734
chr15,52687265,52687298,5,33
chr15,52783379,52791695,223,8316
chr15,52794771,52799041,62,4270
chr15,52800955,52801208,11,253
chr15,52803407,52806260,98,2853
chr15,53197479,53197573,9,94
chr15,53740172,53740400,5,228
chr15,53759138,53759739,19,601
chr15,53773556,53773919,10,363
chr15,53978390,53978667,8,277
chr15,54642081,54642132,7,51
chr15,55196988,55197055,8,67
chr15,55289285,55290658,41,1373
chr15,55318657,55319274,17,617
chr15,55380456,55381157,14,701
chr15,55404846,55405033,5,187
chr15,55407736,55408784,28,1048
chr15,55494098,55494485,12,387
chr15,55497331,55498835,14,1504
chr15,55587338,55590002,31,2664
chr15,55598971,55599079,5,108
chr15,55741834,55743679,86,1845
chr15,55757506,55758691,6,1185
chr15,55992890,55993577,29,687
chr15,56109903,56110408,5,505
chr15,56243180,56244025,54,845
chr15,56246102,56246243,7,141
chr15,56365385,56365506,10,121
chr15,56482139,56482264,6,125
chr15,56539405,56539672,5,267
chr15,56733244,56733875,40,631
chr15,56886967,56887625,47,658
chr15,56917166,56919766,116,2600
chr15,57306441,57307005,35,564
chr15,57326947,57327721,5,774
chr15,57376224,57377901,63,1677
chr15,57388281,57388464,5,183
chr15,57418829,57419092,10,263
chr15,57509104,57509364,5,260
chr15,57543933,57546863,15,2930
chr15,57591507,57592241,34,734
chr15,57676923,57677222,5,299
chr15,57706599,57707337,14,738
chr15,57752675,57753113,5,438
chr15,58065032,58066613,72,1581
chr15,58353622,58353740,5,118
chr15,58435835,58436108,6,273
chr15,58444930,58445078,5,148
chr15,58490295,58490716,17,421
chr15,58748927,58749701,70,774
chr15,58752064,58752145,7,81
chr15,58769348,58769913,10,565
chr15,58771011,58772101,53,1090
chr15,58785729,58785938,7,209
chr15,58827556,58827719,7,163
chr15,58864629,58865762,14,1133
chr15,58866786,58866975,5,189
chr15,58920106,58920811,5,705
chr15,58933152,58935142,62,1990
chr15,58938889,58939625,6,736
chr15,58985658,58986557,13,899
chr15,58987869,58988133,14,264
chr15,59105238,59105511,25,273
chr15,59121856,59122385,8,529
chr15,59131479,59131594,6,115
chr15,59217913,59218021,9,108
chr15,59231516,59231788,9,272
chr15,59356670,59356998,5,328
chr15,59372009,59372881,48,872
chr15,59373961,59374052,7,91
chr15,59438140,59438891,27,751
chr15,59568586,59569013,6,427
chr15,59657273,59657882,34,609
chr15,59687913,59689296,35,1383
chr15,59792505,59792570,5,65
chr15,59846085,59846220,5,135
chr15,59994185,59997728,36,3543
chr15,59999465,60001814,28,2349
chr15,60003334,60006523,128,3189
chr15,60009855,60010640,7,785
chr15,60076678,60076793,5,115
chr15,60248577,60248742,6,165
chr15,60271388,60272443,7,1055
chr15,60339278,60340144,5,866
chr15,60361169,60361293,5,124
chr15,60397159,60398775,49,1616
chr15,60404324,60404459,9,135
chr15,60412929,60412987,6,58
chr15,60478707,60478951,7,244
chr15,60591234,60593276,126,2042
chr15,60620813,60620903,6,90
chr15,60860010,60860150,5,140
chr15,61227756,61229475,62,1719
chr15,61277901,61278037,5,136
chr15,61315697,61315804,5,107
chr15,61330089,61330178,6,89
chr15,61546595,61546655,5,60
chr15,61797320,61797944,5,624
chr15,62060060,62060499,29,439
chr15,62066552,62069439,83,2887
chr15,62075526,62075653,6,127
chr15,62163588,62165401,67,1813
chr15,62207500,62208580,8,1080
chr15,62224249,62224658,14,409
chr15,62350651,62351481,7,830
chr15,62389147,62391871,112,2724
chr15,62701049,62701463,7,414
chr15,62797434,62797824,12,390
chr15,62897098,62897337,12,239
chr15,62909980,62910313,6,333
chr15,62952590,62953297,19,707
chr15,63042196,63044204,62,2008
chr15,63048070,63049194,86,1124
chr15,63075787,63076202,5,415
chr15,63083522,63084127,13,605
chr15,63105125,63107302,13,2177
chr15,63121916,63122312,41,396
chr15,63123991,63124075,7,84
chr15,63157234,63158451,25,1217
chr15,63179715,63179855,5,140
chr15,63189775,63189853,6,78
chr15,63219058,63219127,5,69
chr15,63277112,63277881,20,769
chr15,63297777,63297892,5,115
chr15,63321596,63322455,13,859
chr15,63337666,63337883,6,217
chr15,63381649,63382724,31,1075
chr15,63416759,63416869,5,110
chr15,63459078,63459226,16,148
chr15,63474983,63475408,7,425
chr15,63487408,63487512,5,104
chr15,63502476,63505874,121,3398
chr15,63599502,63602410,52,2908
chr15,63707650,63707736,5,86
chr15,63739731,63739987,5,256
chr15,63811531,63811636,5,105
chr15,63833130,63834415,60,1285
chr15,63998608,63998870,5,262
chr15,64046083,64046748,43,665
chr15,64060193,64060979,14,786
chr15,64093206,64093736,9,530
chr15,64095866,64096997,23,1131
chr15,64151288,64153611,55,2323
chr15,64154932,64155056,6,124
chr15,64162552,64163344,49,792
chr15,64199777,64199966,6,189
chr15,64281069,64281173,6,104
chr15,64355668,64356248,27,580
chr15,64357394,64357582,7,188
chr15,64383286,64383846,6,560
chr15,64387188,64388453,43,1265
chr15,64403052,64403199,6,147
chr15,64460428,64461073,44,645
chr15,64490290,64490342,5,52
chr15,64499469,64500084,5,615
chr15,64540976,64541559,10,583
chr15,64567406,64567740,5,334
chr15,64594971,64595221,6,250
chr15,64666810,64667046,7,236
chr15,64702694,64703023,15,329
chr15,64726709,64727145,5,436
chr15,64740989,64741073,5,84
chr15,64751100,64752907,8,1807
chr15,64774987,64776209,120,1222
chr15,64802184,64802282,6,98
chr15,64817967,64818044,5,77
chr15,64823686,64826878,44,3192
chr15,64835143,64835504,6,361
chr15,64841299,64842043,28,744
chr15,64863062,64863277,6,215
chr15,64886722,64886950,5,228
chr15,64893773,64894282,7,509
chr15,64911656,64912158,35,502
chr15,64956477,64957150,5,673
chr15,64980712,64980874,5,162
chr15,64989108,64989920,25,812
chr15,64994250,64994348,6,98
chr15,65028370,65029970,24,1600
chr15,65035320,65035580,5,260
chr15,65067562,65068199,33,637
chr15,65077964,65078454,18,490
chr15,65102205,65102814,27,609
chr15,65133054,65133725,54,671
chr15,65143847,65144114,6,267
chr15,65165074,65165685,9,611
chr15,65184370,65186166,81,1796
chr15,65286359,65287135,45,776
chr15,65292199,65292389,7,190
chr15,65296424,65297124,13,700
chr15,65298515,65298827,5,312
chr15,65301002,65302583,23,1581
chr15,65303987,65304441,10,454
chr15,65315036,65315238,7,202
chr15,65317637,65317818,7,181
chr15,65319403,65319575,5,172
chr15,65331207,65333872,17,2665
chr15,65355086,65355997,47,911
chr15,65373301,65374006,5,705
chr15,65375141,65378330,119,3189
chr15,65384027,65385850,16,1823
chr15,65396323,65397145,10,822
chr15,65398864,65399485,9,621
chr15,65421074,65423176,92,2102
chr15,65430146,65430391,9,245
chr15,65448547,65449478,7,931
chr15,65474028,65474119,5,91
chr15,65477142,65477622,9,480
chr15,65517165,65517779,53,614
chr15,65530417,65532556,67,2139
chr15,65606111,65606171,6,60
chr15,65610713,65611777,48,1064
chr15,65624126,65624213,5,87
chr15,65684927,65685219,5,292
chr15,65791539,65792344,52,805
chr15,65794616,65794966,5,350
chr15,65845704,65845736,5,32
chr15,65869455,65870533,12,1078
chr15,65982279,65982875,22,596
chr15,65993038,65993103,5,65
chr15,66080864,66081032,9,168
chr15,66099373,66100497,9,1124
chr15,66127615,66128702,6,1087
chr15,66191082,66191796,8,714
chr15,66251917,66255375,128,3458
chr15,66293028,66294114,37,1086
chr15,66331047,66331111,5,64
chr15,66355223,66357220,22,1997
chr15,66360404,66361687,11,1283
chr15,66386558,66387546,68,988
chr15,66398701,66399689,10,988
chr15,66444094,66444389,6,295
chr15,66497026,66497874,18,848
chr15,66499642,66500754,10,1112
chr15,66504336,66505996,22,1660
chr15,66521780,66522402,7,622
chr15,66578341,66578574,5,233
chr15,66594485,66594547,5,62
chr15,66596890,66598670,10,1780
chr15,66619215,66619450,6,235
chr15,66622055,66622989,16,934
chr15,66630577,66631243,7,666
chr15,66654833,66655705,27,872
chr15,66673541,66673816,11,275
chr15,66687401,66687540,5,139
chr15,66700914,66704434,137,3520
chr15,66706644,66707532,12,888
chr15,66719345,66720494,8,1149
chr15,66729254,66729605,6,351
chr15,66760985,66761154,5,169
chr15,66771027,66771150,5,123
chr15,66774954,66775020,6,66
chr15,66781012,66781388,10,376
chr15,66842531,66842950,39,419
chr15,66852877,66853551,16,674
chr15,66911273,66911703,6,430
chr15,67033558,67034278,18,720
chr15,67064311,67066722,89,2411
chr15,67120989,67121462,10,473
chr15,67138078,67138198,6,120
chr15,67175069,67176004,5,935
chr15,67248827,67249159,5,332
chr15,67253147,67255200,33,2053
chr15,67279858,67279940,7,82
chr15,67521077,67521552,32,475
chr15,67541550,67543492,54,1942
chr15,67804484,67804572,5,88
chr15,67806260,67806315,5,55
chr15,67812114,67812442,5,328
chr15,67819630,67825742,198,6112
chr15,67826859,67830131,111,3272
chr15,67833055,67836313,93,3258
chr15,67838939,67839873,14,934
chr15,67863399,67863699,15,300
chr15,67884886,67885066,15,180
chr15,67926581,67927493,7,912
chr15,68054052,68054991,63,939
chr15,68205352,68206018,12,666
chr15,68207798,68208908,6,1110
chr15,68210505,68211218,6,713
chr15,68229102,68230449,56,1347
chr15,68256822,68257223,15,401
chr15,68277188,68278625,51,1437
chr15,68352014,68352482,8,468
chr15,68370929,68371342,7,413
chr15,68431068,68432238,65,1170
chr15,68559171,68561486,30,2315
chr15,68577577,68579785,85,2208
chr15,68587442,68587898,6,456
chr15,68614456,68614866,6,410
chr15,68633972,68634725,9,753
chr15,68647573,68648347,6,774
chr15,68701372,68701578,9,206
chr15,68726479,68726517,6,38
chr15,68795374,68795551,13,177
chr15,68817191,68821391,202,4200
chr15,68824951,68825549,9,598
chr15,68875621,68876349,8,728
chr15,68928183,68930841,27,2658
chr15,69031620,69032881,22,1261
chr15,69074172,69074254,11,82
chr15,69160165,69161818,60,1653
chr15,69298867,69299628,28,761
chr15,69386581,69386767,5,186
chr15,69414342,69414835,10,493
chr15,69451494,69453380,44,1886
chr15,69462393,69463836,33,1443
chr15,69478171,69478672,9,501
chr15,69531638,69531789,5,151
chr15,69594786,69595100,6,314
chr15,69648299,69648458,7,159
chr15,69790830,69790973,6,143
chr15,69812980,69813477,8,497
chr15,69885571,69885918,12,347
chr15,70024025,70024420,7,395
chr15,70033146,70033736,8,590
chr15,70049362,70049591,7,229
chr15,70062108,70062425,8,317
chr15,70095345,70099496,175,4151
chr15,70100558,70101655,20,1097
chr15,70154266,70154818,5,552
chr15,70156780,70156970,9,190
chr15,70199182,70200011,9,829
chr15,70252570,70252676,7,106
chr15,70349028,70349969,7,941
chr15,70354462,70354647,6,185
chr15,70415596,70415987,7,391
chr15,70437205,70438318,5,1113
chr15,70440507,70441270,5,763
chr15,70474024,70475561,14,1537
chr15,70491964,70493035,14,1071
chr15,70566511,70567313,7,802
chr15,70579556,70580598,5,1042
chr15,70585097,70586437,27,1340
chr15,70587536,70587578,7,42
chr15,70762917,70763863,56,946
chr15,70782999,70783692,5,693
chr15,70821577,70821954,8,377
chr15,70840488,70840621,6,133
chr15,70853657,70854731,71,1074
chr15,70892017,70893034,46,1017
chr15,71115055,71116140,64,1085
chr15,71193626,71193793,5,167
chr15,71214573,71215797,27,1224
chr15,71390985,71391337,12,352
chr15,71547025,71547261,5,236
chr15,71554296,71554391,5,95
chr15,71783524,71785123,8,1599
chr15,71802316,71802912,21,596
chr15,71813515,71813566,5,51
chr15,72117162,72118412,64,1250
chr15,72178371,72178869,9,498
chr15,72184418,72184474,5,56
chr15,72197462,72198264,59,802
chr15,72229968,72231880,83,1912
chr15,72271359,72273114,34,1755
chr15,72289731,72290108,10,377
chr15,72319633,72320867,43,1234
chr15,72375747,72377002,27,1255
chr15,72462238,72462359,5,121
chr15,72466664,72466781,6,117
chr15,72473934,72475399,67,1465
chr15,72676234,72677340,8,1106
chr15,72685381,72687518,34,2137
chr15,72783246,72783902,23,656
chr15,72796825,72797354,19,529
chr15,72902772,72902853,6,81
chr15,73051527,73052985,124,1458
chr15,73143376,73143534,7,158
chr15,73279644,73279765,6,121
chr15,73318039,73319229,20,1190
chr15,73323176,73323440,12,264
chr15,73325275,73325627,19,352
chr15,73366982,73369917,194,2935
chr15,73597169,73597249,10,80
chr15,73632718,73633405,52,687
chr15,73656201,73657189,13,988
chr15,73683211,73685072,64,1861
chr15,73696201,73696320,6,119
chr15,73702465,73702544,8,79
chr15,73703711,73703927,9,216
chr15,73732419,73732542,12,123
chr15,73752125,73753543,90,1418
chr15,73882135,73883592,6,1457
chr15,73926077,73927945,70,1868
chr15,73951282,73953109,12,1827
chr15,73956836,73956889,5,53
chr15,73973100,73973869,24,769
chr15,73991959,73992352,29,393
chr15,73994447,73994744,10,297
chr15,73998248,73998357,6,109
chr15,74035637,74035670,5,33
chr15,74037705,74038013,5,308
chr15,74044253,74044733,8,480
chr15,74048457,74048609,7,152
chr15,74100138,74100229,8,91
chr15,74109647,74109955,5,308
chr15,74124809,74125023,5,214
chr15,74127687,74129712,69,2025
chr15,74131219,74137386,144,6167
chr15,74149492,74149824,10,332
chr15,74192105,74192873,6,768
chr15,74228657,74229024,9,367
chr15,74245632,74245826,13,194
chr15,74270725,74271766,5,1041
chr15,74317285,74317434,5,149
chr15,74323613,74323950,10,337
chr15,74332736,74332801,7,65
chr15,74365702,74366809,49,1107
chr15,74373937,74375727,30,1790
chr15,74379203,74379620,5,417
chr15,74387371,74387486,5,115
chr15,74409464,74410037,14,573
chr15,74417371,74420317,15,2946
chr15,74433125,74433970,77,845
chr15,74461028,74461478,21,450
chr15,74495928,74495992,5,64
chr15,74540926,74541314,23,388
chr15,74555774,74556081,8,307
chr15,74598463,74599483,27,1020
chr15,74614885,74616466,98,1581
chr15,74620067,74620196,12,129
chr15,74645990,74646165,6,175
chr15,74686249,74686319,5,70
chr15,74696010,74696055,6,45
chr15,74726021,74727035,39,1014
chr15,74777249,74777381,5,132
chr15,74780650,74783698,77,3048
chr15,74788774,74790514,11,1740
chr15,74816084,74816373,7,289
chr15,74826681,74828098,22,1417
chr15,74829911,74830345,5,434
chr15,74838483,74838733,5,250
chr15,74842552,74843478,57,926
chr15,74854307,74855438,11,1131
chr15,74872864,74873446,29,582
chr15,74877688,74878266,7,578
chr15,74889890,74890630,32,740
chr15,74895068,74895314,6,246
chr15,74906408,74906976,40,568
chr15,74920901,74921235,6,334
chr15,74935753,74935885,6,132
chr15,74937329,74938055,41,726
chr15,74955890,74959301,111,3411
chr15,74962124,74963340,6,1216
chr15,74981568,74981895,7,327
chr15,74995431,74996272,11,841
chr15,75005849,75006090,6,241
chr15,75022720,75023982,11,1262
chr15,75043851,75044113,11,262
chr15,75115982,75116262,13,280
chr15,75154346,75156197,6,1851
chr15,75178214,75178800,21,586
chr15,75184061,75184241,5,180
chr15,75201319,75203280,74,1961
chr15,75207192,75209810,22,2618
chr15,75229280,75229390,7,110
chr15,75322677,75322834,6,157
chr15,75335922,75336358,22,436
chr15,75346998,75349536,51,2538
chr15,75368147,75369191,39,1044
chr15,75375685,75375855,5,170
chr15,75427351,75427863,5,512
chr15,75451104,75456097,167,4993
chr15,75480626,75480701,14,75
chr15,75564520,75564841,6,321
chr15,75567630,75567868,5,238
chr15,75578391,75579308,71,917
chr15,75583396,75583906,6,510
chr15,75619590,75619841,6,251
chr15,75625055,75626078,41,1023
chr15,75631213,75631318,6,105
chr15,75632859,75633122,7,263
chr15,75638919,75638983,6,64
chr15,75640418,75640638,6,220
chr15,75647051,75648885,88,1834
chr15,75682700,75682896,9,196
chr15,75692174,75692279,5,105
chr15,75712567,75713802,10,1235
chr15,75725131,75725243,6,112
chr15,75732111,75733091,6,980
chr15,75738193,75738947,40,754
chr15,75758442,75758715,12,273
chr15,75842852,75844427,54,1575
chr15,75903854,75905228,31,1374
chr15,76058980,76060148,45,1168
chr15,76116237,76116992,5,755
chr15,76165903,76165938,5,35
chr15,76177914,76178697,6,783
chr15,76184682,76184730,6,48
chr15,76191924,76192453,24,529
chr15,76262672,76263783,8,1111
chr15,76311254,76312031,34,777
chr15,76334837,76338621,65,3784
chr15,76339806,76343381,138,3575
chr15,76345840,76347712,99,1872
chr15,76457093,76457155,5,62
chr15,76904955,76905539,33,584
chr15,76923975,76924249,6,274
chr15,76931614,76932108,28,494
chr15,76996474,76996622,7,148
chr15,77028036,77028581,20,545
chr15,77065270,77066496,7,1226
chr15,77069807,77070850,45,1043
chr15,77083881,77084013,11,132
chr15,77232935,77233159,6,224
chr15,77419223,77420793,39,1570
chr15,77505969,77506697,6,728
chr15,77527447,77528025,8,578
chr15,77543226,77543559,8,333
chr15,77559163,77559363,5,200
chr15,77569300,77569788,7,488
chr15,77587728,77588173,7,445
chr15,77604550,77604592,6,42
chr15,77614121,77614735,17,614
chr15,77622234,77623822,8,1588
chr15,77631455,77634883,93,3428
chr15,77657792,77658005,9,213
chr15,77694921,77696722,22,1801
chr15,77720327,77720429,9,102
chr15,77722891,77724078,9,1187
chr15,77781191,77781858,5,667
chr15,77795704,77796610,5,906
chr15,77798267,77798825,6,558
chr15,77806071,77806171,6,100
chr15,77816220,77817108,5,888
chr15,77818521,77820377,155,1856
chr15,77894242,77894489,10,247
chr15,77897599,77897722,7,123
chr15,77943162,77944672,18,1510
chr15,77979962,77980029,5,67
chr15,78028395,78028427,5,32
chr15,78077574,78078219,22,645
chr15,78107095,78107718,6,623
chr15,78111166,78111336,5,170
chr15,78130859,78131899,50,1040
chr15,78148957,78149954,38,997
chr15,78162330,78162706,10,376
chr15,78177224,78177600,5,376
chr15,78180735,78180878,8,143
chr15,78182486,78183491,6,1005
chr15,78217755,78217861,6,106
chr15,78264126,78265028,57,902
chr15,78339879,78342662,42,2783
chr15,78389356,78389652,5,296
chr15,78437633,78438313,14,680
chr15,78507366,78508582,48,1216
chr15,78539841,78540934,28,1093
chr15,78565439,78565911,15,472
chr15,78618737,78621475,78,2738
chr15,78640646,78641217,21,571
chr15,78661371,78661635,12,264
chr15,78740661,78741138,6,477
chr15,78768859,78769104,7,245
chr15,78800283,78800590,28,307
chr15,78810374,78812181,83,1807
chr15,78830643,78831218,25,575
chr15,78850011,78850337,5,326
chr15,78860211,78860711,10,500
chr15,78867108,78867320,5,212
chr15,78872674,78874518,38,1844
chr15,78875671,78875710,5,39
chr15,78932087,78932351,5,264
chr15,78935978,78936955,8,977
chr15,78944815,78945215,10,400
chr15,78988679,78989062,5,383
chr15,78998120,78998213,6,93
chr15,79008863,79009817,5,954
chr15,79089571,79091750,62,2179
chr15,79282831,79283874,25,1043
chr15,79310891,79311649,40,758
chr15,79431800,79432982,77,1182
chr15,79559320,79560541,9,1221
chr15,79758553,79758618,5,65
chr15,79838711,79838773,7,62
chr15,79860245,79860820,5,575
chr15,79892702,79893326,7,624
chr15,79896435,79897321,35,886
chr15,79918326,79920158,10,1832
chr15,79923228,79924034,29,806
chr15,79951357,79951383,5,26
chr15,79959640,79960166,12,526
chr15,80059490,80060930,68,1440
chr15,80152938,80153559,25,621
chr15,80185949,80186081,6,132
chr15,80251673,80252540,59,867
chr15,80403758,80405078,101,1320
chr15,80415600,80415641,5,41
chr15,80450938,80450992,6,54
chr15,80456024,80456197,5,173
chr15,80556140,80556208,5,68
chr15,80580490,80581079,8,589
chr15,80591683,80591730,5,47
chr15,80642410,80643511,6,1101
chr15,80694398,80696096,96,1698
chr15,80779003,80780878,97,1875
chr15,80864465,80865342,7,877
chr15,80879616,80879763,6,147
chr15,80922117,80922210,5,93
chr15,80925661,80925729,6,68
chr15,80989553,80990008,27,455
chr15,80999499,81002091,111,2592
chr15,81118475,81118682,23,207
chr15,81134256,81134352,12,96
chr15,81160165,81160341,5,176
chr15,81271061,81271397,7,336
chr15,81282620,81282749,9,129
chr15,81323948,81325517,45,1569
chr15,81332672,81332930,7,258
chr15,81414757,81415752,6,995
chr15,81606709,81606744,5,35
chr15,81750259,81750493,8,234
chr15,81804885,81804990,5,105
chr15,81868823,81869022,5,199
chr15,81935541,81936111,6,570
chr15,81945790,81945891,6,101
chr15,82018607,82018762,5,155
chr15,82043213,82048116,151,4903
chr15,82117647,82117961,6,314
chr15,82262019,82263134,48,1115
chr15,82298504,82298811,23,307
chr15,82472842,82472977,6,135
chr15,82539603,82540928,53,1325
chr15,82571819,82571985,8,166
chr15,82592711,82592792,6,81
chr15,82613809,82613975,5,166
chr15,82632074,82632138,5,64
chr15,82646439,82648807,78,2368
chr15,82669925,82670195,6,270
chr15,82680106,82681067,32,961
chr15,82699776,82699966,7,190
chr15,82709321,82710315,40,994
chr15,82745674,82745709,5,35
chr15,82750271,82750554,18,283
chr15,82809805,82810508,90,703
chr15,82855295,82855562,6,267
chr15,82937985,82938230,5,245
chr15,82952280,82953922,73,1642
chr15,82962226,82962690,7,464
chr15,82985930,82986324,9,394
chr15,83011275,83011718,23,443
chr15,83066155,83068086,44,1931
chr15,83106413,83108354,77,1941
chr15,83109693,83110007,9,314
chr15,83206778,83208145,105,1367
chr15,83263986,83264327,6,341
chr15,83283316,83284997,107,1681
chr15,83359176,83361107,14,1931
chr15,83365651,83365938,13,287
chr15,83369215,83369374,5,159
chr15,83407834,83408040,6,206
chr15,83410715,83410970,5,255
chr15,83447103,83448157,33,1054
chr15,83653575,83655190,105,1615
chr15,83770791,83770923,5,132
chr15,83860783,83860880,5,97
chr15,84042511,84042608,5,97
chr15,84079842,84080916,8,1074
chr15,84153432,84153718,7,286
chr15,84570078,84571129,34,1051
chr15,84588031,84589028,8,997
chr15,84599582,84602242,41,2660
chr15,84621014,84621504,6,490
chr15,84629980,84631628,15,1648
chr15,84633463,84634244,62,781
chr15,84644671,84644872,9,201
chr15,84646178,84646280,7,102
chr15,84654318,84654809,24,491
chr15,84657168,84658598,27,1430
chr15,84701991,84702385,8,394
chr15,84715644,84717135,30,1491
chr15,84724027,84724670,14,643
chr15,84747659,84748996,53,1337
chr15,84767272,84767321,5,49
chr15,84777754,84777860,9,106
chr15,84783244,84783492,6,248
chr15,84817077,84817424,21,347
chr15,84979176,84982618,145,3442
chr15,84987564,84987632,5,68
chr15,85259001,85259082,5,81
chr15,85321828,85321995,5,167
chr15,85331216,85331735,7,519
chr15,85380710,85381691,55,981
chr15,85566927,85568538,6,1611
chr15,85569555,85569904,6,349
chr15,85655467,85655783,6,316
chr15,85748846,85749041,5,195
chr15,85761114,85761323,10,209
chr15,85769563,85769697,5,134
chr15,85774356,85774569,5,213
chr15,85793383,85794927,51,1544
chr15,85801258,85801463,5,205
chr15,85840416,85840784,18,368
chr15,85853935,85854197,11,262
chr15,85858880,85858912,6,32
chr15,86060434,86061541,5,1107
chr15,86079866,86080016,7,150
chr15,86232037,86232649,10,612
chr15,86370373,86370485,5,112
chr15,86724160,86724362,6,202
chr15,87221565,87221735,6,170
chr15,87662738,87663322,5,584
chr15,87753542,87753892,8,350
chr15,87759232,87759311,5,79
chr15,87843778,87843982,5,204
chr15,87952534,87952809,13,275
chr15,88205686,88206751,17,1065
chr15,88214987,88215301,6,314
chr15,88255745,88258273,82,2528
chr15,88395754,88396005,8,251
chr15,88467458,88467857,13,399
chr15,88531281,88531356,5,75
chr15,88538631,88538851,8,220
chr15,88546164,88546765,21,601
chr15,88595013,88595331,6,318
chr15,88604110,88605310,52,1200
chr15,88614602,88615330,5,728
chr15,88621158,88621708,23,550
chr15,88631766,88631835,5,69
chr15,88638789,88639799,21,1010
chr15,88645393,88645442,5,49
chr15,88692894,88693029,6,135
chr15,88705162,88705684,38,522
chr15,88769575,88770081,20,506
chr15,88802788,88803939,51,1151
chr15,88824294,88824782,5,488
chr15,88848930,88849795,8,865
chr15,88887154,88887319,9,165
chr15,88894897,88895502,34,605
chr15,88912570,88913566,24,996
chr15,88951657,88952098,6,441
chr15,88987173,88987346,7,173
chr15,89017879,89018051,9,172
chr15,89031660,89032066,24,406
chr15,89056427,89057114,6,687
chr15,89087655,89089171,38,1516
chr15,89193845,89194400,5,555
chr15,89201640,89201787,8,147
chr15,89244334,89244459,9,125
chr15,89333239,89336015,65,2776
chr15,89358170,89362941,92,4771
chr15,89365340,89365865,12,525
chr15,89367696,89371641,90,3945
chr15,89377521,89379621,125,2100
chr15,89387624,89387863,5,239
chr15,89399362,89400764,76,1402
chr15,89406270,89411770,114,5500
chr15,89416021,89417413,32,1392
chr15,89430854,89430894,5,40
chr15,89443054,89443123,5,69
chr15,89449082,89449512,8,430
chr15,89477285,89478026,7,741
chr15,89486708,89487122,24,414
chr15,89496153,89496591,15,438
chr15,89498165,89498181,5,16
chr15,89574712,89575973,12,1261
chr15,89646972,89649764,30,2792
chr15,89654210,89655786,54,1576
chr15,89665557,89666072,51,515
chr15,89669468,89670181,8,713
chr15,89673376,89673610,7,234
chr15,89675000,89675196,9,196
chr15,89690056,89691039,28,983
chr15,89740345,89741323,9,978
chr15,89747800,89747910,7,110
chr15,89750241,89751531,27,1290
chr15,89775881,89778157,64,2276
chr15,89785449,89785657,5,208
chr15,89789983,89791058,10,1075
chr15,89801552,89801697,9,145
chr15,89804194,89804842,10,648
chr15,89814196,89815324,59,1128
chr15,89846519,89846619,7,100
chr15,89882385,89882605,5,220
chr15,89893803,89894847,47,1044
chr15,89912588,89913217,34,629
chr15,89955916,89955987,5,71
chr15,89999758,90003197,96,3439
chr15,90012161,90012600,5,439
chr15,90031338,90031595,5,257
chr15,90034738,90035547,8,809
chr15,90042401,90042569,5,168
chr15,90047502,90047738,6,236
chr15,90073299,90074172,7,873
chr15,90101961,90102905,60,944
chr15,90136472,90136633,6,161
chr15,90142564,90145622,23,3058
chr15,90174134,90174711,7,577
chr15,90183713,90185366,43,1653
chr15,90201082,90202520,36,1438
chr15,90211296,90212268,5,972
chr15,90224866,90225631,5,765
chr15,90232884,90234657,42,1773
chr15,90241406,90241836,5,430
chr15,90247678,90247821,6,143
chr15,90249303,90249696,17,393
chr15,90256088,90257462,9,1374
chr15,90265668,90265954,15,286
chr15,90294394,90295270,8,876
chr15,90322317,90323489,5,1172
chr15,90349004,90349665,17,661
chr15,90352049,90353060,28,1011
chr15,90360796,90361025,7,229
chr15,90383967,90385416,10,1449
chr15,90387073,90388846,57,1773
chr15,90420973,90421091,6,118
chr15,90528829,90530951,103,2122
chr15,90533033,90533337,11,304
chr15,90627910,90628955,6,1045
chr15,90642540,90643446,7,906
chr15,90654260,90654400,5,140
chr15,90660901,90661063,5,162
chr15,90665015,90665965,33,950
chr15,90699295,90699497,5,202
chr15,90716870,90717672,11,802
chr15,90827341,90828305,9,964
chr15,90833584,90833748,5,164
chr15,90846404,90846576,5,172
chr15,90870249,90872209,80,1960
chr15,90876144,90876198,7,54
chr15,90881280,90881402,7,122
chr15,90884256,90884542,24,286
chr15,90901474,90903373,66,1899
chr15,90929494,90930565,32,1071
chr15,90932406,90932688,21,282
chr15,90934374,90936323,50,1949
chr15,90942920,90943813,7,893
chr15,90954906,90955359,32,453
chr15,90956537,90957389,32,852
chr15,90974151,90975168,10,1017
chr15,90993694,90994687,28,993
chr15,91022229,91022605,17,376
chr15,91099688,91100512,33,824
chr15,91278603,91278648,5,45
chr15,91827438,91827886,5,448
chr15,91853017,91855496,96,2479
chr15,91962602,91963197,6,595
chr15,92062050,92062504,6,454
chr15,92160636,92161734,8,1098
chr15,92263848,92263906,5,58
chr15,92392521,92397001,99,4480
chr15,92401070,92401423,6,353
chr15,92416324,92416468,6,144
chr15,92541345,92541663,5,318
chr15,92572572,92573499,8,927
chr15,92614995,92615495,6,500
chr15,92624807,92624947,8,140
chr15,92627026,92627169,5,143
chr15,92655196,92656397,29,1201
chr15,92710358,92711371,11,1013
chr15,92714304,92714980,36,676
chr15,92772836,92773176,11,340
chr15,92807583,92810269,58,2686
chr15,92818803,92819775,8,972
chr15,92821027,92821338,6,311
chr15,92853357,92853477,5,120
chr15,92857989,92858192,8,203
chr15,92881508,92883618,68,2110
chr15,92904480,92904624,10,144
chr15,93026508,93027695,5,1187
chr15,93032680,93032767,6,87
chr15,93045270,93045339,5,69
chr15,93048262,93051152,10,2890
chr15,93054947,93055567,11,620
chr15,93058445,93059013,9,568
chr15,93064280,93064668,6,388
chr15,93066076,93066595,15,519
chr15,93071927,93073851,67,1924
chr15,93088295,93089517,87,1222
chr15,93109774,93109988,12,214
chr15,93165411,93165916,6,505
chr15,93240985,93242026,9,1041
chr15,93280378,93280792,20,414
chr15,93332673,93333336,9,663
chr15,93353470,93354382,5,912
chr15,93378017,93378598,9,581
chr15,93432553,93432721,15,168
chr15,93803635,93804539,13,904
chr15,93899057,93900616,11,1559
chr15,93921436,93921607,7,171
chr15,94070476,94070685,9,209
chr15,94230596,94232102,43,1506
chr15,94584915,94585018,5,103
chr15,94844917,94845793,54,876
chr15,95196007,95196264,8,257
chr15,95334190,95334585,5,395
chr15,95494258,95495401,6,1143
chr15,95519544,95520037,5,493
chr15,95626974,95627104,5,130
chr15,95825984,95826535,5,551
chr15,96053032,96054478,21,1446
chr15,96158423,96159097,7,674
chr15,96186820,96188071,7,1251
chr15,96320967,96323585,85,2618
chr15,96326878,96327029,12,151
chr15,96330051,96334483,187,4432
chr15,96340850,96343686,61,2836
chr15,96345706,96346120,33,414
chr15,96352042,96352155,10,113
chr15,96353451,96354789,36,1338
chr15,96356691,96357327,34,636
chr15,96358976,96361883,40,2907
chr15,96365766,96368450,31,2684
chr15,96369587,96370526,6,939
chr15,96408140,96410588,56,2448
chr15,96416161,96417518,58,1357
chr15,96442136,96442498,15,362
chr15,96870310,96870677,6,367
chr15,96947768,96948198,24,430
chr15,96964348,96965140,8,792
chr15,96966183,96966328,5,145
chr15,97085659,97086153,5,494
chr15,97224232,97224673,28,441
chr15,97652536,97652961,14,425
chr15,97875707,97876841,23,1134
chr15,97902053,97902468,5,415
chr15,97904300,97904367,12,67
chr15,97960380,97961511,49,1131
chr15,98102831,98103065,5,234
chr15,98104547,98104575,5,28
chr15,98288320,98288428,7,108
chr15,98292983,98293277,21,294
chr15,98391064,98391275,5,211
chr15,98393581,98394615,8,1034
chr15,98421618,98422383,33,765
chr15,98428506,98428818,21,312
chr15,98436400,98436850,8,450
chr15,98442975,98444488,8,1513
chr15,98505675,98505877,5,202
chr15,98523553,98523815,5,262
chr15,98541942,98542235,9,293
chr15,98547847,98548716,17,869
chr15,98584996,98585393,5,397
chr15,98618062,98618692,8,630
chr15,98625753,98625838,6,85
chr15,98631337,98631373,5,36
chr15,98635852,98636557,7,705
chr15,98647363,98651406,191,4043
chr15,98662329,98662994,6,665
chr15,98776277,98777143,10,866
chr15,98809500,98809798,6,298
chr15,98851207,98852849,25,1642
chr15,98873946,98874109,7,163
chr15,98891406,98891478,5,72
chr15,99000069,99000100,5,31
chr15,99005618,99006183,6,565
chr15,99007581,99008597,12,1016
chr15,99013505,99016330,67,2825
chr15,99053729,99054265,6,536
chr15,99059131,99059815,47,684
chr15,99100498,99100902,29,404
chr15,99104693,99106164,44,1471
chr15,99123406,99125872,28,2466
chr15,99129713,99131536,17,1823
chr15,99251435,99251754,35,319
chr15,99428141,99428402,5,261
chr15,99430620,99431243,7,623
chr15,99452859,99453005,8,146
chr15,99564180,99567110,107,2930
chr15,99676729,99676977,6,248
chr15,99731854,99733366,47,1512
chr15,99776520,99776692,7,172
chr15,99806346,99807452,6,1106
chr15,99928706,99929539,7,833
chr15,99933173,99933452,7,279
chr15,99975044,99977030,11,1986
chr15,99982846,99984206,12,1360
chr15,99997479,99999076,20,1597
chr15,100021866,100022965,7,1099
chr15,100090932,100091087,5,155
chr15,100123450,100124446,5,996
chr15,100132037,100132111,7,74
chr15,100169575,100169977,14,402
chr15,100175348,100176428,5,1080
chr15,100193232,100193377,5,145
chr15,100221896,100222441,6,545
chr15,100323947,100324536,5,589
chr15,100340880,100342322,102,1442
chr15,100349879,100350288,17,409
chr15,100373336,100373963,70,627
chr15,100544635,100544906,24,271
chr15,100554117,100554347,5,230
chr15,100558655,100559093,20,438
chr15,100602442,100602957,14,515
chr15,100714656,100714850,5,194
chr15,100727362,100727724,12,362
chr15,100766316,100766441,7,125
chr15,100789912,100790213,6,301
chr15,100844754,100844830,6,76
chr15,100848889,100849952,27,1063
chr15,100878275,100880920,153,2645
chr15,100888328,100889560,6,1232
chr15,100895825,100896025,6,200
chr15,100917657,100920138,62,2481
chr15,100942102,100943006,10,904
chr15,100973150,100973989,75,839
chr15,101007453,101009282,33,1829
chr15,101049460,101050204,9,744
chr15,101051775,101051869,5,94
chr15,101053007,101053243,9,236
chr15,101062914,101064539,11,1625
chr15,101086105,101086724,15,619
chr15,101088726,101090014,18,1288
chr15,101100048,101101181,20,1133
chr15,101106540,101106612,7,72
chr15,101109214,101109609,5,395
chr15,101111060,101111203,6,143
chr15,101121629,101122414,10,785
chr15,101135225,101135857,7,632
chr15,101152242,101153150,6,908
chr15,101154409,101155455,8,1046
chr15,101175555,101175655,6,100
chr15,101189186,101189479,6,293
chr15,101235141,101235212,5,71
chr15,101236756,101237178,7,422
chr15,101250993,101252709,140,1716
chr15,101267064,101267532,7,468
chr15,101276409,101277644,26,1235
chr15,101293955,101295867,41,1912
chr15,101322682,101322731,5,49
chr15,101429500,101429937,7,437
chr15,101450777,101452811,12,2034
chr15,101455356,101456767,10,1411
chr15,101463526,101464572,5,1046
chr15,101482019,101483189,9,1170
chr15,101488408,101490231,134,1823
chr15,101496077,101496612,11,535
chr15,101501828,101502136,14,308
chr15,101530916,101531428,12,512
chr15,101533069,101533653,5,584
chr15,101534872,101537163,20,2291
chr15,101611483,101612579,6,1096
chr15,101651736,101653454,66,1718
chr15,101674662,101674721,5,59
chr15,101723913,101724210,26,297
chr15,101980239,101980549,15,310
chr16,10299,10438,8,139
chr16,48038,48980,10,942
chr16,52319,55085,76,2766
chr16,56902,57977,5,1075
chr16,60389,64459,68,4070
chr16,65823,65888,8,65
chr16,71579,72654,31,1075
chr16,76849,80592,79,3743
chr16,85481,85940,14,459
chr16,88070,88471,8,401
chr16,89782,89862,6,80
chr16,98687,99868,6,1181
chr16,131403,131473,5,70
chr16,137857,139342,36,1485
chr16,144475,144641,5,166
chr16,154128,155896,13,1768
chr16,160723,161057,5,334
chr16,164673,166562,80,1889
chr16,175977,176671,14,694
chr16,178318,179145,5,827
chr16,180173,182535,97,2362
chr16,189034,190124,21,1090
chr16,193794,194180,11,386
chr16,215726,216162,7,436
chr16,228864,230520,44,1656
chr16,234397,236011,59,1614
chr16,238690,239156,7,466
chr16,253222,255045,13,1823
chr16,257170,258149,11,979
chr16,262372,263487,26,1115
chr16,264663,266100,29,1437
chr16,268659,268874,13,215
chr16,270173,270841,9,668
chr16,272928,276397,63,3469
chr16,280156,283849,71,3693
chr16,290155,292220,14,2065
chr16,298031,298127,7,96
chr16,299477,300798,14,1321
chr16,302570,302621,5,51
chr16,304431,304595,5,164
chr16,305940,306965,6,1025
chr16,319059,319847,10,788
chr16,324119,324900,22,781
chr16,326906,327617,6,711
chr16,329570,330153,7,583
chr16,339952,340198,6,246
chr16,341346,342339,15,993
chr16,351466,353412,103,1946
chr16,360013,361302,20,1289
chr16,362466,364345,22,1879
chr16,365451,365550,6,99
chr16,366814,368753,10,1939
chr16,369772,371049,19,1277
chr16,373972,374127,7,155
chr16,375829,377710,33,1881
chr16,380527,382445,55,1918
chr16,383504,385404,21,1900
chr16,397063,397549,54,486
chr16,400562,402841,76,2279
chr16,404428,405071,10,643
chr16,408359,409264,5,905
chr16,410268,410708,15,440
chr16,411822,412947,5,1125
chr16,421378,426540,115,5162
chr16,454974,455398,10,424
chr16,459238,459529,7,291
chr16,471358,471458,5,100
chr16,485018,485160,5,142
chr16,492283,492629,12,346
chr16,493827,494835,10,1008
chr16,497442,497589,6,147
chr16,505593,505743,6,150
chr16,508258,509191,8,933
chr16,514589,516043,35,1454
chr16,520236,522944,16,2708
chr16,524701,525091,6,390
chr16,526756,529442,119,2686
chr16,533676,535632,15,1956
chr16,536923,537069,10,146
chr16,539874,540367,8,493
chr16,544387,545794,18,1407
chr16,546832,547746,11,914
chr16,550323,551435,39,1112
chr16,553965,561384,179,7419
chr16,563739,564793,11,1054
chr16,566179,567782,14,1603
chr16,569677,570548,59,871
chr16,574100,576326,17,2226
chr16,579042,579118,5,76
chr16,581757,582271,9,514
chr16,584061,584322,14,261
chr16,588327,590924,162,2597
chr16,593865,595650,13,1785
chr16,601494,601764,10,270
chr16,606688,606861,6,173
chr16,610512,611296,9,784
chr16,615940,616210,5,270
chr16,621171,621387,6,216
chr16,622971,623465,12,494
chr16,625080,625712,19,632
chr16,627764,627988,10,224
chr16,629390,631441,47,2051
chr16,632457,633469,10,1012
chr16,635985,637145,63,1160
chr16,641726,642952,79,1226
chr16,645149,650622,70,5473
chr16,651703,652022,14,319
chr16,655158,656440,17,1282
chr16,657719,659248,7,1529
chr16,660607,661850,20,1243
chr16,662983,663159,7,176
chr16,666095,666738,6,643
chr16,667992,669019,49,1027
chr16,672521,673759,14,1238
chr16,675397,675746,24,349
chr16,677033,678593,28,1560
chr16,679688,681844,79,2156
chr16,682963,684373,87,1410
chr16,685533,685642,8,109
chr16,687640,687907,9,267
chr16,689930,690577,39,647
chr16,693476,698164,106,4688
chr16,699385,702701,83,3316
chr16,704916,707239,105,2323
chr16,708875,710472,13,1597
chr16,711721,713448,12,1727
chr16,714749,717292,87,2543
chr16,720382,721997,106,1615
chr16,723003,729263,162,6260
chr16,730455,730555,7,100
chr16,732729,733800,14,1071
chr16,737647,737981,10,334
chr16,740134,741346,69,1212
chr16,743242,744222,14,980
chr16,745825,745973,7,148
chr16,748012,751071,26,3059
chr16,752736,755155,20,2419
chr16,759516,762451,13,2935
chr16,764682,764835,6,153
chr16,768364,768451,6,87
chr16,772684,773502,9,818
chr16,777836,778723,7,887
chr16,781318,782991,21,1673
chr16,784125,785959,16,1834
chr16,786991,789686,119,2695
chr16,791263,793918,21,2655
chr16,795641,796337,9,696
chr16,800072,801761,49,1689
chr16,803092,803740,12,648
chr16,807425,810835,77,3410
chr16,813367,814400,41,1033
chr16,816083,818166,39,2083
chr16,821425,822137,12,712
chr16,824062,826530,37,2468
chr16,827559,833720,55,6161
chr16,843989,847318,50,3329
chr16,848973,849582,22,609
chr16,852622,853124,20,502
chr16,854761,857120,22,2359
chr16,874258,876435,32,2177
chr16,877658,877762,8,104
chr16,880124,880196,5,72
chr16,889035,890417,12,1382
chr16,894030,894961,23,931
chr16,896340,896667,15,327
chr16,898421,899337,11,916
chr16,909802,910590,14,788
chr16,913216,913284,6,68
chr16,916582,917675,10,1093
chr16,918787,918840,11,53
chr16,926559,927475,12,916
chr16,958982,959717,10,735
chr16,967328,968020,17,692
chr16,970046,971223,50,1177
chr16,972363,974635,42,2272
chr16,979190,989218,207,10028
chr16,990688,991952,31,1264
chr16,997414,997994,8,580
chr16,1006933,1007075,6,142
chr16,1010222,1015213,46,4991
chr16,1017047,1019803,28,2756
chr16,1021298,1026103,62,4805
chr16,1028238,1032220,70,3982
chr16,1036202,1036590,5,388
chr16,1038610,1040155,24,1545
chr16,1044107,1046744,48,2637
chr16,1048533,1051072,44,2539
chr16,1054767,1055354,10,587
chr16,1057479,1058738,30,1259
chr16,1060646,1063166,37,2520
chr16,1064790,1065898,18,1108
chr16,1068846,1069025,6,179
chr16,1070029,1070657,21,628
chr16,1071973,1075262,32,3289
chr16,1077240,1078731,16,1491
chr16,1080292,1080449,7,157
chr16,1081567,1083584,38,2017
chr16,1089201,1091967,39,2766
chr16,1093516,1096480,36,2964
chr16,1099258,1104174,83,4916
chr16,1106867,1107108,12,241
chr16,1108472,1109755,18,1283
chr16,1112736,1114883,14,2147
chr16,1115983,1119371,31,3388
chr16,1120469,1121797,25,1328
chr16,1123266,1133555,79,10289
chr16,1135335,1135424,8,89
chr16,1145155,1146220,30,1065
chr16,1148163,1161976,316,13813
chr16,1163381,1168400,44,5019
chr16,1170063,1170382,11,319
chr16,1171418,1173682,18,2264
chr16,1176639,1178248,28,1609
chr16,1179474,1185650,59,6176
chr16,1186902,1187200,8,298
chr16,1192732,1195784,21,3052
chr16,1201988,1202655,7,667
chr16,1203714,1205300,33,1586
chr16,1207052,1208409,13,1357
chr16,1210089,1212786,65,2697
chr16,1215775,1216168,8,393
chr16,1217494,1218451,7,957
chr16,1221114,1221364,12,250
chr16,1223842,1225540,15,1698
chr16,1233685,1234001,7,316
chr16,1245125,1247446,27,2321
chr16,1251564,1253610,15,2046
chr16,1256887,1258443,34,1556
chr16,1259630,1263522,78,3892
chr16,1265856,1266398,10,542
chr16,1268421,1268905,5,484
chr16,1276202,1276882,16,680
chr16,1277962,1279744,13,1782
chr16,1281571,1281616,5,45
chr16,1282686,1283608,19,922
chr16,1285424,1289003,34,3579
chr16,1291679,1292136,9,457
chr16,1298616,1301862,43,3246
chr16,1303825,1304745,7,920
chr16,1308746,1312264,120,3518
chr16,1317705,1318939,10,1234
chr16,1319942,1320075,5,133
chr16,1322552,1323103,7,551
chr16,1325634,1330579,23,4945
chr16,1331747,1334619,101,2872
chr16,1336545,1336964,12,419
chr16,1341583,1343583,18,2000
chr16,1349344,1350165,8,821
chr16,1351563,1352392,57,829
chr16,1355956,1356252,10,296
chr16,1363937,1365036,9,1099
chr16,1367690,1371437,19,3747
chr16,1374508,1375551,11,1043
chr16,1378682,1381544,31,2862
chr16,1387745,1389243,16,1498
chr16,1394050,1395127,16,1077
chr16,1398924,1400247,10,1323
chr16,1405433,1408643,54,3210
chr16,1413811,1415826,85,2015
chr16,1420554,1421162,34,608
chr16,1425754,1429500,36,3746
chr16,1430561,1431063,24,502
chr16,1432578,1435067,65,2489
chr16,1437076,1443378,49,6302
chr16,1444822,1448349,21,3527
chr16,1453302,1453483,5,181
chr16,1457329,1457874,7,545
chr16,1460762,1461525,18,763
chr16,1464495,1465535,36,1040
chr16,1466850,1467059,6,209
chr16,1474380,1476873,74,2493
chr16,1483616,1483731,5,115
chr16,1486077,1486391,12,314
chr16,1487705,1488477,19,772
chr16,1492164,1496778,118,4614
chr16,1498203,1504156,58,5953
chr16,1507624,1507908,13,284
chr16,1509397,1510790,22,1393
chr16,1512313,1512890,7,577
chr16,1520064,1520448,14,384
chr16,1524544,1524984,6,440
chr16,1528795,1528983,9,188
chr16,1531224,1532308,10,1084
chr16,1533414,1534515,31,1101
chr16,1535883,1536074,6,191
chr16,1537289,1537436,9,147
chr16,1541491,1541590,6,99
chr16,1543117,1543391,9,274
chr16,1609896,1616045,236,6149
chr16,1622743,1623057,6,314
chr16,1639991,1641694,16,1703
chr16,1647596,1647938,6,342
chr16,1652551,1652658,6,107
chr16,1653713,1655093,14,1380
chr16,1660489,1661052,9,563
chr16,1662692,1662791,10,99
chr16,1668072,1668183,6,111
chr16,1677052,1678754,37,1702
chr16,1679806,1680327,19,521
chr16,1686321,1688114,8,1793
chr16,1698931,1699018,5,87
chr16,1705541,1707016,66,1475
chr16,1709543,1709715,6,172
chr16,1710996,1711041,6,45
chr16,1712809,1713088,10,279
chr16,1721735,1724301,17,2566
chr16,1730477,1732904,10,2427
chr16,1744547,1747382,24,2835
chr16,1750401,1750713,5,312
chr16,1754628,1755536,7,908
chr16,1760434,1762142,10,1708
chr16,1763413,1765985,16,2572
chr16,1769454,1774218,123,4764
chr16,1777385,1778210,5,825
chr16,1781410,1783341,78,1931
chr16,1785225,1786917,13,1692
chr16,1788648,1789659,12,1011
chr16,1791438,1792524,43,1086
chr16,1793875,1795095,13,1220
chr16,1807731,1809679,25,1948
chr16,1816128,1817400,12,1272
chr16,1818542,1819279,21,737
chr16,1822015,1822361,10,346
chr16,1823428,1823951,5,523
chr16,1825476,1828153,100,2677
chr16,1843172,1843279,5,107
chr16,1872037,1872696,28,659
chr16,1884810,1885001,6,191
chr16,1899030,1899320,7,290
chr16,1906166,1907521,11,1355
chr16,1911272,1913374,26,2102
chr16,1917441,1919711,89,2270
chr16,1922194,1922331,6,137
chr16,1929459,1930571,63,1112
chr16,1941298,1941329,5,31
chr16,1942572,1943335,39,763
chr16,1944503,1944861,6,358
chr16,1950603,1951169,5,566
chr16,1953716,1954849,12,1133
chr16,1958469,1960315,71,1846
chr16,1963121,1965327,43,2206
chr16,1968341,1969891,22,1550
chr16,1971291,1972511,68,1220
chr16,1974842,1976060,12,1218
chr16,1978083,1980790,41,2707
chr16,1983501,1984650,51,1149
chr16,1989611,1993200,123,3589
chr16,1998174,2002969,72,4795
chr16,2004052,2004140,5,88
chr16,2008088,2012612,80,4524
chr16,2019810,2020978,89,1168
chr16,2022355,2027831,92,5476
chr16,2033026,2033679,17,653
chr16,2036044,2036482,13,438
chr16,2038117,2039529,8,1412
chr16,2047441,2048182,57,741
chr16,2049682,2050740,9,1058
chr16,2053318,2053373,5,55
chr16,2060974,2062546,13,1572
chr16,2064041,2064522,5,481
chr16,2073241,2074114,15,873
chr16,2075794,2077858,15,2064
chr16,2079419,2080401,18,982
chr16,2085497,2087410,10,1913
chr16,2091385,2092975,25,1590
chr16,2094776,2094856,7,80
chr16,2111212,2111370,18,158
chr16,2112505,2112574,5,69
chr16,2116104,2117469,10,1365
chr16,2118516,2118666,6,150
chr16,2120695,2126196,52,5501
chr16,2132174,2132245,6,71
chr16,2135139,2135253,12,114
chr16,2142777,2143709,9,932
chr16,2144877,2145069,5,192
chr16,2148125,2150993,53,2868
chr16,2153891,2156695,72,2804
chr16,2160502,2161632,11,1130
chr16,2162766,2163748,9,982
chr16,2165843,2166023,5,180
chr16,2169110,2171056,16,1946
chr16,2172089,2173564,13,1475
chr16,2177921,2180821,78,2900
chr16,2182015,2182876,14,861
chr16,2184078,2185024,22,946
chr16,2195139,2196874,85,1735
chr16,2204110,2206821,60,2711
chr16,2208497,2209491,7,994
chr16,2211068,2212164,9,1096
chr16,2214072,2216031,94,1959
chr16,2219995,2220640,6,645
chr16,2222946,2225633,52,2687
chr16,2228507,2228657,6,150
chr16,2231624,2233949,13,2325
chr16,2236199,2238819,56,2620
chr16,2240372,2243185,22,2813
chr16,2248963,2249832,19,869
chr16,2251115,2251967,43,852
chr16,2260316,2260506,6,190
chr16,2267232,2269435,92,2203
chr16,2275455,2276094,7,639
chr16,2278357,2278424,6,67
chr16,2284595,2285432,8,837
chr16,2288026,2288420,12,394
chr16,2293592,2294544,9,952
chr16,2295694,2295856,6,162
chr16,2309306,2310815,14,1509
chr16,2315073,2315178,5,105
chr16,2324784,2327237,11,2453
chr16,2338952,2342144,170,3192
chr16,2428216,2430614,77,2398
chr16,2445546,2445621,5,75
chr16,2459830,2460639,61,809
chr16,2468146,2468535,33,389
chr16,2470957,2471772,54,815
chr16,2472796,2475901,121,3105
chr16,2482535,2484494,13,1959
chr16,2485692,2486011,17,319
chr16,2488994,2489576,11,582
chr16,2507412,2507496,5,84
chr16,2509978,2511101,5,1123
chr16,2513430,2514838,79,1408
chr16,2520174,2521255,44,1081
chr16,2527802,2527949,13,147
chr16,2529650,2530270,6,620
chr16,2531832,2533324,20,1492
chr16,2537079,2537971,37,892
chr16,2539276,2539375,6,99
chr16,2546272,2546427,5,155
chr16,2597793,2597883,8,90
chr16,2603362,2603714,15,352
chr16,2605385,2606284,8,899
chr16,2613368,2613522,6,154
chr16,2660820,2660965,6,145
chr16,2670121,2670219,9,98
chr16,2673618,2673790,10,172
chr16,2681833,2682876,26,1043
chr16,2692621,2693058,8,437
chr16,2701321,2702626,11,1305
chr16,2704936,2705045,7,109
chr16,2706301,2707936,5,1635
chr16,2711933,2712041,5,108
chr16,2714279,2715386,13,1107
chr16,2716706,2717850,11,1144
chr16,2720708,2721951,52,1243
chr16,2746600,2747388,5,788
chr16,2751091,2754396,27,3305
chr16,2756358,2756390,5,32
chr16,2765641,2766262,26,621
chr16,2770626,2770749,7,123
chr16,2776824,2777674,59,850
chr16,2784975,2785738,22,763
chr16,2798432,2798973,14,541
chr16,2817006,2817707,19,701
chr16,2829521,2830358,13,837
chr16,2831592,2831923,7,331
chr16,2839480,2839914,5,434
chr16,2841100,2842797,26,1697
chr16,2852850,2853487,20,637
chr16,2857516,2858953,12,1437
chr16,2868283,2868500,11,217
chr16,2874988,2875042,7,54
chr16,2878611,2878713,5,102
chr16,2881465,2884900,73,3435
chr16,2894329,2894545,8,216
chr16,2896446,2897356,5,910
chr16,2903974,2906655,44,2681
chr16,2908127,2910167,17,2040
chr16,2911877,2913441,28,1564
chr16,2920944,2921724,14,780
chr16,2923435,2925844,26,2409
chr16,2929682,2929774,8,92
chr16,2932788,2935629,24,2841
chr16,2937228,2937294,8,66
chr16,2952003,2952677,7,674
chr16,2953895,2956041,15,2146
chr16,2959344,2960365,8,1021
chr16,2962550,2967964,111,5414
chr16,2969216,2971940,77,2724
chr16,2975262,2975460,5,198
chr16,2979774,2980772,67,998
chr16,2983656,2983776,9,120
chr16,3001034,3001184,5,150
chr16,3003458,3004649,59,1191
chr16,3008983,3010079,12,1096
chr16,3011212,3012082,5,870
chr16,3016670,3021787,75,5117
chr16,3029376,3029536,6,160
chr16,3031078,3031462,11,384
chr16,3036050,3037054,43,1004
chr16,3045446,3047295,92,1849
chr16,3051850,3052301,5,451
chr16,3058226,3059482,35,1256
chr16,3060858,3061624,11,766
chr16,3085654,3088031,16,2377
chr16,3089295,3092567,40,3272
chr16,3096785,3097604,5,819
chr16,3099853,3100016,6,163
chr16,3101912,3101962,7,50
chr16,3104478,3107097,28,2619
chr16,3108476,3108712,10,236
chr16,3112452,3112727,14,275
chr16,3113842,3113938,5,96
chr16,3115843,3116466,8,623
chr16,3119442,3119810,18,368
chr16,3124284,3125348,29,1064
chr16,3129689,3130723,5,1034
chr16,3134276,3135342,61,1066
chr16,3138385,3139083,13,698
chr16,3141239,3141443,11,204
chr16,3142502,3142592,6,90
chr16,3149814,3155023,79,5209
chr16,3156839,3161699,86,4860
chr16,3168989,3169182,5,193
chr16,3170283,3172096,51,1813
chr16,3173223,3173676,10,453
chr16,3178972,3184142,107,5170
chr16,3186725,3190096,51,3371
chr16,3191504,3193221,49,1717
chr16,3195137,3195606,16,469
chr16,3234657,3235281,41,624
chr16,3254158,3254570,15,412
chr16,3263613,3264788,49,1175
chr16,3268899,3268967,6,68
chr16,3271408,3271449,5,41
chr16,3282859,3284267,57,1408
chr16,3294026,3294116,6,90
chr16,3295178,3295265,10,87
chr16,3305113,3306604,39,1491
chr16,3333428,3333492,5,64
chr16,3364882,3365320,13,438
chr16,3400728,3402551,67,1823
chr16,3413823,3414463,10,640
chr16,3443513,3443808,11,295
chr16,3457492,3458167,38,675
chr16,3465191,3466341,13,1150
chr16,3481211,3481589,5,378
chr16,3488481,3488633,5,152
chr16,3496065,3496173,7,108
chr16,3500066,3502316,59,2250
chr16,3548619,3548784,6,165
chr16,3564134,3564560,15,426
chr16,3577153,3577496,5,343
chr16,3579870,3580895,5,1025
chr16,3583923,3585137,6,1214
chr16,3590983,3591498,5,515
chr16,3595626,3598671,23,3045
chr16,3611206,3614037,50,2831
chr16,3616370,3617290,8,920
chr16,3628897,3628946,6,49
chr16,3663596,3664366,8,770
chr16,3667549,3667827,5,278
chr16,3671802,3671933,5,131
chr16,3673369,3673540,11,171
chr16,3682958,3684090,14,1132
chr16,3687509,3689337,9,1828
chr16,3696035,3696972,13,937
chr16,3707346,3708623,9,1277
chr16,3716891,3718622,24,1731
chr16,3720234,3721374,13,1140
chr16,3724341,3724981,8,640
chr16,3728590,3729577,24,987
chr16,3851778,3851894,8,116
chr16,3872049,3872590,7,541
chr16,3879628,3881837,78,2209
chr16,3883324,3884433,7,1109
chr16,3920065,3921964,7,1899
chr16,3938887,3939265,15,378
chr16,3954446,3954639,8,193
chr16,3960653,3961638,6,985
chr16,3963577,3965051,13,1474
chr16,3966540,3966589,5,49
chr16,3977695,3978581,11,886
chr16,3986367,3987631,20,1264
chr16,3997676,3999854,10,2178
chr16,4018373,4018504,5,131
chr16,4050637,4052444,10,1807
chr16,4056075,4056340,5,265
chr16,4092026,4092224,8,198
chr16,4113818,4117459,126,3641
chr16,4178343,4178676,7,333
chr16,4182252,4184529,84,2277
chr16,4187537,4188492,8,955
chr16,4208187,4208502,8,315
chr16,4228160,4228422,5,262
chr16,4230141,4230473,5,332
chr16,4239734,4240373,7,639
chr16,4253177,4255002,60,1825
chr16,4257788,4258157,18,369
chr16,4260045,4260803,10,758
chr16,4262905,4264640,16,1735
chr16,4268293,4269441,8,1148
chr16,4271258,4275182,137,3924
chr16,4276311,4276352,5,41
chr16,4292709,4294290,13,1581
chr16,4295338,4296340,8,1002
chr16,4306801,4308015,26,1214
chr16,4313964,4314031,11,67
chr16,4315343,4316898,121,1555
chr16,4318188,4321020,17,2832
chr16,4322530,4323662,13,1132
chr16,4326885,4328579,37,1694
chr16,4330687,4331064,7,377
chr16,4335403,4335816,6,413
chr16,4337566,4337696,6,130
chr16,4339055,4340417,13,1362
chr16,4348650,4349145,14,495
chr16,4350561,4352252,31,1691
chr16,4355291,4355561,8,270
chr16,4371642,4374597,61,2955
chr16,4375875,4377347,11,1472
chr16,4415211,4417033,81,1822
chr16,4418266,4418547,5,281
chr16,4425187,4426288,33,1101
chr16,4432823,4432998,7,175
chr16,4438173,4438241,5,68
chr16,4461568,4461986,5,418
chr16,4466288,4466592,10,304
chr16,4473874,4477634,110,3760
chr16,4480327,4481173,12,846
chr16,4487724,4487938,12,214
chr16,4507821,4507945,6,124
chr16,4537502,4538808,48,1306
chr16,4547935,4549670,10,1735
chr16,4556835,4557130,5,295
chr16,4581064,4581259,5,195
chr16,4593994,4596032,12,2038
chr16,4603987,4605432,8,1445
chr16,4608674,4611435,25,2761
chr16,4613075,4616773,147,3698
chr16,4624351,4625437,68,1086
chr16,4630276,4630604,8,328
chr16,4634406,4634575,7,169
chr16,4647947,4648484,16,537
chr16,4663970,4664128,7,158
chr16,4665179,4665922,8,743
chr16,4667771,4668095,9,324
chr16,4671517,4671998,6,481
chr16,4673492,4673518,5,26
chr16,4674688,4674733,5,45
chr16,4677195,4677468,5,273
chr16,4679830,4682003,26,2173
chr16,4683008,4683137,5,129
chr16,4684487,4684715,11,228
chr16,4686751,4688604,37,1853
chr16,4691031,4691801,8,770
chr16,4692987,4695166,41,2179
chr16,4696275,4697322,11,1047
chr16,4710934,4711642,7,708
chr16,4728941,4730274,6,1333
chr16,4733907,4735163,22,1256
chr16,4740465,4740620,9,155
chr16,4756555,4758523,10,1968
chr16,4764706,4767113,47,2407
chr16,4768125,4768987,36,862
chr16,4773395,4773901,13,506
chr16,4777791,4777906,5,115
chr16,4783653,4784172,7,519
chr16,4785175,4786120,7,945
chr16,4796641,4796851,6,210
chr16,4799419,4799704,8,285
chr16,4801103,4803595,72,2492
chr16,4805428,4805794,5,366
chr16,4822423,4822774,6,351
chr16,4831376,4832010,7,634
chr16,4837335,4837589,7,254
chr16,4845662,4848301,114,2639
chr16,4881622,4882229,9,607
chr16,4884621,4885575,9,954
chr16,4888924,4889548,5,624
chr16,4892355,4893621,16,1266
chr16,4894650,4895817,15,1167
chr16,4898924,4899349,11,425
chr16,4906630,4909519,10,2889
chr16,4918718,4919257,9,539
chr16,4930613,4931569,6,956
chr16,4934211,4934403,5,192
chr16,4935708,4937285,67,1577
chr16,4941229,4942179,5,950
chr16,4944543,4945839,9,1296
chr16,4947605,4947785,6,180
chr16,4949855,4950691,9,836
chr16,4957587,4958308,12,721
chr16,4965585,4966959,6,1374
chr16,4980423,4980749,6,326
chr16,4987636,4988074,13,438
chr16,4996781,4997191,8,410
chr16,4998662,5000136,11,1474
chr16,5010740,5011291,9,551
chr16,5019129,5020172,7,1043
chr16,5027354,5029234,12,1880
chr16,5032627,5033922,42,1295
chr16,5039359,5040619,6,1260
chr16,5060246,5061210,6,964
chr16,5071749,5072233,22,484
chr16,5098246,5098326,10,80
chr16,5105638,5105735,5,97
chr16,5148327,5148843,7,516
chr16,5186438,5186630,7,192
chr16,5207167,5207363,14,196
chr16,5213709,5213767,5,58
chr16,5239606,5240188,10,582
chr16,5315196,5315477,5,281
chr16,5578790,5580062,6,1272
chr16,5598859,5599049,5,190
chr16,5744877,5745332,5,455
chr16,5793252,5793648,5,396
chr16,5999375,5999599,6,224
chr16,6003172,6003462,9,290
chr16,6018914,6021094,66,2180
chr16,6344152,6344729,9,577
chr16,6409289,6409408,6,119
chr16,6483234,6484022,43,788
chr16,6573699,6573847,12,148
chr16,6611696,6612617,6,921
chr16,6645393,6646208,11,815
chr16,6670296,6670813,6,517
chr16,6685344,6685522,6,178
chr16,6815060,6815127,5,67
chr16,7256896,7257218,9,322
chr16,7303401,7304846,29,1445
chr16,7489608,7489730,5,122
chr16,7610244,7610581,5,337
chr16,8168222,8168310,6,88
chr16,8188465,8189178,6,713
chr16,8393725,8393862,9,137
chr16,8517092,8518011,6,919
chr16,8589058,8590565,53,1507
chr16,8621455,8621600,7,145
chr16,8626605,8626859,5,254
chr16,8663064,8664173,6,1109
chr16,8674061,8675275,37,1214
chr16,8687042,8687238,5,196
chr16,8713061,8715002,23,1941
chr16,8742586,8742820,5,234
chr16,8744528,8744768,5,240
chr16,8768505,8768589,5,84
chr16,8776378,8776547,6,169
chr16,8786177,8786437,7,260
chr16,8797671,8797984,17,313
chr16,8848558,8850623,12,2065
chr16,8866520,8867042,16,522
chr16,8868333,8870457,81,2124
chr16,8873567,8874925,14,1358
chr16,8880031,8880401,10,370
chr16,8882430,8884521,19,2091
chr16,8885565,8886625,6,1060
chr16,8911500,8911648,8,148
chr16,8951475,8952508,5,1033
chr16,8961416,8965506,154,4090
chr16,8970791,8971022,7,231
chr16,8997703,8998071,7,368
chr16,9009026,9009484,7,458
chr16,9012036,9013426,22,1390
chr16,9026401,9027307,6,906
chr16,9049842,9050911,7,1069
chr16,9056304,9056726,9,422
chr16,9058466,9059341,6,875
chr16,9079622,9080190,5,568
chr16,9090350,9093216,111,2866
chr16,9115717,9115803,6,86
chr16,9154827,9155757,5,930
chr16,9160059,9160488,6,429
chr16,9450933,9451038,5,105
chr16,9681730,9682185,5,455
chr16,9763655,9764635,15,980
chr16,9907888,9908121,7,233
chr16,9976433,9976828,8,395
chr16,10181521,10183242,77,1721
chr16,10239425,10239975,8,550
chr16,10245133,10245347,6,214
chr16,10252350,10252431,8,81
chr16,10275139,10275521,6,382
chr16,10301828,10303064,6,1236
chr16,10307360,10307616,5,256
chr16,10311248,10311984,5,736
chr16,10355569,10355741,8,172
chr16,10385719,10386700,39,981
chr16,10387847,10388868,10,1021
chr16,10459191,10459539,10,348
chr16,10488158,10489428,5,1270
chr16,10542322,10543455,7,1133
chr16,10550724,10550831,5,107
chr16,10560612,10560837,7,225
chr16,10576652,10577697,5,1045
chr16,10580031,10581010,55,979
chr16,10598329,10598499,6,170
chr16,10604248,10604521,5,273
chr16,10643759,10643934,5,175
chr16,10743833,10744305,21,472
chr16,10762034,10762266,5,232
chr16,10774097,10774703,6,606
chr16,10798080,10798756,6,676
chr16,10818282,10819047,27,765
chr16,10829224,10829572,5,348
chr16,10840790,10841264,9,474
chr16,10877298,10880272,42,2974
chr16,10891872,10892020,5,148
chr16,10906502,10907454,27,952
chr16,10917756,10918892,7,1136
chr16,10941992,10942742,44,750
chr16,10944323,10944905,32,582
chr16,10980416,10980582,5,166
chr16,11107028,11107160,5,132
chr16,11133263,11133488,7,225
chr16,11140074,11140229,5,155
chr16,11172813,11174002,11,1189
chr16,11176813,11177688,14,875
chr16,11182387,11183114,7,727
chr16,11200048,11200139,5,91
chr16,11233313,11233513,8,200
chr16,11249283,11249367,6,84
chr16,11255097,11256939,110,1842
chr16,11276117,11276257,12,140
chr16,11308377,11308740,5,363
chr16,11327272,11327722,6,450
chr16,11345334,11346042,17,708
chr16,11349476,11349930,6,454
chr16,11372539,11372597,5,58
chr16,11383890,11384264,6,374
chr16,11387124,11388524,20,1400
chr16,11392954,11393486,6,532
chr16,11395453,11396522,8,1069
chr16,11406738,11407168,10,430
chr16,11435767,11435860,6,93
chr16,11442827,11443916,7,1089
chr16,11448039,11448104,5,65
chr16,11469466,11469613,9,147
chr16,11497643,11498619,8,976
chr16,11500650,11501172,6,522
chr16,11503792,11504321,6,529
chr16,11506644,11506713,5,69
chr16,11514499,11514720,5,221
chr16,11538669,11539424,8,755
chr16,11543291,11544079,9,788
chr16,11572534,11572736,6,202
chr16,11586336,11588024,68,1688
chr16,11626957,11628546,12,1589
chr16,11639955,11640893,6,938
chr16,11651957,11652611,14,654
chr16,11654455,11654720,6,265
chr16,11664186,11664597,5,411
chr16,11665842,11670991,47,5149
chr16,11741542,11743384,80,1842
chr16,11749063,11749736,6,673
chr16,11785082,11785822,6,740
chr16,11796592,11797750,42,1158
chr16,11799121,11800017,9,896
chr16,11811792,11811892,7,100
chr16,11812965,11813001,5,36
chr16,11819096,11819139,6,43
chr16,11851308,11853980,22,2672
chr16,11859972,11860340,6,368
chr16,11915140,11916841,60,1701
chr16,11922096,11922579,5,483
chr16,11969162,11969350,5,188
chr16,11975659,11976967,19,1308
chr16,12041236,12041363,5,127
chr16,12047924,12049375,5,1451
chr16,12064209,12064505,10,296
chr16,12090086,12090354,9,268
chr16,12127190,12127566,7,376
chr16,12151571,12151828,6,257
chr16,12158479,12158704,5,225
chr16,12241000,12241154,5,154
chr16,12260695,12261667,5,972
chr16,12295232,12295532,6,300
chr16,12308567,12308836,5,269
chr16,12317847,12318436,7,589
chr16,12385094,12385323,5,229
chr16,12402343,12403494,7,1151
chr16,12447982,12448204,5,222
chr16,12455400,12455555,5,155
chr16,12523130,12524264,5,1134
chr16,12526424,12527657,5,1233
chr16,12544142,12544216,5,74
chr16,12568242,12568576,8,334
chr16,12584215,12584636,5,421
chr16,12636960,12637107,7,147
chr16,12698592,12699447,6,855
chr16,12802525,12803651,9,1126
chr16,12853377,12853427,5,50
chr16,12862198,12862655,12,457
chr16,12900444,12904456,109,4012
chr16,13070266,13070635,5,369
chr16,13080012,13080276,7,264
chr16,13607444,13608591,16,1147
chr16,13920270,13920578,18,308
chr16,13961076,13961976,5,900
chr16,14006267,14006388,6,121
chr16,14070188,14071692,45,1504
chr16,14299563,14299639,6,76
chr16,14301761,14304135,97,2374
chr16,14309514,14311802,16,2288
chr16,14321146,14321264,5,118
chr16,14327502,14327739,7,237
chr16,14347695,14348229,6,534
chr16,14364482,14364609,7,127
chr16,14399771,14401507,16,1736
chr16,14405935,14406045,7,110
chr16,14412898,14413680,7,782
chr16,14494650,14494781,7,131
chr16,14525911,14526262,6,351
chr16,14598634,14598746,5,112
chr16,14601854,14602271,9,417
chr16,14624727,14625239,9,512
chr16,14629800,14630302,28,502
chr16,14632676,14633399,40,723
chr16,14662987,14663424,7,437
chr16,14668871,14669339,8,468
chr16,14677600,14677651,5,51
chr16,14912128,14912242,12,114
chr16,14957745,14957904,14,159
chr16,14960872,14961004,5,132
chr16,14965475,14965564,7,89
chr16,14972872,14973086,5,214
chr16,14974118,14976556,75,2438
chr16,14989947,14990200,23,253
chr16,14998376,14998573,5,197
chr16,15055553,15056180,41,627
chr16,15094304,15094998,10,694
chr16,15137606,15137744,5,138
chr16,15139774,15140053,6,279
chr16,15143674,15145370,12,1696
chr16,15154639,15154728,14,89
chr16,15395473,15396926,33,1453
chr16,15434506,15435631,22,1125
chr16,15488736,15488937,6,201
chr16,15489967,15490025,5,58
chr16,15503304,15503374,7,70
chr16,15513750,15513818,5,68
chr16,15571797,15571851,5,54
chr16,15586722,15587802,5,1080
chr16,15642512,15643346,25,834
chr16,15649920,15650891,56,971
chr16,15673070,15673499,7,429
chr16,15705837,15706045,5,208
chr16,15713847,15714727,14,880
chr16,15717284,15718434,14,1150
chr16,15747970,15748074,6,104
chr16,15857012,15858602,53,1590
chr16,15887056,15888034,7,978
chr16,15889422,15889710,5,288
chr16,15931427,15931746,8,319
chr16,15948930,15950851,56,1921
chr16,16024150,16024428,7,278
chr16,16028691,16029315,10,624
chr16,16096576,16097304,7,728
chr16,16098707,16099018,9,311
chr16,16104836,16105039,12,203
chr16,16107703,16108688,10,985
chr16,16121996,16122033,6,37
chr16,16127262,16127395,6,133
chr16,16138356,16138523,10,167
chr16,16147386,16148348,7,962
chr16,16150454,16151157,6,703
chr16,16491869,16492085,6,216
chr16,16525377,16525481,7,104
chr16,16579169,16580326,9,1157
chr16,16867253,16868118,5,865
chr16,17013753,17014254,12,501
chr16,17134006,17134725,16,719
chr16,17229130,17229360,5,230
chr16,17236540,17236714,5,174
chr16,17323454,17325110,12,1656
chr16,17375388,17376775,9,1387
chr16,17469443,17471349,46,1906
chr16,17677926,17677982,5,56
chr16,17748005,17748235,5,230
chr16,17777119,17777195,6,76
chr16,17871225,17871680,8,455
chr16,17906553,17906615,6,62
chr16,18561857,18561954,12,97
chr16,18571025,18571489,10,464
chr16,18788690,18791012,61,2322
chr16,18801291,18803151,39,1860
chr16,18925740,18927223,62,1483
chr16,18939253,18939479,6,226
chr16,18972977,18974181,9,1204
chr16,18983757,18984378,51,621
chr16,19042668,19042839,6,171
chr16,19049797,19050263,6,466
chr16,19066936,19068566,38,1630
chr16,19086435,19086892,21,457
chr16,19113829,19116028,88,2199
chr16,19133207,19133379,5,172
chr16,19150797,19151183,6,386
chr16,19167727,19169651,50,1924
chr16,19180347,19180474,7,127
chr16,19189047,19189200,6,153
chr16,19210765,19211786,6,1021
chr16,19391014,19391117,6,103
chr16,19410830,19411175,27,345
chr16,19465255,19465459,6,204
chr16,19492813,19493122,6,309
chr16,19521270,19522056,23,786
chr16,19523407,19524492,26,1085
chr16,19594558,19595287,6,729
chr16,19645253,19645630,7,377
chr16,19692263,19693805,10,1542
chr16,19716954,19718811,50,1857
chr16,19781913,19782179,7,266
chr16,19819349,19819718,6,369
chr16,19838192,19838566,5,374
chr16,19844491,19844662,5,171
chr16,19858633,19858781,5,148
chr16,19862521,19862831,6,310
chr16,19866051,19867991,7,1940
chr16,19874528,19874657,6,129
chr16,19883131,19886152,71,3021
chr16,19905888,19906095,5,207
chr16,19918361,19918694,9,333
chr16,20073480,20074271,37,791
chr16,20244756,20244950,5,194
chr16,20347809,20348493,8,684
chr16,20386529,20386992,12,463
chr16,20408390,20408666,5,276
chr16,20630246,20630382,5,136
chr16,20698050,20698226,5,176
chr16,20741376,20741893,31,517
chr16,20806249,20808199,57,1950
chr16,20860082,20860250,5,168
chr16,20900319,20901650,34,1331
chr16,21041968,21042267,6,299
chr16,21158565,21159790,40,1225
chr16,21189081,21189181,9,100
chr16,21277947,21278371,14,424
chr16,21283626,21283985,15,359
chr16,21300770,21301963,40,1193
chr16,21361214,21361810,6,596
chr16,21501689,21502243,43,554
chr16,21504008,21504962,5,954
chr16,21508320,21508813,5,493
chr16,21511587,21511834,10,247
chr16,21514076,21515303,10,1227
chr16,21519421,21522743,96,3322
chr16,21528728,21529233,6,505
chr16,21556793,21558229,21,1436
chr16,21584124,21584397,5,273
chr16,21598273,21600289,49,2016
chr16,21637703,21637723,6,20
chr16,21663342,21664221,13,879
chr16,21864274,21864434,6,160
chr16,21952582,21953733,37,1151
chr16,21954761,21954872,5,111
chr16,22007880,22009309,59,1429
chr16,22072668,22072736,8,68
chr16,22139198,22139368,6,170
chr16,22162268,22162755,31,487
chr16,22170844,22171784,5,940
chr16,22189827,22191385,32,1558
chr16,22196432,22196730,5,298
chr16,22205464,22207214,49,1750
chr16,22209325,22209490,5,165
chr16,22228477,22229539,9,1062
chr16,22237333,22237530,5,197
chr16,22297355,22298309,39,954
chr16,22307766,22307870,5,104
chr16,22315253,22315764,5,511
chr16,22362091,22362196,6,105
chr16,22373813,22375020,55,1207
chr16,22424120,22425635,10,1515
chr16,22436890,22437571,40,681
chr16,22624323,22624610,8,287
chr16,22653721,22654122,7,401
chr16,22734202,22734577,8,375
chr16,22813327,22815125,122,1798
chr16,22821084,22821802,5,718
chr16,22948201,22948809,9,608
chr16,23068179,23068389,6,210
chr16,23148755,23149990,53,1235
chr16,23182089,23183246,36,1157
chr16,23185757,23186268,6,511
chr16,23189462,23189522,5,60
chr16,23302232,23302690,33,458
chr16,23350350,23350683,6,333
chr16,23354416,23355550,10,1134
chr16,23360705,23360887,5,182
chr16,23378425,23378594,5,169
chr16,23452670,23453843,35,1173
chr16,23509173,23511016,40,1843
chr16,23544519,23545756,8,1237
chr16,23551844,23552010,6,166
chr16,23557121,23558056,42,935
chr16,23595107,23596434,43,1327
chr16,23639389,23640040,6,651
chr16,23641104,23641707,30,603
chr16,23678101,23680033,24,1932
chr16,23694185,23695660,19,1475
chr16,23713150,23713580,26,430
chr16,23754686,23755959,69,1273
chr16,23835734,23837696,86,1962
chr16,24136641,24137038,6,397
chr16,24176818,24177260,5,442
chr16,24255599,24256564,37,965
chr16,24345422,24345654,6,232
chr16,24351520,24351881,7,361
chr16,24361615,24361773,8,158
chr16,24440685,24440880,6,195
chr16,24539298,24540316,49,1018
chr16,24607168,24607677,5,509
chr16,24610235,24611047,17,812
chr16,24627265,24627858,7,593
chr16,24710873,24711035,8,162
chr16,24720979,24721699,6,720
chr16,24729346,24730409,55,1063
chr16,24877915,24878078,5,163
chr16,24890841,24890934,5,93
chr16,24928342,24928595,5,253
chr16,25014686,25015361,39,675
chr16,25031735,25031865,8,130
chr16,25049202,25049310,6,108
chr16,25065611,25067491,47,1880
chr16,25070509,25070967,5,458
chr16,25103944,25105356,9,1412
chr16,25106636,25107088,15,452
chr16,25111018,25111689,24,671
chr16,25206508,25206736,8,228
chr16,25225499,25225567,7,68
chr16,25240087,25240423,5,336
chr16,25257414,25258406,41,992
chr16,25262302,25262450,5,148
chr16,25691687,25693071,134,1384
chr16,25700152,25700471,5,319
chr16,25796884,25797000,5,116
chr16,25819631,25819867,6,236
chr16,26074048,26075167,9,1119
chr16,26165635,26165929,9,294
chr16,26513031,26514293,11,1262
chr16,26913536,26913664,5,128
chr16,26991193,26991415,5,222
chr16,27040933,27041049,10,116
chr16,27067314,27067424,5,110
chr16,27083793,27083971,6,178
chr16,27108738,27110571,30,1833
chr16,27112942,27113477,10,535
chr16,27203452,27204306,39,854
chr16,27218563,27219368,13,805
chr16,27226670,27226771,8,101
chr16,27268851,27269248,9,397
chr16,27313041,27314733,62,1692
chr16,27318776,27318924,7,148
chr16,27367250,27367802,15,552
chr16,27427487,27428396,5,909
chr16,27450647,27450739,6,92
chr16,27470070,27470300,7,230
chr16,27485358,27485484,6,126
chr16,27548879,27550945,52,2066
chr16,27586753,27587032,5,279
chr16,27769875,27770176,10,301
chr16,27779846,27779927,7,81
chr16,27781670,27781969,11,299
chr16,27812891,27812940,5,49
chr16,27850188,27851227,6,1039
chr16,27867756,27867863,6,107
chr16,27887467,27888234,5,767
chr16,28025515,28026208,7,693
chr16,28055218,28058088,18,2870
chr16,28062395,28063968,108,1573
chr16,28081765,28083003,15,1238
chr16,28188557,28189038,5,481
chr16,28211101,28213211,80,2110
chr16,28233874,28234146,5,272
chr16,28270585,28270956,5,371
chr16,28281414,28282444,10,1030
chr16,28291800,28293287,68,1487
chr16,28295986,28296187,7,201
chr16,28317472,28317825,8,353
chr16,28320390,28321049,29,659
chr16,28485460,28486089,5,629
chr16,28490653,28492101,27,1448
chr16,28494176,28494694,6,518
chr16,28497930,28498187,13,257
chr16,28538857,28539472,8,615
chr16,28543668,28543860,5,192
chr16,28553524,28554686,50,1162
chr16,28596829,28597031,5,202
chr16,28618324,28618438,6,114
chr16,28621665,28623910,36,2245
chr16,28750092,28750315,12,223
chr16,28811744,28812299,14,555
chr16,28822584,28824487,129,1903
chr16,28843060,28844140,6,1080
chr16,28845352,28846714,23,1362
chr16,28855682,28855757,5,75
chr16,28862546,28864273,64,1727
chr16,28866197,28866338,12,141
chr16,28868264,28868552,8,288
chr16,28872570,28873053,8,483
chr16,28878097,28880060,17,1963
chr16,28882135,28883121,12,986
chr16,28898287,28898548,9,261
chr16,28909746,28909851,6,105
chr16,28912753,28914793,15,2040
chr16,28924670,28925867,79,1197
chr16,28932922,28933374,6,452
chr16,28936680,28937098,10,418
chr16,28950380,28951561,55,1181
chr16,28974785,28975526,45,741
chr16,28979139,28979260,8,121
chr16,28981989,28982426,6,437
chr16,28984850,28985326,7,476
chr16,28989557,28989782,6,225
chr16,28997925,28998152,6,227
chr16,29074900,29074952,6,52
chr16,29127443,29131112,24,3669
chr16,29142641,29143562,9,921
chr16,29148840,29149048,7,208
chr16,29151839,29153715,17,1876
chr16,29156460,29157435,10,975
chr16,29158811,29159428,8,617
chr16,29174261,29175412,15,1151
chr16,29180386,29180434,5,48
chr16,29184643,29184841,9,198
chr16,29186424,29187210,11,786
chr16,29220184,29222888,21,2704
chr16,29230432,29232195,17,1763
chr16,29233303,29233801,9,498
chr16,29254325,29255113,7,788
chr16,29262185,29262422,5,237
chr16,29311054,29313511,22,2457
chr16,29512485,29512644,7,159
chr16,29558276,29558412,5,136
chr16,29594656,29595424,27,768
chr16,29604812,29605099,7,287
chr16,29612990,29615118,62,2128
chr16,29647738,29648708,10,970
chr16,29654736,29654789,5,53
chr16,29660153,29660289,6,136
chr16,29662144,29663607,11,1463
chr16,29671585,29672543,7,958
chr16,29677120,29678510,16,1390
chr16,29696881,29696982,7,101
chr16,29701389,29702036,6,647
chr16,29731738,29732043,5,305
chr16,29761428,29762860,17,1432
chr16,29774209,29775335,6,1126
chr16,29789966,29791494,43,1528
chr16,29799048,29799137,5,89
chr16,29804901,29810733,150,5832
chr16,29811894,29812474,42,580
chr16,29814336,29817055,37,2719
chr16,29819566,29820481,12,915
chr16,29823767,29823885,5,118
chr16,29836755,29836913,6,158
chr16,29841637,29841833,10,196
chr16,29844512,29844809,8,297
chr16,29858963,29859284,13,321
chr16,29862278,29863169,40,891
chr16,29869279,29871503,13,2224
chr16,29873131,29873661,15,530
chr16,29876389,29877319,32,930
chr16,29878993,29879318,12,325
chr16,29896773,29897087,6,314
chr16,29899300,29902570,75,3270
chr16,29912323,29912533,6,210
chr16,29923302,29923896,9,594
chr16,29925718,29926787,30,1069
chr16,29928958,29929061,5,103
chr16,29935694,29935755,5,61
chr16,29945544,29945812,6,268
chr16,29952419,29952900,5,481
chr16,29957122,29957281,7,159
chr16,29960711,29961102,7,391
chr16,29962121,29962542,23,421
chr16,29973665,29974505,54,840
chr16,29987543,29988579,13,1036
chr16,29993669,29993776,6,107
chr16,29994838,29996607,50,1769
chr16,30001301,30001737,7,436
chr16,30004696,30006129,28,1433
chr16,30007183,30007350,6,167
chr16,30010938,30011487,65,549
chr16,30021494,30021645,7,151
chr16,30025171,30025362,8,191
chr16,30026363,30026708,11,345
chr16,30029370,30031284,34,1914
chr16,30032943,30033076,5,133
chr16,30037009,30037415,7,406
chr16,30052553,30055284,51,2731
chr16,30059219,30059453,14,234
chr16,30064026,30068359,45,4333
chr16,30074691,30076392,63,1701
chr16,30086362,30086407,5,45
chr16,30090880,30092828,59,1948
chr16,30095014,30096470,36,1456
chr16,30101210,30101387,6,177
chr16,30110287,30110447,5,160
chr16,30114645,30116334,12,1689
chr16,30121922,30123537,41,1615
chr16,30160479,30161484,10,1005
chr16,30183031,30184306,60,1275
chr16,30252467,30252625,7,158
chr16,30335037,30335801,47,764
chr16,30353790,30355526,31,1736
chr16,30357970,30359499,20,1529
chr16,30363833,30363945,5,112
chr16,30369392,30371309,66,1917
chr16,30377770,30380029,39,2259
chr16,30394566,30396375,81,1809
chr16,30397713,30398190,13,477
chr16,30400408,30400626,12,218
chr16,30406484,30407854,61,1370
chr16,30417511,30419063,45,1552
chr16,30424983,30425041,5,58
chr16,30426474,30426632,6,158
chr16,30429203,30429592,7,389
chr16,30445011,30445994,29,983
chr16,30474028,30474110,6,82
chr16,30478258,30478622,6,364
chr16,30517692,30518585,9,893
chr16,30525740,30527528,94,1788
chr16,30533858,30534615,28,757
chr16,30537650,30540883,17,3233
chr16,30546851,30547244,8,393
chr16,30551697,30552140,5,443
chr16,30555218,30555998,35,780
chr16,30557722,30558676,26,954
chr16,30561381,30562148,39,767
chr16,30569840,30570405,14,565
chr16,30571434,30572168,43,734
chr16,30582786,30583708,29,922
chr16,30585398,30586674,33,1276
chr16,30604541,30605369,23,828
chr16,30607515,30608508,6,993
chr16,30609574,30610394,47,820
chr16,30634765,30635018,10,253
chr16,30650248,30653266,67,3018
chr16,30657905,30660991,127,3086
chr16,30668906,30670249,12,1343
chr16,30679624,30680010,8,386
chr16,30681953,30682788,7,835
chr16,30686063,30686927,7,864
chr16,30698677,30699758,38,1081
chr16,30707422,30707623,6,201
chr16,30714399,30714503,6,104
chr16,30724364,30725397,9,1033
chr16,30737178,30737370,9,192
chr16,30748171,30748731,27,560
chr16,30756942,30757310,6,368
chr16,30761210,30762374,46,1164
chr16,30775107,30776493,44,1386
chr16,30782426,30784438,21,2012
chr16,30786764,30787962,28,1198
chr16,30796061,30796268,5,207
chr16,30799131,30799303,12,172
chr16,30805537,30805606,8,69
chr16,30814268,30815857,22,1589
chr16,30817209,30818272,8,1063
chr16,30832255,30832381,5,126
chr16,30843645,30844073,5,428
chr16,30874473,30876146,36,1673
chr16,30887169,30888422,5,1253
chr16,30893560,30894315,44,755
chr16,30896562,30896912,14,350
chr16,30901727,30902903,60,1176
chr16,30921886,30925880,95,3994
chr16,30948445,30949711,65,1266
chr16,30957635,30958550,83,915
chr16,30964907,30966175,12,1268
chr16,30978917,30979480,14,563
chr16,30980535,30981207,8,672
chr16,30983363,30983790,8,427
chr16,30993099,30995411,14,2312
chr16,30997043,30998485,32,1442
chr16,31009693,31011520,35,1827
chr16,31017563,31017863,7,300
chr16,31033186,31034318,38,1132
chr16,31037584,31037985,7,401
chr16,31041361,31042348,19,987
chr16,31061321,31064410,53,3089
chr16,31069797,31071259,14,1462
chr16,31072760,31074835,98,2075
chr16,31078326,31078399,9,73
chr16,31080072,31081803,14,1731
chr16,31091743,31091950,5,207
chr16,31093593,31095896,72,2303
chr16,31105321,31105371,6,50
chr16,31106732,31109353,71,2621
chr16,31116106,31118043,36,1937
chr16,31129829,31131665,19,1836
chr16,31134781,31135564,8,783
chr16,31137995,31140596,10,2601
chr16,31142264,31143146,23,882
chr16,31180264,31180723,17,459
chr16,31200229,31200347,5,118
chr16,31202160,31204254,43,2094
chr16,31212928,31215712,35,2784
chr16,31230650,31230720,6,70
chr16,31246017,31246199,5,182
chr16,31324356,31325788,10,1432
chr16,31331437,31332151,16,714
chr16,31352390,31352891,6,501
chr16,31356760,31357350,16,590
chr16,31371716,31371817,10,101
chr16,31403814,31405061,5,1247
chr16,31412946,31413871,9,925
chr16,31427767,31428333,17,566
chr16,31434574,31434685,7,111
chr16,31435848,31436200,15,352
chr16,31441979,31443526,57,1547
chr16,31458390,31460121,103,1731
chr16,31462550,31462643,6,93
chr16,31472000,31472902,31,902
chr16,31476389,31477603,46,1214
chr16,31480297,31480911,5,614
chr16,31487307,31488851,42,1544
chr16,31507857,31508531,47,674
chr16,31528944,31529606,20,662
chr16,31537360,31537820,37,460
chr16,31568750,31569573,39,823
chr16,31601927,31602095,6,168
chr16,31700713,31701131,30,418
chr16,31712368,31713732,26,1364
chr16,31819303,31820096,33,793
chr16,31873907,31874208,21,301
chr16,31921136,31921222,7,86
chr16,31984863,31984933,5,70
chr16,32084126,32085029,28,903
chr16,32190061,32190605,5,544
chr16,32651044,32651171,11,127
chr16,32845970,32846304,11,334
chr16,32925351,32925513,8,162
chr16,33027830,33028954,40,1124
chr16,33665436,33665584,10,148
chr16,33680258,33680519,5,261
chr16,33770988,33771355,12,367
chr16,33824918,33825053,7,135
chr16,34015198,34015644,28,446
chr16,34050334,34051100,25,766
chr16,34132871,34135465,32,2594
chr16,34140456,34141567,25,1111
chr16,34142830,34142882,6,52
chr16,34147151,34149529,13,2378
chr16,34150751,34150786,5,35
chr16,34154250,34154985,7,735
chr16,34156969,34157461,12,492
chr16,34158942,34160102,79,1160
chr16,34161200,34163728,82,2528
chr16,34582779,34583125,10,346
chr16,34585416,34588291,29,2875
chr16,34593096,34593460,12,364
chr16,34795174,34795210,5,36
chr16,34801843,34802005,8,162
chr16,34803273,34804273,14,1000
chr16,35140915,35141651,9,736
chr16,35142987,35144002,17,1015
chr16,35145611,35146821,20,1210
chr16,35173276,35173335,6,59
chr16,35195185,35195782,5,597
chr16,35238240,35238332,5,92
chr16,35255389,35255806,8,417
chr16,35344205,35344698,13,493
chr16,35391069,35391499,8,430
chr16,35414990,35415099,5,109
chr16,35425527,35425754,18,227
chr16,35506818,35506983,11,165
chr16,35526138,35527082,7,944
chr16,35543592,35543623,6,31
chr16,35552691,35554343,30,1652
chr16,35574174,35575383,17,1209
chr16,35689973,35690710,6,737
chr16,35734111,35734609,9,498
chr16,35747626,35754041,62,6415
chr16,35808892,35808936,5,44
chr16,36101288,36102659,37,1371
chr16,36313889,36313955,5,66
chr16,46382530,46383330,7,800
chr16,46388754,46391280,62,2526
chr16,46394499,46394912,12,413
chr16,46398752,46399510,22,758
chr16,46400727,46401624,12,897
chr16,46499493,46499551,6,58
chr16,46535451,46535531,7,80
chr16,46552064,46552130,7,66
chr16,46568234,46569326,23,1092
chr16,46620792,46621525,40,733
chr16,46649609,46649657,5,48
chr16,46689407,46690356,35,949
chr16,46730688,46732946,17,2258
chr16,46736625,46737946,8,1321
chr16,46755968,46756109,5,141
chr16,46757358,46757875,7,517
chr16,46830599,46831327,36,728
chr16,46844368,46845220,21,852
chr16,46884166,46887392,60,3226
chr16,46929441,46929909,12,468
chr16,46935238,46935447,5,209
chr16,46972917,46974636,50,1719
chr16,47036692,47037961,20,1269
chr16,47051781,47051921,6,140
chr16,47078036,47079237,7,1201
chr16,47142799,47144520,107,1721
chr16,47369939,47370634,9,695
chr16,47460787,47461854,53,1067
chr16,47781276,47781324,5,48
chr16,48055269,48055424,7,155
chr16,48060108,48060534,14,426
chr16,48133195,48133611,6,416
chr16,48156369,48157260,25,891
chr16,48175195,48175363,6,168
chr16,48243916,48244971,26,1055
chr16,48330539,48331634,5,1095
chr16,48365941,48366342,21,401
chr16,48384517,48385368,53,851
chr16,48496542,48496933,17,391
chr16,48539670,48539957,8,287
chr16,48542034,48542414,10,380
chr16,48609071,48610742,67,1671
chr16,48622901,48624744,29,1843
chr16,48629480,48629633,7,153
chr16,48810598,48811615,57,1017
chr16,48951913,48952007,7,94
chr16,49013115,49013318,5,203
chr16,49019409,49020800,7,1391
chr16,49053000,49053082,5,82
chr16,49275240,49275659,15,419
chr16,49277090,49283933,216,6843
chr16,49350633,49350723,7,90
chr16,49407744,49408211,5,467
chr16,49419034,49419148,5,114
chr16,49432091,49432404,9,313
chr16,49441515,49441716,12,201
chr16,49465018,49465348,24,330
chr16,49489036,49489238,5,202
chr16,49490600,49492752,45,2152
chr16,49503296,49503483,6,187
chr16,49510754,49511252,10,498
chr16,49543481,49543797,9,316
chr16,49596224,49596748,5,524
chr16,49620555,49621540,11,985
chr16,49636299,49636417,9,118
chr16,49639825,49640723,9,898
chr16,49665992,49666086,5,94
chr16,49670717,49670845,5,128
chr16,49698659,49699676,5,1017
chr16,49714084,49715439,11,1355
chr16,49730782,49731037,5,255
chr16,49768240,49768448,15,208
chr16,49810796,49811126,6,330
chr16,49818270,49819079,6,809
chr16,49826991,49827776,6,785
chr16,49834467,49835897,18,1430
chr16,49837886,49839692,25,1806
chr16,49854189,49859303,214,5114
chr16,49871739,49872686,6,947
chr16,49876060,49876951,28,891
chr16,49883324,49884311,9,987
chr16,49956519,49957982,9,1463
chr16,49988323,49989694,9,1371
chr16,50005813,50006013,5,200
chr16,50025027,50025688,33,661
chr16,50026834,50026951,8,117
chr16,50058580,50059041,8,461
chr16,50065527,50066693,50,1166
chr16,50092497,50092529,5,32
chr16,50152712,50153975,63,1263
chr16,50163876,50163984,5,108
chr16,50241859,50242230,5,371
chr16,50244641,50246806,57,2165
chr16,50266517,50266773,9,256
chr16,50274130,50274538,9,408
chr16,50291642,50292133,13,491
chr16,50301083,50301233,8,150
chr16,50368457,50369028,53,571
chr16,50423772,50423956,5,184
chr16,50468024,50468708,31,684
chr16,50478083,50479389,10,1306
chr16,50502540,50502765,5,225
chr16,50532967,50533105,5,138
chr16,50547710,50549553,97,1843
chr16,50603213,50603820,5,607
chr16,50633290,50633608,7,318
chr16,50641394,50641610,6,216
chr16,50673467,50674160,8,693
chr16,50688216,50689138,6,922
chr16,50693420,50693661,16,241
chr16,50703563,50703638,5,75
chr16,50711961,50712091,6,130
chr16,50742191,50742971,43,780
chr16,50793560,50794019,5,459
chr16,50841255,50842662,16,1407
chr16,50863084,50863498,11,414
chr16,50918070,50918225,7,155
chr16,50948482,50948533,5,51
chr16,50992828,50993082,11,254
chr16,51024248,51024591,5,343
chr16,51043870,51044845,5,975
chr16,51065664,51066058,8,394
chr16,51114032,51114544,6,512
chr16,51134417,51135016,33,599
chr16,51149372,51156211,192,6839
chr16,51184976,51185540,6,564
chr16,51391478,51392445,15,967
chr16,51577695,51578035,6,340
chr16,51636937,51637243,5,306
chr16,51732825,51732874,5,49
chr16,51762249,51762675,19,426
chr16,51845549,51845661,5,112
chr16,52084307,52084430,5,123
chr16,52504937,52504995,5,58
chr16,52545686,52547683,97,1997
chr16,52655232,52655592,13,360
chr16,53055095,53055321,15,226
chr16,53099660,53099868,10,208
chr16,53130187,53132013,97,1826
chr16,53372971,53373896,19,925
chr16,53412185,53414721,32,2536
chr16,53421369,53421408,8,39
chr16,53425265,53425476,5,211
chr16,53434541,53435452,17,911
chr16,53502642,53503662,58,1020
chr16,53522742,53523739,5,997
chr16,53541952,53542611,8,659
chr16,53550124,53550392,5,268
chr16,53559634,53560263,5,629
chr16,53624423,53625459,5,1036
chr16,53694361,53694604,6,243
chr16,53699675,53699742,5,67
chr16,53703729,53704648,15,919
chr16,53783532,53783569,5,37
chr16,54064777,54066504,8,1727
chr16,54121852,54122084,8,232
chr16,54143870,54144626,7,756
chr16,54175733,54176557,16,824
chr16,54193790,54194421,18,631
chr16,54235081,54235225,5,144
chr16,54282488,54291600,251,9112
chr16,54370216,54371372,7,1156
chr16,54382033,54382175,6,142
chr16,54432038,54433746,20,1708
chr16,54447697,54448396,6,699
chr16,54453001,54453314,5,313
chr16,54508454,54508945,5,491
chr16,54576645,54578022,9,1377
chr16,54594766,54594847,5,81
chr16,54817515,54817814,9,299
chr16,54837553,54837668,5,115
chr16,54928133,54938978,292,10845
chr16,54963508,54963622,5,114
chr16,54987161,54987339,7,178
chr16,54989048,54990996,10,1948
chr16,55019141,55019198,7,57
chr16,55033708,55033933,7,225
chr16,55056857,55057658,18,801
chr16,55091544,55091900,19,356
chr16,55179291,55180124,7,833
chr16,55181718,55181765,5,47
chr16,55188971,55190534,12,1563
chr16,55256873,55257003,5,130
chr16,55323623,55326048,86,2425
chr16,55327635,55328921,10,1286
chr16,55331045,55332194,26,1149
chr16,55371027,55371346,10,319
chr16,55470359,55470940,6,581
chr16,55478852,55480429,45,1577
chr16,55509188,55509232,6,44
chr16,55519250,55519327,5,77
chr16,55655305,55656666,33,1361
chr16,55760621,55760902,7,281
chr16,55846774,55847009,6,235
chr16,55912984,55913295,5,311
chr16,56190362,56192390,117,2028
chr16,56194506,56194612,17,106
chr16,56275955,56276048,5,93
chr16,56311433,56312200,5,767
chr16,56328101,56329006,14,905
chr16,56334099,56334494,5,395
chr16,56339044,56339715,5,671
chr16,56351114,56352043,5,929
chr16,56356259,56356912,9,653
chr16,56424490,56425723,33,1233
chr16,56451023,56451958,39,935
chr16,56519641,56519982,10,341
chr16,56608317,56609218,20,901
chr16,56617128,56617603,24,475
chr16,56624614,56625731,32,1117
chr16,56627149,56628003,13,854
chr16,56632341,56632670,31,329
chr16,56634934,56635694,32,760
chr16,56638223,56638388,14,165
chr16,56643420,56643685,17,265
chr16,56647920,56648516,20,596
chr16,56657332,56658095,18,763
chr16,56662571,56662922,8,351
chr16,56667952,56668256,18,304
chr16,56669476,56670522,18,1046
chr16,56675782,56676778,21,996
chr16,56681518,56682403,17,885
chr16,56729928,56730343,11,415
chr16,56796851,56797012,5,161
chr16,56831680,56831870,6,190
chr16,56853095,56853183,5,88
chr16,56858504,56858634,10,130
chr16,56873774,56874119,6,345
chr16,56875785,56876247,5,462
chr16,56931951,56932922,31,971
chr16,56964187,56964617,8,430
chr16,56976069,56976564,5,495
chr16,56989076,56989923,22,847
chr16,56991671,56992074,5,403
chr16,57049460,57049690,6,230
chr16,57091731,57092878,39,1147
chr16,57115437,57116081,11,644
chr16,57185579,57187209,38,1630
chr16,57243838,57244008,6,170
chr16,57245139,57245338,24,199
chr16,57269505,57269573,5,68
chr16,57277991,57278913,5,922
chr16,57283612,57285026,55,1414
chr16,57294498,57294638,11,140
chr16,57299775,57300046,9,271
chr16,57378006,57378875,7,869
chr16,57415894,57419231,29,3337
chr16,57447000,57447627,45,627
chr16,57475863,57476091,9,228
chr16,57485921,57486462,23,541
chr16,57516696,57517635,6,939
chr16,57528655,57529301,31,646
chr16,57536049,57537115,57,1066
chr16,57563866,57563905,5,39
chr16,57604814,57605199,10,385
chr16,57619981,57620873,16,892
chr16,57628096,57628432,15,336
chr16,57629569,57630888,8,1319
chr16,57637402,57637634,5,232
chr16,57645724,57646259,6,535
chr16,57654049,57654946,12,897
chr16,57661669,57662552,5,883
chr16,57668744,57669005,7,261
chr16,57707196,57707479,7,283
chr16,57735134,57736311,14,1177
chr16,57753179,57753491,12,312
chr16,57758976,57759816,8,840
chr16,57787948,57788794,15,846
chr16,57797450,57798088,14,638
chr16,57802081,57803391,15,1310
chr16,57858300,57858820,7,520
chr16,57863655,57864645,7,990
chr16,57872928,57873432,12,504
chr16,57884150,57884329,11,179
chr16,57887938,57888012,5,74
chr16,57893476,57894224,5,748
chr16,57897491,57897517,6,26
chr16,57932715,57933042,5,327
chr16,57959020,57959442,5,422
chr16,57984497,57985032,19,535
chr16,58000133,58001604,82,1471
chr16,58024573,58028368,128,3795
chr16,58039996,58040115,11,119
chr16,58041742,58042351,10,609
chr16,58053276,58053562,12,286
chr16,58064166,58064382,8,216
chr16,58094701,58095836,5,1135
chr16,58115396,58115435,5,39
chr16,58128979,58130248,46,1269
chr16,58151419,58151832,6,413
chr16,58197394,58198216,45,822
chr16,58249915,58250370,13,455
chr16,58254796,58255096,9,300
chr16,58309334,58309587,5,253
chr16,58335873,58336069,11,196
chr16,58392343,58392455,9,112
chr16,58417436,58417906,5,470
chr16,58421696,58422990,7,1294
chr16,58463347,58465316,85,1969
chr16,58474231,58474441,6,210
chr16,58487709,58489205,22,1496
chr16,58495381,58496293,8,912
chr16,58500253,58501439,21,1186
chr16,58503263,58504093,7,830
chr16,58515854,58516491,28,637
chr16,58620501,58620568,5,67
chr16,58629031,58630111,28,1080
chr16,58631118,58631280,8,162
chr16,58659520,58660007,8,487
chr16,58668669,58668864,5,195
chr16,58684425,58685011,10,586
chr16,58703631,58704430,6,799
chr16,58723611,58723789,6,178
chr16,58733454,58735312,56,1858
chr16,58748030,58749856,40,1826
chr16,58816173,58816510,5,337
chr16,59326566,59326670,5,104
chr16,59468477,59468537,6,60
chr16,59532970,59533019,6,49
chr16,60222012,60222117,5,105
chr16,60250255,60250383,5,128
chr16,60383498,60384834,6,1336
chr16,60667478,60667510,5,32
chr16,61128788,61128836,7,48
chr16,61294575,61294770,10,195
chr16,61961239,61961399,5,160
chr16,62035181,62036461,31,1280
chr16,62220780,62220946,6,166
chr16,62348948,62348980,5,32
chr16,62451678,62452265,12,587
chr16,62724840,62726096,24,1256
chr16,62905813,62906041,8,228
chr16,63129647,63129982,16,335
chr16,63290069,63290291,5,222
chr16,63616824,63617700,16,876
chr16,63874518,63874554,5,36
chr16,63975343,63975403,5,60
chr16,64002400,64002674,5,274
chr16,64072633,64072689,8,56
chr16,64343902,64344201,13,299
chr16,64437621,64438280,6,659
chr16,65109975,65110098,6,123
chr16,65120574,65124400,113,3826
chr16,65188189,65188317,5,128
chr16,65472666,65472797,6,131
chr16,65521790,65522176,7,386
chr16,65630843,65631127,5,284
chr16,65662918,65663232,15,314
chr16,65698396,65698497,7,101
chr16,65755608,65755644,5,36
chr16,65825583,65825945,5,362
chr16,66057989,66058039,5,50
chr16,66231199,66231762,5,563
chr16,66247958,66248770,8,812
chr16,66265898,66266068,7,170
chr16,66269881,66270535,13,654
chr16,66292283,66292451,6,168
chr16,66326623,66327052,7,429
chr16,66401734,66402961,22,1227
chr16,66426890,66428292,80,1402
chr16,66434449,66434962,5,513
chr16,66504683,66504828,5,145
chr16,66516409,66516594,7,185
chr16,66549500,66550155,51,655
chr16,66553060,66553428,8,368
chr16,66565963,66566391,11,428
chr16,66579010,66579667,15,657
chr16,66587531,66587598,6,67
chr16,66604320,66605777,64,1457
chr16,66695204,66697341,78,2137
chr16,66751298,66751950,44,652
chr16,66793399,66793604,5,205
chr16,66801296,66802010,5,714
chr16,66812861,66812915,5,54
chr16,66830472,66830856,34,384
chr16,66844357,66845993,66,1636
chr16,66852076,66853471,10,1395
chr16,66868061,66868278,6,217
chr16,66873140,66873294,12,154
chr16,66877845,66878056,5,211
chr16,66880401,66881221,25,820
chr16,66915387,66915764,6,377
chr16,66921957,66922191,7,234
chr16,66924525,66925888,68,1363
chr16,66934041,66935956,56,1915
chr16,66948532,66948619,8,87
chr16,66954150,66955498,8,1348
chr16,66962968,66963972,5,1004
chr16,66969637,66970269,8,632
chr16,66974243,66974338,10,95
chr16,66977263,66977544,5,281
chr16,67000761,67000840,10,79
chr16,67010514,67011634,6,1120
chr16,67013805,67014434,29,629
chr16,67022004,67022112,7,108
chr16,67025966,67026427,7,461
chr16,67028711,67029973,66,1262
chr16,67108400,67110079,21,1679
chr16,67149600,67151245,24,1645
chr16,67154872,67155715,33,843
chr16,67159246,67166870,153,7624
chr16,67169791,67170605,18,814
chr16,67173819,67175177,41,1358
chr16,67176920,67177370,5,450
chr16,67178935,67179475,6,540
chr16,67183655,67184781,60,1126
chr16,67189138,67189369,5,231
chr16,67191086,67193343,25,2257
chr16,67198198,67202211,64,4013
chr16,67207533,67207749,5,216
chr16,67226842,67227195,12,353
chr16,67230333,67230393,5,60
chr16,67245853,67247590,88,1737
chr16,67248795,67249140,18,345
chr16,67256853,67256912,5,59
chr16,67274136,67274439,6,303
chr16,67278863,67279487,25,624
chr16,67299455,67299535,5,80
chr16,67301607,67301888,5,281
chr16,67325305,67326966,36,1661
chr16,67392793,67395200,45,2407
chr16,67396337,67396371,5,34
chr16,67398018,67399488,18,1470
chr16,67403486,67403707,7,221
chr16,67416095,67416825,13,730
chr16,67430673,67432499,72,1826
chr16,67441313,67441493,7,180
chr16,67480949,67481424,29,475
chr16,67494018,67494466,5,448
chr16,67528225,67530642,72,2417
chr16,67537220,67538856,64,1636
chr16,67560664,67563607,66,2943
chr16,67603457,67603652,5,195
chr16,67607912,67608840,5,928
chr16,67614068,67614175,7,107
chr16,67627115,67628394,7,1279
chr16,67644740,67645601,39,861
chr16,67649123,67649859,35,736
chr16,67652254,67653851,57,1597
chr16,67659555,67661626,49,2071
chr16,67666173,67667539,46,1366
chr16,67672078,67673122,6,1044
chr16,67719079,67719487,22,408
chr16,67806453,67807557,33,1104
chr16,67816678,67818101,26,1423
chr16,67819724,67819979,6,255
chr16,67833474,67833865,7,391
chr16,67841126,67842678,47,1552
chr16,67845866,67848409,61,2543
chr16,67849636,67850297,9,661
chr16,67873071,67873407,19,336
chr16,67884828,67887092,12,2264
chr16,67893328,67894035,34,707
chr16,67899095,67899602,9,507
chr16,67905813,67907353,7,1540
chr16,67909158,67909435,14,277
chr16,67914615,67914749,7,134
chr16,67935369,67936575,18,1206
chr16,67942682,67942962,11,280
chr16,67944093,67944313,6,220
chr16,67967908,67968691,49,783
chr16,67980210,67983223,33,3013
chr16,67993048,67994222,8,1174
chr16,67997471,67998523,8,1052
chr16,68011251,68011375,5,124
chr16,68020674,68020709,5,35
chr16,68022981,68023191,16,210
chr16,68083722,68086377,52,2655
chr16,68115013,68115510,6,497
chr16,68235292,68238070,100,2778
chr16,68239241,68241226,20,1985
chr16,68244694,68245698,55,1004
chr16,68264322,68265982,40,1660
chr16,68310227,68310835,37,608
chr16,68332941,68334957,8,2016
chr16,68349089,68349182,6,93
chr16,68353261,68353507,5,246
chr16,68355171,68357643,29,2472
chr16,68358874,68359096,5,222
chr16,68360119,68361534,12,1415
chr16,68366833,68368894,8,2061
chr16,68371294,68371578,13,284
chr16,68386692,68388108,7,1416
chr16,68448211,68448688,40,477
chr16,68500442,68500569,5,127
chr16,68509534,68510399,21,865
chr16,68522873,68523242,6,369
chr16,68529073,68530351,37,1278
chr16,68539052,68539620,29,568
chr16,68553026,68554214,7,1188
chr16,68590589,68590905,14,316
chr16,68610063,68611042,6,979
chr16,68635312,68636432,9,1120
chr16,68642340,68642990,28,650
chr16,68644448,68646280,93,1832
chr16,68688282,68688719,9,437
chr16,68707400,68708221,12,821
chr16,68729229,68729323,6,94
chr16,68736442,68738375,58,1933
chr16,68760011,68761084,5,1073
chr16,68766183,68766474,5,291
chr16,68789830,68789997,5,167
chr16,68837541,68838336,8,795
chr16,68841788,68842426,9,638
chr16,68845951,68846976,8,1025
chr16,68882874,68882901,5,27
chr16,68922259,68923225,10,966
chr16,68931947,68932505,5,558
chr16,69018645,69018738,7,93
chr16,69044181,69045281,5,1100
chr16,69060519,69060916,5,397
chr16,69077685,69078071,7,386
chr16,69096460,69097028,9,568
chr16,69101205,69101393,5,188
chr16,69106050,69108507,87,2457
chr16,69120513,69121753,9,1240
chr16,69131755,69132881,66,1126
chr16,69186764,69187895,33,1131
chr16,69232330,69232604,6,274
chr16,69280858,69280958,6,100
chr16,69310748,69312134,55,1386
chr16,69314201,69315090,10,889
chr16,69317717,69321324,40,3607
chr16,69329902,69330890,60,988
chr16,69339401,69340394,50,993
chr16,69385240,69386214,26,974
chr16,69423715,69424765,20,1050
chr16,69455205,69455500,5,295
chr16,69497756,69497994,6,238
chr16,69565330,69566908,64,1578
chr16,69714000,69715692,12,1692
chr16,69725798,69726947,16,1149
chr16,69735195,69735963,5,768
chr16,69744698,69744874,5,176
chr16,69754610,69754864,21,254
chr16,69762172,69762665,43,493
chr16,69826566,69826650,5,84
chr16,69841908,69842119,5,211
chr16,69861488,69862109,8,621
chr16,69929406,69929519,5,113
chr16,69932856,69932900,6,44
chr16,69935094,69935373,8,279
chr16,69936418,69937661,8,1243
chr16,69965492,69965531,6,39
chr16,70009808,70009929,7,121
chr16,70054753,70055768,8,1015
chr16,70064415,70066188,33,1773
chr16,70075392,70075600,6,208
chr16,70097566,70097818,6,252
chr16,70114727,70115029,15,302
chr16,70149991,70150196,9,205
chr16,70151229,70152411,6,1182
chr16,70188630,70188673,5,43
chr16,70196349,70196566,5,217
chr16,70251231,70251559,21,328
chr16,70263965,70264102,5,137
chr16,70287107,70289960,27,2853
chr16,70299089,70299229,11,140
chr16,70322308,70322567,6,259
chr16,70346985,70347989,12,1004
chr16,70378558,70378824,9,266
chr16,70380527,70382113,70,1586
chr16,70385764,70386280,9,516
chr16,70394881,70396064,13,1183
chr16,70398235,70398432,8,197
chr16,70415378,70415868,9,490
chr16,70423179,70423841,7,662
chr16,70426572,70426980,5,408
chr16,70429315,70429931,13,616
chr16,70432873,70433245,6,372
chr16,70435522,70435650,5,128
chr16,70437929,70440935,110,3006
chr16,70454438,70454957,51,519
chr16,70455972,70456141,5,169
chr16,70469576,70471301,9,1725
chr16,70473215,70473325,7,110
chr16,70520299,70520407,6,108
chr16,70523303,70525186,33,1883
chr16,70530989,70531184,8,195
chr16,70536426,70536654,13,228
chr16,70571539,70571826,8,287
chr16,70662547,70662660,5,113
chr16,70663917,70664114,13,197
chr16,70675539,70675711,9,172
chr16,70678680,70680181,16,1501
chr16,70684442,70687430,65,2988
chr16,70691241,70691686,6,445
chr16,70696909,70697290,8,381
chr16,70700256,70700710,7,454
chr16,70730016,70730690,8,674
chr16,70737153,70738784,27,1631
chr16,70753519,70753799,5,280
chr16,70773974,70774906,6,932
chr16,70781719,70781920,5,201
chr16,70786914,70787202,5,288
chr16,70800583,70801114,14,531
chr16,70943643,70943926,7,283
chr16,71289042,71289547,27,505
chr16,71290643,71290693,5,50
chr16,71339803,71340067,5,264
chr16,71348279,71348930,5,651
chr16,71358524,71358664,23,140
chr16,71380371,71380469,8,98
chr16,71409256,71410068,5,812
chr16,71425899,71426951,33,1052
chr16,71441552,71442205,18,653
chr16,71457423,71457617,7,194
chr16,71462057,71462305,16,248
chr16,71484471,71484661,5,190
chr16,71554826,71555099,6,273
chr16,71564771,71565572,26,801
chr16,71599940,71600017,5,77
chr16,71615106,71615294,5,188
chr16,71625995,71627225,66,1230
chr16,71719256,71720061,8,805
chr16,71723132,71724473,70,1341
chr16,71736541,71736697,5,156
chr16,71786738,71787175,9,437
chr16,71808058,71808744,41,686
chr16,71811963,71812221,6,258
chr16,71817164,71817439,5,275
chr16,71818678,71819014,9,336
chr16,71831150,71831298,5,148
chr16,71844723,71846298,17,1575
chr16,71861803,71861874,5,71
chr16,71883445,71884570,45,1125
chr16,71891920,71896243,83,4323
chr16,71926206,71926436,5,230
chr16,71982059,71982378,5,319
chr16,72008169,72009201,31,1032
chr16,72013519,72013991,7,472
chr16,72023294,72023536,5,242
chr16,72093268,72093469,6,201
chr16,72096470,72096838,5,368
chr16,72103487,72104126,9,639
chr16,72107093,72108254,9,1161
chr16,72580887,72580984,5,97
chr16,72607300,72607773,9,473
chr16,72664298,72665220,32,922
chr16,72696326,72696423,5,97
chr16,72786782,72787408,15,626
chr16,72794490,72794732,7,242
chr16,72848928,72849218,5,290
chr16,72906137,72906371,8,234
chr16,72915405,72915556,5,151
chr16,72946623,72948255,16,1632
chr16,72976852,72976918,6,66
chr16,72999925,73000298,8,373
chr16,73018283,73019082,6,799
chr16,73027898,73028785,15,887
chr16,73036339,73037583,9,1244
chr16,73047732,73048636,79,904
chr16,73057480,73058940,122,1460
chr16,73063035,73067059,76,4024
chr16,73092490,73093201,17,711
chr16,73095782,73096711,7,929
chr16,73147616,73147858,9,242
chr16,73152794,73153320,7,526
chr16,73171808,73172192,6,384
chr16,73173404,73174050,5,646
chr16,73190742,73191343,5,601
chr16,73316822,73317541,7,719
chr16,73400524,73401002,12,478
chr16,73405839,73406057,7,218
chr16,73416545,73416701,5,156
chr16,73427742,73428235,6,493
chr16,73483186,73484067,8,881
chr16,73494055,73494863,5,808
chr16,73568646,73568872,8,226
chr16,73610077,73610347,9,270
chr16,73622485,73623129,12,644
chr16,73755995,73756433,7,438
chr16,73865909,73866642,5,733
chr16,73879321,73880244,7,923
chr16,73888734,73888888,5,154
chr16,73914495,73914722,6,227
chr16,74119678,74119980,6,302
chr16,74266184,74266216,5,32
chr16,74296384,74297762,40,1378
chr16,74367211,74368419,35,1208
chr16,74371141,74372154,9,1013
chr16,74398951,74400092,6,1141
chr16,74407172,74407198,6,26
chr16,74421512,74421644,6,132
chr16,74473482,74473532,5,50
chr16,74595112,74595353,6,241
chr16,74597471,74597930,9,459
chr16,74606439,74607412,35,973
chr16,74609904,74610518,6,614
chr16,74614933,74615382,7,449
chr16,74665502,74667604,33,2102
chr16,74700592,74700770,11,178
chr16,74718087,74720288,12,2201
chr16,74757942,74758163,5,221
chr16,74763418,74763525,5,107
chr16,74767961,74768138,5,177
chr16,74774497,74774899,36,402
chr16,74776173,74776231,5,58
chr16,74813336,74813405,6,69
chr16,74871833,74873070,7,1237
chr16,74874098,74874644,9,546
chr16,74891780,74891838,5,58
chr16,74917530,74917975,7,445
chr16,74951223,74951341,6,118
chr16,74984890,74985567,19,677
chr16,74987741,74987808,5,67
chr16,74995597,74995655,5,58
chr16,74997688,75000704,105,3016
chr16,75002758,75003213,8,455
chr16,75016045,75016363,5,318
chr16,75049587,75049720,5,133
chr16,75062289,75062737,8,448
chr16,75106520,75106648,7,128
chr16,75114456,75114697,11,241
chr16,75148432,75149994,42,1562
chr16,75187167,75187350,6,183
chr16,75198976,75199523,7,547
chr16,75206616,75207885,15,1269
chr16,75235750,75235782,5,32
chr16,75237249,75237281,5,32
chr16,75242301,75242515,5,214
chr16,75245156,75246367,6,1211
chr16,75250345,75251656,68,1311
chr16,75264782,75266886,81,2104
chr16,75273591,75273634,7,43
chr16,75299197,75300006,10,809
chr16,75334332,75334392,5,60
chr16,75428541,75429041,6,500
chr16,75431378,75431562,5,184
chr16,75433041,75434383,37,1342
chr16,75439563,75439961,9,398
chr16,75464053,75465701,55,1648
chr16,75468360,75469768,10,1408
chr16,75494167,75496280,39,2113
chr16,75506661,75506809,5,148
chr16,75516883,75518183,37,1300
chr16,75535067,75536276,5,1209
chr16,75555517,75556371,42,854
chr16,75566358,75567037,46,679
chr16,75615087,75616042,5,955
chr16,75623079,75624094,51,1015
chr16,75645703,75645820,6,117
chr16,75647413,75649409,73,1996
chr16,75662990,75663099,6,109
chr16,75895176,75895225,5,49
chr16,76235154,76235386,8,232
chr16,76634980,76635224,11,244
chr16,76773457,76773703,5,246
chr16,76820333,76820809,8,476
chr16,77004725,77004976,6,251
chr16,77190292,77191756,32,1464
chr16,77212151,77212948,43,797
chr16,77215300,77215437,6,137
chr16,77232786,77233277,7,491
chr16,77319897,77320061,12,164
chr16,77434660,77435663,42,1003
chr16,77572289,77572369,5,80
chr16,77722329,77723859,45,1530
chr16,77784657,77784774,11,117
chr16,77787909,77789827,14,1918
chr16,77801948,77802337,6,389
chr16,77825331,77825787,5,456
chr16,77861837,77862451,7,614
chr16,77902897,77903192,5,295
chr16,77942847,77943492,9,645
chr16,78021346,78021745,6,399
chr16,78045888,78046203,10,315
chr16,78059819,78060132,10,313
chr16,78098264,78100145,28,1881
chr16,78462416,78462577,5,161
chr16,78505930,78506504,7,574
chr16,78515148,78515577,8,429
chr16,78556578,78558172,18,1594
chr16,78641629,78641689,5,60
chr16,78665155,78665227,5,72
chr16,78973223,78973329,6,106
chr16,78996883,78997135,6,252
chr16,79013589,79013902,8,313
chr16,79120664,79121204,7,540
chr16,79152595,79153027,7,432
chr16,79339170,79339348,9,178
chr16,79391639,79391764,7,125
chr16,79417946,79418141,5,195
chr16,79438432,79439527,8,1095
chr16,79491957,79492286,9,329
chr16,79589525,79590205,24,680
chr16,79599040,79601876,131,2836
chr16,79770325,79770735,27,410
chr16,80027239,80027527,6,288
chr16,80355099,80355199,5,100
chr16,80356461,80356749,6,288
chr16,80380197,80380366,5,169
chr16,80540627,80541075,32,448
chr16,80725695,80725825,5,130
chr16,80777010,80777117,6,107
chr16,80803492,80804784,106,1292
chr16,80931060,80933272,58,2212
chr16,81006636,81008623,54,1987
chr16,81035754,81037696,43,1942
chr16,81077029,81078032,41,1003
chr16,81079658,81080099,6,441
chr16,81093994,81094385,5,391
chr16,81095644,81096548,35,904
chr16,81124319,81124508,5,189
chr16,81132751,81134203,17,1452
chr16,81143728,81143863,7,135
chr16,81148249,81148547,5,298
chr16,81157140,81157348,8,208
chr16,81215027,81215232,7,205
chr16,81292080,81292552,6,472
chr16,81314954,81315878,46,924
chr16,81317047,81317152,5,105
chr16,81349124,81349472,8,348
chr16,81401147,81401411,7,264
chr16,81403786,81404202,8,416
chr16,81418503,81419268,5,765
chr16,81431834,81431974,7,140
chr16,81434498,81434628,5,130
chr16,81443826,81446259,99,2433
chr16,81447403,81448527,7,1124
chr16,81454971,81455146,6,175
chr16,81456681,81457743,11,1062
chr16,81475911,81476195,7,284
chr16,81484638,81484767,5,129
chr16,81492137,81493571,9,1434
chr16,81497021,81497953,10,932
chr16,81499669,81500789,8,1120
chr16,81513475,81513561,5,86
chr16,81588142,81590520,18,2378
chr16,81593529,81593714,6,185
chr16,81612351,81612752,9,401
chr16,81628636,81629260,7,624
chr16,81633545,81634158,6,613
chr16,81638633,81639080,5,447
chr16,81651261,81652421,8,1160
chr16,81678306,81678411,9,105
chr16,81696580,81698273,12,1693
chr16,81705317,81707694,26,2377
chr16,81714089,81714387,5,298
chr16,81729814,81731067,23,1253
chr16,81769442,81769776,5,334
chr16,81779152,81779888,70,736
chr16,81797888,81798889,6,1001
chr16,81815869,81816098,7,229
chr16,81843858,81844598,7,740
chr16,82011256,82011575,12,319
chr16,82170114,82171690,22,1576
chr16,82627071,82628342,49,1271
chr16,82660441,82661095,7,654
chr16,82844525,82844725,8,200
chr16,83000740,83000855,7,115
chr16,83157379,83158433,5,1054
chr16,83329132,83329516,5,384
chr16,83449973,83450021,5,48
chr16,83507956,83508234,5,278
chr16,83623572,83624391,7,819
chr16,83681868,83682826,6,958
chr16,83689907,83690522,8,615
chr16,83733275,83733377,5,102
chr16,83797097,83797194,5,97
chr16,83807925,83808799,54,874
chr16,83880776,83881092,6,316
chr16,83898778,83899526,55,748
chr16,83909746,83909924,5,178
chr16,83915370,83915773,6,403
chr16,83922221,83922284,6,63
chr16,83924008,83925020,17,1012
chr16,83930200,83933709,17,3509
chr16,83935225,83935439,6,214
chr16,83940544,83941348,8,804
chr16,83953336,83953724,12,388
chr16,83956719,83957969,6,1250
chr16,83960698,83961236,10,538
chr16,83964247,83965502,16,1255
chr16,83967915,83969645,65,1730
chr16,83995852,83996044,6,192
chr16,84003063,84003410,7,347
chr16,84008314,84009185,5,871
chr16,84012959,84013523,6,564
chr16,84029597,84032507,18,2910
chr16,84038569,84038752,7,183
chr16,84044798,84045492,8,694
chr16,84049961,84050463,5,502
chr16,84059605,84059759,5,154
chr16,84078098,84078271,5,173
chr16,84087179,84087295,6,116
chr16,84090403,84091744,10,1341
chr16,84109283,84109519,5,236
chr16,84116449,84118058,55,1609
chr16,84131703,84131803,6,100
chr16,84143718,84145546,76,1828
chr16,84179020,84179151,6,131
chr16,84180547,84181422,15,875
chr16,84183430,84184097,7,667
chr16,84185460,84187172,55,1712
chr16,84194953,84197001,18,2048
chr16,84222350,84223334,10,984
chr16,84225759,84226262,6,503
chr16,84228689,84228895,9,206
chr16,84237102,84237361,13,259
chr16,84259179,84261054,14,1875
chr16,84294010,84294785,15,775
chr16,84302948,84303163,5,215
chr16,84312675,84313541,23,866
chr16,84347007,84347761,7,754
chr16,84368150,84368776,28,626
chr16,84390059,84390270,9,211
chr16,84398820,84399008,6,188
chr16,84434706,84435009,7,303
chr16,84442377,84443647,6,1270
chr16,84482583,84482744,5,161
chr16,84505035,84506312,24,1277
chr16,84523697,84525123,13,1426
chr16,84526941,84527155,5,214
chr16,84560457,84561842,9,1385
chr16,84584140,84584211,6,71
chr16,84590149,84590375,11,226
chr16,84593404,84593604,6,200
chr16,84616427,84618652,48,2225
chr16,84634603,84634631,5,28
chr16,84636702,84636734,5,32
chr16,84647208,84649108,80,1900
chr16,84650310,84651385,6,1075
chr16,84659658,84660093,9,435
chr16,84699733,84700415,80,682
chr16,84702917,84703239,5,322
chr16,84709992,84710184,8,192
chr16,84729579,84729671,5,92
chr16,84785778,84786013,5,235
chr16,84806585,84808356,16,1771
chr16,84818878,84819928,29,1050
chr16,84826836,84828171,14,1335
chr16,84838833,84839845,13,1012
chr16,84841025,84843059,16,2034
chr16,84848629,84849389,12,760
chr16,84853371,84854031,7,660
chr16,84863881,84864544,13,663
chr16,84881183,84881771,9,588
chr16,84884315,84885562,8,1247
chr16,84889727,84890635,5,908
chr16,84900117,84900800,10,683
chr16,84908604,84908833,5,229
chr16,84917453,84918206,12,753
chr16,84928949,84930068,8,1119
chr16,84936305,84936588,7,283
chr16,84938020,84938363,7,343
chr16,84940716,84941842,15,1126
chr16,84948163,84948656,8,493
chr16,84953712,84954218,5,506
chr16,84969051,84969361,5,310
chr16,84975671,84975941,9,270
chr16,84980166,84980216,5,50
chr16,84990506,84990593,7,87
chr16,84997817,84998090,6,273
chr16,85011061,85013399,57,2338
chr16,85027508,85028367,48,859
chr16,85061427,85061900,5,473
chr16,85078121,85079044,11,923
chr16,85082726,85083027,17,301
chr16,85088952,85089939,6,987
chr16,85099932,85100415,6,483
chr16,85106174,85106245,5,71
chr16,85108182,85108244,8,62
chr16,85112274,85112376,5,102
chr16,85113589,85116660,25,3071
chr16,85123865,85124302,16,437
chr16,85126947,85126999,5,52
chr16,85134645,85134971,10,326
chr16,85136324,85138396,15,2072
chr16,85140399,85141169,7,770
chr16,85147069,85147913,6,844
chr16,85163141,85163371,8,230
chr16,85168916,85172609,107,3693
chr16,85176539,85178004,12,1465
chr16,85181112,85182185,12,1073
chr16,85191673,85191760,5,87
chr16,85196945,85197843,9,898
chr16,85200586,85202147,7,1561
chr16,85206140,85206258,8,118
chr16,85207601,85208213,15,612
chr16,85214034,85214697,12,663
chr16,85220320,85220494,11,174
chr16,85222725,85223881,11,1156
chr16,85234752,85236210,29,1458
chr16,85238175,85240457,13,2282
chr16,85251514,85253051,11,1537
chr16,85254935,85256206,13,1271
chr16,85262427,85263435,7,1008
chr16,85282368,85282586,8,218
chr16,85284198,85284329,8,131
chr16,85286907,85287168,19,261
chr16,85290750,85291899,9,1149
chr16,85293470,85294108,8,638
chr16,85296326,85296561,5,235
chr16,85303522,85303874,8,352
chr16,85309531,85309613,5,82
chr16,85316370,85317878,9,1508
chr16,85319947,85320123,6,176
chr16,85327282,85328741,5,1459
chr16,85334779,85336129,18,1350
chr16,85337632,85340206,11,2574
chr16,85342760,85344356,7,1596
chr16,85348583,85349097,7,514
chr16,85354489,85355244,8,755
chr16,85357610,85359380,8,1770
chr16,85360392,85360571,6,179
chr16,85366116,85368143,26,2027
chr16,85377725,85378105,7,380
chr16,85382046,85382179,7,133
chr16,85385109,85385719,11,610
chr16,85394085,85394190,7,105
chr16,85401172,85403272,26,2100
chr16,85412748,85413495,15,747
chr16,85415671,85417101,14,1430
chr16,85421059,85422369,13,1310
chr16,85424268,85424348,7,80
chr16,85436600,85439179,24,2579
chr16,85440896,85440991,7,95
chr16,85443777,85444077,10,300
chr16,85448720,85448861,8,141
chr16,85461998,85465165,62,3167
chr16,85472365,85472633,6,268
chr16,85476042,85476274,8,232
chr16,85480919,85481934,10,1015
chr16,85485008,85486821,24,1813
chr16,85496080,85496486,11,406
chr16,85509971,85510169,9,198
chr16,85513805,85516352,14,2547
chr16,85521011,85521895,16,884
chr16,85524038,85525280,20,1242
chr16,85527086,85527691,18,605
chr16,85535231,85536972,16,1741
chr16,85538063,85538615,6,552
chr16,85545720,85546177,10,457
chr16,85552979,85556896,101,3917
chr16,85558063,85558305,5,242
chr16,85559829,85560221,5,392
chr16,85564032,85565218,5,1186
chr16,85571092,85571565,9,473
chr16,85574107,85575436,16,1329
chr16,85577665,85577940,5,275
chr16,85587785,85589158,9,1373
chr16,85593917,85594042,9,125
chr16,85602527,85602836,7,309
chr16,85605662,85606561,6,899
chr16,85610545,85616789,186,6244
chr16,85624659,85628344,40,3685
chr16,85632711,85633799,7,1088
chr16,85634970,85635077,6,107
chr16,85636529,85637725,17,1196
chr16,85638818,85639196,7,378
chr16,85640386,85642829,24,2443
chr16,85643856,85644223,6,367
chr16,85646911,85648318,13,1407
chr16,85649932,85652380,29,2448
chr16,85653382,85653435,5,53
chr16,85656743,85656994,8,251
chr16,85661351,85661474,10,123
chr16,85665575,85666148,15,573
chr16,85667679,85668533,5,854
chr16,85671070,85671236,6,166
chr16,85687899,85690151,66,2252
chr16,85697562,85697965,13,403
chr16,85710381,85711515,14,1134
chr16,85717094,85717617,6,523
chr16,85722579,85722737,5,158
chr16,85726815,85727670,11,855
chr16,85740616,85740678,6,62
chr16,85743910,85744081,7,171
chr16,85749827,85751355,60,1528
chr16,85752512,85753482,11,970
chr16,85759151,85759785,16,634
chr16,85766994,85767626,5,632
chr16,85769076,85769244,7,168
chr16,85782562,85783385,6,823
chr16,85797952,85800900,63,2948
chr16,85812557,85812682,7,125
chr16,85821529,85822244,11,715
chr16,85829486,85829901,11,415
chr16,85833503,85833675,8,172
chr16,85838835,85839706,12,871
chr16,85845507,85845687,7,180
chr16,85847412,85848642,12,1230
chr16,85891988,85892031,5,43
chr16,85898626,85899320,46,694
chr16,85902874,85903124,9,250
chr16,85915650,85916667,6,1017
chr16,85919702,85921211,13,1509
chr16,85930456,85933885,30,3429
chr16,85936889,85936949,5,60
chr16,85948241,85949456,8,1215
chr16,85978493,85978784,11,291
chr16,85982452,85982578,5,126
chr16,85995845,85996478,5,633
chr16,86033301,86033431,7,130
chr16,86048335,86049181,7,846
chr16,86066673,86066891,5,218
chr16,86070007,86070254,6,247
chr16,86087032,86087243,8,211
chr16,86198175,86199977,22,1802
chr16,86204933,86205114,5,181
chr16,86285648,86288021,26,2373
chr16,86298620,86298839,5,219
chr16,86303822,86304190,10,368
chr16,86320827,86321599,16,772
chr16,86334260,86335990,10,1730
chr16,86343278,86343586,10,308
chr16,86368517,86368833,8,316
chr16,86371040,86371493,7,453
chr16,86381368,86381575,8,207
chr16,86385082,86385210,9,128
chr16,86405472,86406014,6,542
chr16,86429423,86429521,5,98
chr16,86441548,86442109,9,561
chr16,86444376,86444584,10,208
chr16,86493368,86499000,178,5632
chr16,86502387,86504508,20,2121
chr16,86505716,86506009,31,293
chr16,86507318,86513962,181,6644
chr16,86515216,86516890,54,1674
chr16,86519742,86519823,5,81
chr16,86531168,86532254,19,1086
chr16,86536932,86537081,5,149
chr16,86542131,86542251,8,120
chr16,86554860,86555612,26,752
chr16,86562368,86564567,28,2199
chr16,86566773,86568971,97,2198
chr16,86570732,86570924,5,192
chr16,86575800,86580214,163,4414
chr16,86641663,86641943,5,280
chr16,86670703,86672551,12,1848
chr16,86681393,86682291,10,898
chr16,86700529,86700617,8,88
chr16,86701790,86702092,5,302
chr16,86703902,86704559,8,657
chr16,86722214,86723649,6,1435
chr16,86733109,86735090,22,1981
chr16,86741396,86741690,8,294
chr16,86752364,86752981,11,617
chr16,86755570,86755902,8,332
chr16,86758110,86759080,7,970
chr16,86760242,86762356,23,2114
chr16,86775170,86775733,6,563
chr16,86806130,86807379,14,1249
chr16,86818418,86819376,7,958
chr16,86823964,86825219,7,1255
chr16,86844325,86844468,5,143
chr16,86864840,86866039,11,1199
chr16,86884506,86885063,12,557
chr16,86907076,86907182,6,106
chr16,86918022,86918108,5,86
chr16,86925523,86926513,12,990
chr16,86928815,86930346,26,1531
chr16,86931369,86931779,14,410
chr16,86934079,86934767,7,688
chr16,86953851,86954013,5,162
chr16,86955693,86957972,10,2279
chr16,86982618,86982936,5,318
chr16,86987974,86988959,9,985
chr16,87033109,87033270,5,161
chr16,87036421,87036831,7,410
chr16,87053179,87053423,7,244
chr16,87057846,87058026,6,180
chr16,87065544,87067366,19,1822
chr16,87075043,87075251,7,208
chr16,87121603,87122017,7,414
chr16,87127192,87127319,9,127
chr16,87140498,87141075,12,577
chr16,87152015,87152365,7,350
chr16,87166643,87166833,6,190
chr16,87216509,87216967,7,458
chr16,87279315,87279519,9,204
chr16,87304804,87305996,5,1192
chr16,87317580,87317884,7,304
chr16,87324211,87325266,12,1055
chr16,87331198,87331452,15,254
chr16,87339610,87339802,6,192
chr16,87342687,87342717,5,30
chr16,87344237,87346210,24,1973
chr16,87348768,87349328,5,560
chr16,87352582,87352835,5,253
chr16,87365596,87365953,5,357
chr16,87370966,87371853,7,887
chr16,87374540,87375415,11,875
chr16,87382757,87383666,68,909
chr16,87387731,87387867,6,136
chr16,87391072,87393833,101,2761
chr16,87412292,87413189,10,897
chr16,87419117,87419511,11,394
chr16,87420629,87421338,12,709
chr16,87431397,87431429,5,32
chr16,87434054,87434322,8,268
chr16,87490453,87493983,112,3530
chr16,87497638,87497686,5,48
chr16,87507397,87507638,7,241
chr16,87518344,87518707,10,363
chr16,87550536,87550580,5,44
chr16,87560258,87560609,6,351
chr16,87564820,87565199,8,379
chr16,87576323,87576460,8,137
chr16,87582452,87582581,6,129
chr16,87586779,87589044,23,2265
chr16,87591078,87592278,11,1200
chr16,87601494,87605823,151,4329
chr16,87607226,87608711,12,1485
chr16,87614757,87618351,27,3594
chr16,87628467,87628715,6,248
chr16,87634289,87638602,17,4313
chr16,87644775,87644861,11,86
chr16,87648471,87648614,10,143
chr16,87654876,87655001,8,125
chr16,87664262,87665384,12,1122
chr16,87667025,87669058,23,2033
chr16,87678817,87681708,51,2891
chr16,87683071,87684527,12,1456
chr16,87688634,87690425,55,1791
chr16,87694419,87695884,10,1465
chr16,87696951,87697026,7,75
chr16,87702034,87703533,32,1499
chr16,87707510,87707746,7,236
chr16,87708963,87709054,8,91
chr16,87722080,87723474,8,1394
chr16,87753897,87754797,6,900
chr16,87765156,87766740,61,1584
chr16,87777464,87779434,24,1970
chr16,87791418,87791593,10,175
chr16,87792848,87794717,12,1869
chr16,87816403,87816736,7,333
chr16,87821058,87823920,20,2862
chr16,87825100,87827109,13,2009
chr16,87832905,87833946,9,1041
chr16,87835807,87836718,19,911
chr16,87839562,87840640,11,1078
chr16,87843694,87846871,23,3177
chr16,87849105,87849811,6,706
chr16,87852301,87855224,23,2923
chr16,87856432,87858663,11,2231
chr16,87867024,87867439,9,415
chr16,87868767,87873429,48,4662
chr16,87881707,87882021,9,314
chr16,87883637,87883966,7,329
chr16,87890402,87890493,6,91
chr16,87899748,87900046,5,298
chr16,87911230,87913758,13,2528
chr16,87914764,87914964,5,200
chr16,87918913,87919439,7,526
chr16,87924531,87924820,11,289
chr16,87926923,87927150,5,227
chr16,87940837,87942370,11,1533
chr16,87950632,87951988,47,1356
chr16,87956455,87957719,14,1264
chr16,87959573,87960042,15,469
chr16,87984241,87985041,7,800
chr16,87995229,87996390,8,1161
chr16,88011158,88011725,10,567
chr16,88018052,88019722,23,1670
chr16,88029331,88029467,6,136
chr16,88039888,88040808,7,920
chr16,88046708,88047193,10,485
chr16,88049233,88050383,5,1150
chr16,88057602,88057865,5,263
chr16,88072258,88072547,6,289
chr16,88075270,88075340,5,70
chr16,88083759,88083866,5,107
chr16,88087267,88088043,7,776
chr16,88089135,88089243,9,108
chr16,88090341,88091460,11,1119
chr16,88099504,88099598,6,94
chr16,88101167,88101477,12,310
chr16,88114429,88115470,9,1041
chr16,88118633,88120720,15,2087
chr16,88130236,88131548,23,1312
chr16,88135659,88135921,11,262
chr16,88141350,88141454,5,104
chr16,88150614,88151365,24,751
chr16,88166991,88167690,7,699
chr16,88170878,88170940,5,62
chr16,88176985,88177868,9,883
chr16,88186103,88187441,32,1338
chr16,88194571,88194876,12,305
chr16,88200013,88201155,9,1142
chr16,88202707,88204251,17,1544
chr16,88220307,88221638,10,1331
chr16,88226924,88227825,19,901
chr16,88235062,88235270,8,208
chr16,88259894,88263047,13,3153
chr16,88267389,88267514,7,125
chr16,88268694,88269865,7,1171
chr16,88290141,88290189,5,48
chr16,88291467,88292389,7,922
chr16,88298284,88298359,5,75
chr16,88299888,88299980,5,92
chr16,88302440,88302514,7,74
chr16,88315920,88316155,8,235
chr16,88327181,88329099,20,1918
chr16,88333679,88333786,5,107
chr16,88340669,88340967,7,298
chr16,88344809,88344899,9,90
chr16,88347407,88347482,6,75
chr16,88350522,88351220,8,698
chr16,88353830,88354529,10,699
chr16,88357031,88359350,20,2319
chr16,88375018,88377387,28,2369
chr16,88382204,88384028,97,1824
chr16,88387492,88388655,16,1163
chr16,88390073,88391260,10,1187
chr16,88393160,88393240,7,80
chr16,88394414,88394546,8,132
chr16,88405738,88406136,10,398
chr16,88413820,88416838,29,3018
chr16,88418103,88420168,19,2065
chr16,88424611,88426111,13,1500
chr16,88428145,88432766,105,4621
chr16,88436094,88439378,66,3284
chr16,88443476,88448290,37,4814
chr16,88452378,88456075,139,3697
chr16,88461391,88463678,26,2287
chr16,88465140,88465865,13,725
chr16,88469100,88469331,6,231
chr16,88470492,88471935,10,1443
chr16,88473941,88475395,11,1454
chr16,88476901,88479039,41,2138
chr16,88481106,88483626,14,2520
chr16,88488182,88490810,35,2628
chr16,88492534,88495962,25,3428
chr16,88497526,88500283,56,2757
chr16,88505570,88505679,6,109
chr16,88508153,88508211,5,58
chr16,88514352,88514519,11,167
chr16,88523797,88524700,18,903
chr16,88526625,88528062,18,1437
chr16,88532107,88534852,128,2745
chr16,88539920,88540351,12,431
chr16,88550365,88550672,12,307
chr16,88552214,88554606,26,2392
chr16,88558426,88558997,15,571
chr16,88562279,88563394,5,1115
chr16,88567512,88568677,13,1165
chr16,88569873,88571439,59,1566
chr16,88577337,88577429,5,92
chr16,88599747,88600003,5,256
chr16,88610887,88611530,20,643
chr16,88622501,88624051,20,1550
chr16,88625587,88625927,6,340
chr16,88631693,88632388,17,695
chr16,88634410,88635685,65,1275
chr16,88637203,88639443,20,2240
chr16,88642646,88643610,30,964
chr16,88647003,88648151,8,1148
chr16,88649713,88655604,89,5891
chr16,88657393,88657697,12,304
chr16,88662300,88663978,47,1678
chr16,88674487,88675348,6,861
chr16,88677772,88678530,24,758
chr16,88681295,88682154,22,859
chr16,88684588,88686651,17,2063
chr16,88688371,88688896,6,525
chr16,88691510,88692518,10,1008
chr16,88697208,88698825,40,1617
chr16,88700293,88703755,50,3462
chr16,88705830,88706931,42,1101
chr16,88712441,88713268,10,827
chr16,88714374,88716054,19,1680
chr16,88723356,88724204,17,848
chr16,88725475,88728093,19,2618
chr16,88730454,88731403,5,949
chr16,88732486,88732700,11,214
chr16,88734828,88734936,5,108
chr16,88740926,88741534,8,608
chr16,88744020,88747969,38,3949
chr16,88749132,88752338,29,3206
chr16,88753656,88755859,33,2203
chr16,88760750,88760789,5,39
chr16,88762119,88763649,6,1530
chr16,88769680,88771268,32,1588
chr16,88775082,88775585,15,503
chr16,88777041,88778585,13,1544
chr16,88779592,88779884,9,292
chr16,88783635,88786461,130,2826
chr16,88791978,88792309,11,331
chr16,88793454,88793880,13,426
chr16,88796516,88797848,10,1332
chr16,88799976,88800098,5,122
chr16,88802201,88807323,134,5122
chr16,88811141,88814656,63,3515
chr16,88817563,88818428,25,865
chr16,88823748,88823783,5,35
chr16,88833514,88834933,9,1419
chr16,88841817,88844271,22,2454
chr16,88847617,88848926,25,1309
chr16,88853909,88855093,7,1184
chr16,88856494,88857534,22,1040
chr16,88876953,88878303,14,1350
chr16,88880352,88881573,30,1221
chr16,88883591,88883746,11,155
chr16,88885034,88887674,37,2640
chr16,88892149,88892350,7,201
chr16,88895089,88895434,5,345
chr16,88896840,88897142,12,302
chr16,88898297,88898501,9,204
chr16,88899842,88903335,26,3493
chr16,88908417,88910467,34,2050
chr16,88917365,88917917,7,552
chr16,88919301,88919519,6,218
chr16,88921461,88922682,20,1221
chr16,88923700,88923780,5,80
chr16,88924998,88925820,19,822
chr16,88927140,88928276,23,1136
chr16,88932825,88934169,18,1344
chr16,88936240,88938403,31,2163
chr16,88940174,88942059,84,1885
chr16,88948911,88949534,5,623
chr16,88951550,88953743,19,2193
chr16,88956357,88957789,17,1432
chr16,88972057,88973586,7,1529
chr16,88975424,88978644,61,3220
chr16,88981208,88984323,25,3115
chr16,88988515,88989507,10,992
chr16,88992461,88993336,7,875
chr16,88995885,88996359,13,474
chr16,89000511,89004349,26,3838
chr16,89006225,89006305,8,80
chr16,89014739,89015843,9,1104
chr16,89032830,89033494,6,664
chr16,89036366,89038832,21,2466
chr16,89040083,89042046,12,1963
chr16,89048141,89048945,16,804
chr16,89049971,89054892,57,4921
chr16,89063931,89065046,14,1115
chr16,89067178,89067947,8,769
chr16,89071282,89073217,18,1935
chr16,89078332,89079571,17,1239
chr16,89088966,89089284,7,318
chr16,89090852,89091199,10,347
chr16,89093427,89094488,50,1061
chr16,89100664,89101682,27,1018
chr16,89113361,89113962,8,601
chr16,89117061,89117915,5,854
chr16,89119743,89119974,11,231
chr16,89123473,89123545,6,72
chr16,89136158,89137234,17,1076
chr16,89139098,89139685,19,587
chr16,89153845,89155045,9,1200
chr16,89160702,89161551,30,849
chr16,89165512,89168346,16,2834
chr16,89170432,89171543,32,1111
chr16,89174904,89175605,14,701
chr16,89178714,89178861,7,147
chr16,89184924,89185687,8,763
chr16,89187720,89188332,7,612
chr16,89191350,89193493,48,2143
chr16,89194627,89196144,8,1517
chr16,89198403,89198487,5,84
chr16,89200347,89202758,100,2411
chr16,89217383,89218049,55,666
chr16,89227788,89227872,5,84
chr16,89240568,89242548,24,1980
chr16,89244565,89245438,5,873
chr16,89246732,89249029,66,2297
chr16,89254440,89259087,86,4647
chr16,89265362,89266157,8,795
chr16,89269542,89270450,6,908
chr16,89277004,89277265,5,261
chr16,89279024,89281024,34,2000
chr16,89283637,89283858,6,221
chr16,89297494,89297578,5,84
chr16,89305118,89305579,6,461
chr16,89307180,89307556,7,376
chr16,89318313,89319427,11,1114
chr16,89323004,89323110,6,106
chr16,89345264,89345336,5,72
chr16,89367136,89367483,16,347
chr16,89371997,89373399,16,1402
chr16,89385851,89387621,12,1770
chr16,89388668,89388824,6,156
chr16,89405881,89406809,7,928
chr16,89456472,89456692,5,220
chr16,89469858,89470157,10,299
chr16,89489528,89492239,111,2711
chr16,89496550,89497686,12,1136
chr16,89500597,89501861,22,1264
chr16,89506845,89509343,88,2498
chr16,89518795,89519677,6,882
chr16,89532467,89533220,9,753
chr16,89541788,89542089,17,301
chr16,89544362,89545449,5,1087
chr16,89547053,89547093,5,40
chr16,89560382,89562970,62,2588
chr16,89565247,89567034,29,1787
chr16,89568164,89568332,5,168
chr16,89572341,89572667,8,326
chr16,89574482,89577550,184,3068
chr16,89583226,89584096,19,870
chr16,89592632,89592905,5,273
chr16,89601987,89602639,20,652
chr16,89606277,89608576,15,2299
chr16,89613661,89614789,16,1128
chr16,89616336,89616534,12,198
chr16,89618754,89618901,5,147
chr16,89623639,89624762,16,1123
chr16,89636528,89638452,14,1924
chr16,89641329,89641884,7,555
chr16,89652771,89653337,9,566
chr16,89657031,89658507,73,1476
chr16,89672618,89675044,9,2426
chr16,89686511,89687106,58,595
chr16,89692251,89692787,5,536
chr16,89694725,89695647,9,922
chr16,89698375,89698880,8,505
chr16,89700252,89700368,13,116
chr16,89701377,89702454,74,1077
chr16,89705137,89706210,11,1073
chr16,89709929,89713340,63,3411
chr16,89717018,89717793,8,775
chr16,89719022,89723175,170,4153
chr16,89726626,89726738,6,112
chr16,89733383,89733865,7,482
chr16,89759900,89759958,5,58
chr16,89766585,89769163,10,2578
chr16,89787294,89787961,5,667
chr16,89793226,89793312,5,86
chr16,89799918,89800964,5,1046
chr16,89807004,89807378,6,374
chr16,89809599,89809769,5,170
chr16,89814889,89817687,76,2798
chr16,89827625,89829095,92,1470
chr16,89843206,89843492,6,286
chr16,89844717,89846929,21,2212
chr16,89850192,89850683,15,491
chr16,89852627,89852973,9,346
chr16,89855635,89856530,15,895
chr16,89873013,89874231,91,1218
chr16,89893576,89894737,13,1161
chr16,89909435,89910970,29,1535
chr16,89913537,89913595,5,58
chr16,89916011,89916238,8,227
chr16,89919384,89919921,12,537
chr16,89921844,89923470,76,1626
chr16,89925887,89926616,39,729
chr16,89935295,89937893,27,2598
chr16,89941257,89941383,5,126
chr16,89948065,89949549,22,1484
chr16,89961932,89962059,9,127
chr16,89972175,89974515,32,2340
chr16,89979073,89979532,10,459
chr16,89989514,89989791,5,277
chr16,89999227,89999961,7,734
chr16,90002324,90002586,8,262
chr16,90008984,90009294,7,310
chr16,90018784,90019659,55,875
chr16,90022546,90024282,34,1736
chr16,90031317,90031440,8,123
chr16,90047085,90047640,19,555
chr16,90077311,90077343,5,32
chr16,90082526,90083875,11,1349
chr16,90106069,90106440,30,371
chr16,90172702,90172762,5,60
chr17,132122,132280,6,158
chr17,134057,134108,7,51
chr17,141970,142607,5,637
chr17,160145,161495,14,1350
chr17,179937,182712,134,2775
chr17,185820,186532,11,712
chr17,193254,194726,8,1472
chr17,205301,205444,5,143
chr17,214200,215028,14,828
chr17,235101,235672,13,571
chr17,237081,237153,5,72
chr17,258924,259713,7,789
chr17,286705,286835,6,130
chr17,290038,290450,5,412
chr17,292795,293857,13,1062
chr17,305161,305363,10,202
chr17,309438,309785,5,347
chr17,312025,312161,6,136
chr17,321379,323824,35,2445
chr17,327519,327557,5,38
chr17,332825,333159,11,334
chr17,335949,336469,10,520
chr17,339090,340407,9,1317
chr17,352469,352712,8,243
chr17,356801,357794,11,993
chr17,362918,364779,15,1861
chr17,367022,367823,6,801
chr17,379794,381540,16,1746
chr17,384696,386481,89,1785
chr17,389823,389909,6,86
chr17,410115,410645,29,530
chr17,422536,422737,10,201
chr17,440537,441449,11,912
chr17,489625,491559,72,1934
chr17,503009,504021,12,1012
chr17,519045,520312,14,1267
chr17,522989,523104,5,115
chr17,534452,535596,10,1144
chr17,558459,558588,9,129
chr17,564464,566836,7,2372
chr17,602088,602148,6,60
chr17,617128,619495,43,2367
chr17,660994,661139,6,145
chr17,677945,678707,9,762
chr17,702083,702490,5,407
chr17,713857,715997,70,2140
chr17,726358,727516,13,1158
chr17,731874,733176,115,1302
chr17,737902,738616,5,714
chr17,739803,740511,12,708
chr17,751826,752668,75,842
chr17,756922,757030,7,108
chr17,780691,782660,51,1969
chr17,786320,787112,6,792
chr17,794060,795410,14,1350
chr17,799694,799744,5,50
chr17,800961,801538,11,577
chr17,807112,807649,12,537
chr17,811895,812020,5,125
chr17,813890,814335,5,445
chr17,818816,819766,11,950
chr17,822481,824513,18,2032
chr17,827438,827722,6,284
chr17,840362,842238,12,1876
chr17,850650,851447,9,797
chr17,853138,853272,5,134
chr17,864140,864187,8,47
chr17,868219,868965,14,746
chr17,875148,876037,5,889
chr17,880188,881454,17,1266
chr17,896866,897009,6,143
chr17,910769,911624,7,855
chr17,921348,921400,5,52
chr17,926347,926638,6,291
chr17,929665,931140,10,1475
chr17,936463,937752,5,1289
chr17,943538,944775,7,1237
chr17,946998,947127,5,129
chr17,948537,948823,17,286
chr17,951764,952788,7,1024
chr17,954499,956188,6,1689
chr17,959466,962090,15,2624
chr17,963319,963993,8,674
chr17,969346,969530,5,184
chr17,971566,971626,6,60
chr17,978503,981248,85,2745
chr17,987174,988125,7,951
chr17,989282,989786,8,504
chr17,991274,991915,6,641
chr17,996245,997522,55,1277
chr17,1003847,1005468,9,1621
chr17,1007459,1008044,7,585
chr17,1010668,1010777,5,109
chr17,1011852,1012722,19,870
chr17,1014389,1014702,6,313
chr17,1020868,1022541,13,1673
chr17,1024267,1024341,6,74
chr17,1025732,1026398,12,666
chr17,1031028,1032304,62,1276
chr17,1036630,1036686,7,56
chr17,1039897,1041080,9,1183
chr17,1043903,1044291,6,388
chr17,1049759,1049872,6,113
chr17,1053294,1054165,13,871
chr17,1055690,1057131,12,1441
chr17,1060916,1061823,5,907
chr17,1073424,1073841,5,417
chr17,1087460,1088249,16,789
chr17,1091195,1091584,7,389
chr17,1095619,1095778,9,159
chr17,1096808,1098372,9,1564
chr17,1100404,1104142,22,3738
chr17,1108264,1109631,52,1367
chr17,1123149,1127037,44,3888
chr17,1137229,1137519,9,290
chr17,1142441,1142638,6,197
chr17,1148691,1150589,17,1898
chr17,1156385,1157343,6,958
chr17,1165180,1166066,14,886
chr17,1167698,1168327,10,629
chr17,1173866,1174013,6,147
chr17,1177842,1180490,93,2648
chr17,1182201,1183188,13,987
chr17,1191052,1191450,8,398
chr17,1198728,1199301,5,573
chr17,1201146,1201511,8,365
chr17,1203215,1205197,48,1982
chr17,1221717,1223058,8,1341
chr17,1227731,1230657,132,2926
chr17,1239068,1240115,7,1047
chr17,1251611,1253888,14,2277
chr17,1256505,1257016,18,511
chr17,1259118,1259877,37,759
chr17,1261295,1262583,9,1288
chr17,1267787,1268622,42,835
chr17,1269727,1271477,45,1750
chr17,1279982,1280978,17,996
chr17,1288118,1289779,17,1661
chr17,1290820,1291008,5,188
chr17,1294217,1297262,18,3045
chr17,1299864,1301164,11,1300
chr17,1322746,1324296,14,1550
chr17,1329704,1330619,12,915
chr17,1335938,1337067,8,1129
chr17,1348882,1349769,14,887
chr17,1357327,1357397,6,70
chr17,1369425,1370856,5,1431
chr17,1396810,1397194,7,384
chr17,1399362,1401382,80,2020
chr17,1415102,1415274,6,172
chr17,1416700,1417786,9,1086
chr17,1421657,1421879,5,222
chr17,1438994,1439188,7,194
chr17,1455440,1456916,63,1476
chr17,1468027,1468055,6,28
chr17,1469174,1474825,57,5651
chr17,1483638,1488355,147,4717
chr17,1490940,1493499,100,2559
chr17,1515913,1517458,41,1545
chr17,1539839,1540090,5,251
chr17,1543608,1543974,5,366
chr17,1547918,1548275,14,357
chr17,1549441,1550359,5,918
chr17,1551868,1551941,5,73
chr17,1561572,1563552,125,1980
chr17,1573301,1573379,5,78
chr17,1574407,1576176,28,1769
chr17,1578493,1579384,6,891
chr17,1582580,1585788,25,3208
chr17,1588833,1589003,16,170
chr17,1604349,1605488,26,1139
chr17,1606589,1606711,10,122
chr17,1611559,1613545,18,1986
chr17,1617891,1618915,7,1024
chr17,1627924,1630254,112,2330
chr17,1634596,1635389,10,793
chr17,1636405,1636811,9,406
chr17,1638436,1638545,5,109
chr17,1642890,1644077,46,1187
chr17,1647917,1650328,47,2411
chr17,1674054,1674571,5,517
chr17,1676560,1677645,6,1085
chr17,1684391,1686064,39,1673
chr17,1689484,1689533,5,49
chr17,1691519,1692258,7,739
chr17,1697995,1698587,7,592
chr17,1701718,1701844,10,126
chr17,1705138,1705291,5,153
chr17,1709761,1710882,59,1121
chr17,1714519,1716753,91,2234
chr17,1720164,1720498,6,334
chr17,1724220,1725236,74,1016
chr17,1726437,1726574,8,137
chr17,1728877,1731493,15,2616
chr17,1747006,1747657,12,651
chr17,1750681,1751025,5,344
chr17,1752730,1756509,35,3779
chr17,1764106,1764380,6,274
chr17,1766076,1767514,16,1438
chr17,1771061,1771341,8,280
chr17,1783294,1783340,6,46
chr17,1792993,1793371,9,378
chr17,1829278,1830268,57,990
chr17,1893293,1893356,5,63
chr17,1898478,1898514,6,36
chr17,1905324,1905546,14,222
chr17,1906824,1908864,56,2040
chr17,1911201,1911581,5,380
chr17,1915989,1917090,7,1101
chr17,1918855,1919268,6,413
chr17,1921240,1921331,8,91
chr17,1924859,1924923,5,64
chr17,1930861,1932316,17,1455
chr17,1934197,1934906,6,709
chr17,1936163,1937675,12,1512
chr17,1949574,1950545,13,971
chr17,1955480,1955676,5,196
chr17,1958477,1959038,8,561
chr17,1963720,1964088,5,368
chr17,1966538,1968697,9,2159
chr17,1977752,1978045,23,293
chr17,1987214,1987378,5,164
chr17,1989543,1990215,6,672
chr17,1992220,1992283,6,63
chr17,1994048,1994104,8,56
chr17,1997809,1998838,49,1029
chr17,2005857,2005938,7,81
chr17,2008193,2008440,9,247
chr17,2015475,2015760,8,285
chr17,2022036,2025874,100,3838
chr17,2028665,2030184,16,1519
chr17,2032892,2033907,9,1015
chr17,2041563,2043005,45,1442
chr17,2050025,2052265,109,2240
chr17,2053533,2059501,212,5968
chr17,2071460,2072255,7,795
chr17,2076566,2076683,5,117
chr17,2169193,2169553,6,360
chr17,2174666,2174750,5,84
chr17,2244359,2245050,5,691
chr17,2255328,2255553,7,225
chr17,2266208,2266299,6,91
chr17,2283094,2283543,5,449
chr17,2291255,2291513,7,258
chr17,2298574,2298996,5,422
chr17,2303121,2304679,73,1558
chr17,2317396,2317468,7,72
chr17,2336414,2338043,108,1629
chr17,2358671,2359763,11,1092
chr17,2363203,2363348,7,145
chr17,2372175,2372941,21,766
chr17,2379476,2380848,7,1372
chr17,2392391,2395701,113,3310
chr17,2396788,2397181,13,393
chr17,2398435,2402727,141,4292
chr17,2421764,2422840,7,1076
chr17,2442939,2443100,5,161
chr17,2456932,2457129,5,197
chr17,2520416,2520658,9,242
chr17,2543062,2543532,7,470
chr17,2551062,2551740,6,678
chr17,2563173,2563777,7,604
chr17,2591364,2592003,7,639
chr17,2593260,2594716,80,1456
chr17,2631165,2631703,7,538
chr17,2684787,2684898,6,111
chr17,2688661,2689803,12,1142
chr17,2691422,2692162,18,740
chr17,2696598,2698939,32,2341
chr17,2701418,2703559,18,2141
chr17,2706137,2707440,16,1303
chr17,2711389,2712578,35,1189
chr17,2717405,2717584,8,179
chr17,2718698,2719372,6,674
chr17,2724083,2725306,52,1223
chr17,2744309,2744494,6,185
chr17,2748881,2749720,43,839
chr17,2755323,2756538,55,1215
chr17,2766180,2767190,5,1010
chr17,2776103,2777465,78,1362
chr17,2785452,2787043,22,1591
chr17,2792704,2792863,8,159
chr17,2796211,2797943,15,1732
chr17,2800436,2800602,5,166
chr17,2808584,2809531,6,947
chr17,2812361,2813157,5,796
chr17,2824371,2825615,11,1244
chr17,2828750,2829143,5,393
chr17,2850470,2850928,7,458
chr17,2852254,2854532,129,2278
chr17,2863976,2864008,5,32
chr17,2869722,2870160,11,438
chr17,2878881,2879209,10,328
chr17,2890809,2890845,5,36
chr17,2904142,2904319,7,177
chr17,2925159,2926226,6,1067
chr17,2928236,2928458,9,222
chr17,2935640,2936872,24,1232
chr17,2938496,2940406,13,1910
chr17,2947717,2947871,6,154
chr17,2957052,2957872,13,820
chr17,2962695,2964048,13,1353
chr17,2965356,2965620,10,264
chr17,2990363,2990580,5,217
chr17,2991888,2992042,5,154
chr17,3002151,3002727,6,576
chr17,3004212,3006526,25,2314
chr17,3026245,3026320,8,75
chr17,3048746,3049473,18,727
chr17,3123459,3125184,7,1725
chr17,3371541,3371590,6,49
chr17,3386289,3387310,11,1021
chr17,3470487,3471237,9,750
chr17,3472240,3472315,6,75
chr17,3510407,3510762,5,355
chr17,3528847,3529199,9,352
chr17,3535520,3535748,18,228
chr17,3544510,3545567,7,1057
chr17,3571442,3571687,6,245
chr17,3576576,3576618,6,42
chr17,3584204,3584562,6,358
chr17,3592129,3592208,5,79
chr17,3600563,3601080,6,517
chr17,3624023,3624193,6,170
chr17,3630270,3631646,6,1376
chr17,3635530,3637558,78,2028
chr17,3643659,3643727,5,68
chr17,3647694,3648554,5,860
chr17,3657479,3660773,31,3294
chr17,3667628,3669470,112,1842
chr17,3674170,3674235,7,65
chr17,3681485,3681730,9,245
chr17,3688083,3688800,6,717
chr17,3695201,3697139,74,1938
chr17,3712671,3712915,5,244
chr17,3723845,3724899,48,1054
chr17,3731932,3733513,5,1581
chr17,3737217,3737680,6,463
chr17,3746145,3746548,10,403
chr17,3754364,3755468,16,1104
chr17,3756838,3757072,5,234
chr17,3771633,3772091,9,458
chr17,3781442,3782470,13,1028
chr17,3845856,3846388,41,532
chr17,3858627,3858849,5,222
chr17,3860670,3861054,13,384
chr17,3864912,3865053,5,141
chr17,3874032,3874668,9,636
chr17,3888227,3888399,5,172
chr17,3892405,3893546,77,1141
chr17,3897969,3899146,9,1177
chr17,3901257,3904286,19,3029
chr17,3911326,3912750,16,1424
chr17,3914644,3917616,22,2972
chr17,3919082,3919196,5,114
chr17,3922127,3923263,6,1136
chr17,3924621,3925396,22,775
chr17,3943196,3943899,11,703
chr17,3944942,3945250,6,308
chr17,3946963,3948077,24,1114
chr17,3951096,3951757,7,661
chr17,3955127,3956173,15,1046
chr17,3963798,3964919,91,1121
chr17,3976535,3976935,9,400
chr17,3981938,3982167,5,229
chr17,4003278,4004804,37,1526
chr17,4009322,4009739,11,417
chr17,4060335,4060487,5,152
chr17,4100691,4100727,5,36
chr17,4142594,4143959,44,1365
chr17,4169482,4169729,5,247
chr17,4171452,4173421,17,1969
chr17,4177734,4177816,5,82
chr17,4180032,4180284,6,252
chr17,4217270,4217461,6,191
chr17,4222135,4222267,21,132
chr17,4262229,4262386,7,157
chr17,4263411,4264114,42,703
chr17,4274141,4274290,5,149
chr17,4280659,4280730,5,71
chr17,4315968,4316219,5,251
chr17,4365227,4366797,73,1570
chr17,4373993,4375060,5,1067
chr17,4379404,4380260,6,856
chr17,4391415,4391764,5,349
chr17,4392924,4394228,8,1304
chr17,4395585,4397840,10,2255
chr17,4408917,4409217,7,300
chr17,4412706,4413194,8,488
chr17,4432968,4433567,9,599
chr17,4449849,4450056,8,207
chr17,4451195,4451344,5,149
chr17,4476186,4476944,19,758
chr17,4486562,4487282,8,720
chr17,4498315,4499985,56,1670
chr17,4505001,4505107,5,106
chr17,4522123,4522987,9,864
chr17,4529596,4531780,15,2184
chr17,4533743,4534672,7,929
chr17,4536782,4537186,13,404
chr17,4538414,4539683,8,1269
chr17,4540878,4543623,29,2745
chr17,4544765,4544812,6,47
chr17,4548158,4548222,5,64
chr17,4554889,4555405,32,516
chr17,4559649,4560566,6,917
chr17,4566661,4566765,5,104
chr17,4575478,4577063,13,1585
chr17,4584210,4585159,74,949
chr17,4594602,4595322,7,720
chr17,4596802,4596869,5,67
chr17,4599732,4600030,13,298
chr17,4616170,4616388,5,218
chr17,4618258,4619603,24,1345
chr17,4625916,4626282,9,366
chr17,4639087,4644537,57,5450
chr17,4656500,4656921,12,421
chr17,4686021,4686155,5,134
chr17,4694799,4695149,8,350
chr17,4703125,4704623,80,1498
chr17,4709459,4711640,69,2181
chr17,4731069,4731817,12,748
chr17,4738539,4740981,53,2442
chr17,4745937,4747018,11,1081
chr17,4750918,4751640,10,722
chr17,4786299,4790630,115,4331
chr17,4793958,4794616,7,658
chr17,4804646,4805409,11,763
chr17,4806759,4809704,81,2945
chr17,4820947,4820995,6,48
chr17,4822115,4822679,6,564
chr17,4826911,4827139,8,228
chr17,4833303,4834258,29,955
chr17,4858998,4860072,13,1074
chr17,4863844,4865259,9,1415
chr17,4880760,4881369,8,609
chr17,4889457,4889610,10,153
chr17,4891849,4891976,8,127
chr17,4899006,4902207,113,3201
chr17,4909086,4909172,5,86
chr17,4932169,4932372,5,203
chr17,4938060,4940544,49,2484
chr17,4946729,4950561,113,3832
chr17,4951885,4952436,7,551
chr17,4964253,4965002,11,749
chr17,4966304,4968533,49,2229
chr17,4986703,4987658,48,955
chr17,4996502,4999131,74,2629
chr17,5003107,5003672,5,565
chr17,5010470,5010903,10,433
chr17,5022482,5023954,19,1472
chr17,5031342,5031853,21,511
chr17,5034763,5035633,26,870
chr17,5056938,5058182,8,1244
chr17,5062585,5063051,10,466
chr17,5077331,5078488,38,1157
chr17,5081218,5081802,6,584
chr17,5096654,5098443,36,1789
chr17,5111151,5112883,40,1732
chr17,5115475,5116517,12,1042
chr17,5122599,5123563,42,964
chr17,5133538,5134062,6,524
chr17,5139237,5139437,8,200
chr17,5191620,5193569,49,1949
chr17,5229538,5229903,8,365
chr17,5252375,5254558,12,2183
chr17,5263901,5264188,7,287
chr17,5281342,5282820,56,1478
chr17,5338287,5339081,9,794
chr17,5417695,5420447,52,2752
chr17,5438829,5439242,29,413
chr17,5467978,5469345,55,1367
chr17,5485841,5486847,28,1006
chr17,5498942,5501281,74,2339
chr17,5586772,5586936,5,164
chr17,5665119,5667021,8,1902
chr17,5771251,5771524,24,273
chr17,6069773,6071289,59,1516
chr17,6080609,6081905,6,1296
chr17,6090457,6091015,8,558
chr17,6107425,6107768,6,343
chr17,6158324,6158435,5,111
chr17,6191893,6192208,5,315
chr17,6231869,6232630,8,761
chr17,6237978,6238479,9,501
chr17,6362944,6363111,5,167
chr17,6386805,6388527,9,1722
chr17,6405664,6406560,11,896
chr17,6420560,6420825,6,265
chr17,6434875,6435246,8,371
chr17,6443440,6444395,35,955
chr17,6447606,6447718,7,112
chr17,6451796,6452392,6,596
chr17,6454642,6455174,12,532
chr17,6468180,6468494,9,314
chr17,6473901,6474726,6,825
chr17,6508861,6509556,5,695
chr17,6555320,6556695,64,1375
chr17,6566537,6568071,10,1534
chr17,6639923,6641421,76,1498
chr17,6651726,6652236,51,510
chr17,6654824,6657325,43,2501
chr17,6670042,6670381,5,339
chr17,6672139,6672239,7,100
chr17,6695775,6695838,5,63
chr17,6713104,6714083,53,979
chr17,6775610,6776742,37,1132
chr17,6831921,6832031,11,110
chr17,6852332,6852390,5,58
chr17,6853630,6854419,13,789
chr17,6893622,6894757,23,1135
chr17,6957928,6958306,11,378
chr17,6972879,6972947,6,68
chr17,6995577,6997855,72,2278
chr17,7012424,7013049,16,625
chr17,7014292,7015160,48,868
chr17,7021402,7022510,46,1108
chr17,7025699,7027069,12,1370
chr17,7036018,7036336,18,318
chr17,7039793,7040527,5,734
chr17,7042301,7044544,80,2243
chr17,7046329,7046892,8,563
chr17,7062602,7062751,5,149
chr17,7089348,7089380,5,32
chr17,7099595,7102931,22,3336
chr17,7105603,7107950,10,2347
chr17,7108956,7109209,6,253
chr17,7112288,7112595,9,307
chr17,7120764,7121866,6,1102
chr17,7125325,7125393,6,68
chr17,7129444,7129544,5,100
chr17,7131895,7132309,7,414
chr17,7143713,7144049,6,336
chr17,7146643,7147648,5,1005
chr17,7174084,7174471,24,387
chr17,7178141,7181421,25,3280
chr17,7192067,7193054,15,987
chr17,7194875,7196143,10,1268
chr17,7204493,7205418,28,925
chr17,7213222,7214709,36,1487
chr17,7217438,7217548,7,110
chr17,7219877,7220671,14,794
chr17,7233649,7234458,17,809
chr17,7237036,7239970,93,2934
chr17,7242253,7243298,21,1045
chr17,7251866,7253295,12,1429
chr17,7261225,7263510,131,2285
chr17,7264685,7265832,8,1147
chr17,7270604,7272050,14,1446
chr17,7273481,7273543,5,62
chr17,7279445,7282639,69,3194
chr17,7293127,7297580,95,4453
chr17,7307349,7308893,69,1544
chr17,7314884,7316322,66,1438
chr17,7323827,7324172,10,345
chr17,7328936,7329397,31,461
chr17,7330407,7330896,12,489
chr17,7332153,7332703,5,550
chr17,7336694,7336786,6,92
chr17,7341037,7341334,6,297
chr17,7342649,7343521,12,872
chr17,7347182,7347318,6,136
chr17,7350387,7353141,116,2754
chr17,7362723,7363546,11,823
chr17,7378023,7378664,11,641
chr17,7381011,7384638,56,3627
chr17,7393380,7395551,56,2171
chr17,7403773,7405917,77,2144
chr17,7408354,7408722,10,368
chr17,7414271,7415794,13,1523
chr17,7417222,7417289,7,67
chr17,7418373,7419239,5,866
chr17,7434462,7438577,103,4115
chr17,7439612,7440953,40,1341
chr17,7444997,7445510,13,513
chr17,7446639,7447120,19,481
chr17,7455351,7457273,21,1922
chr17,7462147,7462710,14,563
chr17,7466362,7466668,6,306
chr17,7474935,7475213,7,278
chr17,7479012,7479908,35,896
chr17,7483019,7484902,21,1883
chr17,7548484,7549273,25,789
chr17,7557982,7563629,93,5647
chr17,7568347,7568684,7,337
chr17,7572473,7573822,87,1349
chr17,7581424,7583482,24,2058
chr17,7584917,7585393,7,476
chr17,7588997,7590028,52,1031
chr17,7601654,7602303,6,649
chr17,7613940,7615663,50,1723
chr17,7625815,7628469,12,2654
chr17,7640962,7640998,6,36
chr17,7642636,7643512,9,876
chr17,7649241,7651796,46,2555
chr17,7660276,7660449,5,173
chr17,7682274,7682510,8,236
chr17,7685995,7688802,70,2807
chr17,7701430,7701899,21,469
chr17,7702996,7703053,5,57
chr17,7704818,7705909,35,1091
chr17,7713021,7713269,6,248
chr17,7716950,7717693,30,743
chr17,7740140,7741824,23,1684
chr17,7748379,7749264,5,885
chr17,7753871,7753974,6,103
chr17,7786035,7787044,11,1009
chr17,7817380,7819670,12,2290
chr17,7832615,7833941,15,1326
chr17,7835086,7837022,92,1936
chr17,7841749,7842647,12,898
chr17,7843661,7845372,43,1711
chr17,7847213,7847509,11,296
chr17,7848926,7850129,17,1203
chr17,7852242,7852320,5,78
chr17,7853393,7859272,130,5879
chr17,7872551,7872647,5,96
chr17,7884643,7888173,86,3530
chr17,7890201,7890598,10,397
chr17,7903248,7903881,12,633
chr17,7907911,7907959,6,48
chr17,7911209,7911348,5,139
chr17,7915679,7916582,36,903
chr17,7922852,7923294,17,442
chr17,7929257,7929507,12,250
chr17,7931725,7932094,13,369
chr17,7941483,7941772,10,289
chr17,7948261,7949149,6,888
chr17,7967484,7967615,6,131
chr17,7989059,7990360,36,1301
chr17,7994036,7994379,6,343
chr17,8002724,8004168,62,1444
chr17,8006490,8006633,10,143
chr17,8010664,8010733,5,69
chr17,8014453,8014704,6,251
chr17,8016055,8016678,8,623
chr17,8024330,8024540,5,210
chr17,8039185,8039619,23,434
chr17,8057706,8058625,7,919
chr17,8062841,8064426,22,1585
chr17,8071223,8071623,9,400
chr17,8072801,8073793,31,992
chr17,8078826,8080923,52,2097
chr17,8106682,8106740,5,58
chr17,8109578,8110362,32,784
chr17,8117145,8118837,24,1692
chr17,8120691,8129411,244,8720
chr17,8138112,8138481,12,369
chr17,8142748,8142796,5,48
chr17,8147418,8148875,11,1457
chr17,8150042,8150108,5,66
chr17,8151197,8153045,32,1848
chr17,8155819,8157791,34,1972
chr17,8162351,8163118,63,767
chr17,8164405,8164603,5,198
chr17,8176201,8180331,56,4130
chr17,8184502,8190344,86,5842
chr17,8194587,8195273,6,686
chr17,8198283,8198738,6,455
chr17,8200042,8201307,18,1265
chr17,8202799,8203435,9,636
chr17,8205769,8207809,10,2040
chr17,8210330,8210891,15,561
chr17,8216964,8217868,9,904
chr17,8221544,8223828,45,2284
chr17,8226817,8227060,10,243
chr17,8247124,8249465,54,2341
chr17,8263035,8263899,9,864
chr17,8280673,8281875,5,1202
chr17,8287680,8289152,45,1472
chr17,8295239,8296016,42,777
chr17,8301953,8302459,10,506
chr17,8305874,8307517,12,1643
chr17,8311420,8312569,8,1149
chr17,8315508,8316128,11,620
chr17,8326550,8327140,19,590
chr17,8356384,8356484,5,100
chr17,8374031,8375080,8,1049
chr17,8376348,8376459,6,111
chr17,8383164,8384427,28,1263
chr17,8386318,8387007,9,689
chr17,8407682,8408813,10,1131
chr17,8435689,8436341,32,652
chr17,8468313,8468552,7,239
chr17,8470252,8472892,23,2640
chr17,8629756,8631474,102,1718
chr17,8632918,8632948,5,30
chr17,8671574,8671943,6,369
chr17,8685036,8685837,20,801
chr17,8698431,8698685,11,254
chr17,8735409,8735492,5,83
chr17,8740413,8741721,14,1308
chr17,8745139,8746289,48,1150
chr17,8752888,8753131,10,243
chr17,8757830,8758684,5,854
chr17,8798763,8799464,40,701
chr17,8828655,8828859,5,204
chr17,8836710,8837376,5,666
chr17,8838611,8839547,6,936
chr17,8885246,8886520,21,1274
chr17,8890759,8891689,7,930
chr17,8914700,8916212,6,1512
chr17,8935546,8935880,5,334
chr17,8965345,8966590,48,1245
chr17,9002356,9004499,82,2143
chr17,9020291,9024714,162,4423
chr17,9031885,9032109,5,224
chr17,9051303,9051421,5,118
chr17,9072443,9074006,9,1563
chr17,9088647,9088860,5,213
chr17,9115392,9117092,25,1700
chr17,9150887,9152365,12,1478
chr17,9162986,9163040,5,54
chr17,9184889,9185577,6,688
chr17,9221657,9221830,9,173
chr17,9229267,9229982,5,715
chr17,9239847,9241616,17,1769
chr17,9242804,9243153,7,349
chr17,9244397,9245151,8,754
chr17,9253915,9254291,14,376
chr17,9376668,9376871,6,203
chr17,9445938,9445996,7,58
chr17,9546524,9547212,11,688
chr17,9575402,9577844,22,2442
chr17,9593558,9595402,7,1844
chr17,9643986,9646240,73,2254
chr17,9668389,9668928,7,539
chr17,9684687,9684902,5,215
chr17,9687958,9688078,5,120
chr17,9691899,9691943,5,44
chr17,9728790,9728958,5,168
chr17,9771500,9773332,19,1832
chr17,9822244,9823157,10,913
chr17,9889172,9889457,6,285
chr17,9904611,9905856,5,1245
chr17,9910885,9911741,8,856
chr17,9921113,9921249,5,136
chr17,10014206,10015109,7,903
chr17,10057437,10057562,7,125
chr17,10128028,10128712,13,684
chr17,10138055,10138156,5,101
chr17,10196584,10199912,96,3328
chr17,10263319,10263647,7,328
chr17,10332127,10333204,8,1077
chr17,10359905,10360061,5,156
chr17,10527852,10528136,5,284
chr17,10616402,10616828,6,426
chr17,10618945,10619201,9,256
chr17,10621409,10621583,5,174
chr17,10625008,10625132,6,124
chr17,10649684,10650057,5,373
chr17,10657292,10657359,5,67
chr17,10696301,10697965,52,1664
chr17,10730006,10730048,5,42
chr17,10800092,10801143,9,1051
chr17,10837243,10837279,5,36
chr17,11240199,11242247,132,2048
chr17,11244466,11246325,9,1859
chr17,11248690,11249010,9,320
chr17,11292670,11292927,6,257
chr17,11412701,11413529,5,828
chr17,11457665,11457912,5,247
chr17,11557922,11558714,14,792
chr17,11598753,11599213,10,460
chr17,11668521,11669551,6,1030
chr17,11689019,11690083,10,1064
chr17,11997209,11997512,28,303
chr17,12020731,12021331,22,600
chr17,12220922,12222122,25,1200
chr17,12264599,12264757,5,158
chr17,12301207,12302170,8,963
chr17,12665591,12666120,35,529
chr17,12749950,12750132,7,182
chr17,12756102,12756620,6,518
chr17,12778091,12778526,5,435
chr17,12789443,12790440,64,997
chr17,12918011,12918419,5,408
chr17,12973869,12974333,17,464
chr17,13017362,13018317,26,955
chr17,13023249,13023648,5,399
chr17,13032037,13032356,9,319
chr17,13115386,13116332,11,946
chr17,13156515,13157105,5,590
chr17,13229326,13229653,5,327
chr17,13545478,13545831,6,353
chr17,13591139,13591927,5,788
chr17,13600671,13602173,88,1502
chr17,14068782,14069875,49,1093
chr17,14211815,14212654,16,839
chr17,14295051,14295123,9,72
chr17,14297586,14303012,150,5426
chr17,14304053,14305081,24,1028
chr17,14309157,14309446,26,289
chr17,14344522,14345155,15,633
chr17,14556490,14556675,5,185
chr17,14603772,14603863,5,91
chr17,14830854,14830946,6,92
chr17,14974329,14975362,5,1033
chr17,15034894,15036436,12,1542
chr17,15041021,15041304,7,283
chr17,15043608,15043830,6,222
chr17,15127535,15127820,9,285
chr17,15230997,15231141,9,144
chr17,15246994,15247432,6,438
chr17,15257408,15257542,5,134
chr17,15259862,15261720,35,1858
chr17,15263076,15263184,6,108
chr17,15314121,15314163,5,42
chr17,15341692,15341808,9,116
chr17,15395435,15395885,5,450
chr17,15421813,15422588,8,775
chr17,15443550,15444574,5,1024
chr17,15538514,15538693,6,179
chr17,15563512,15563570,5,58
chr17,15684305,15684521,12,216
chr17,15699400,15699833,32,433
chr17,15749401,15750179,29,778
chr17,15786258,15786313,8,55
chr17,15787522,15787636,8,114
chr17,15798934,15800121,6,1187
chr17,15917596,15918564,17,968
chr17,15927783,15927970,6,187
chr17,15944425,15946109,80,1684
chr17,15999380,16000043,51,663
chr17,16043891,16044061,5,170
chr17,16213847,16217623,56,3776
chr17,16228215,16228477,6,262
chr17,16290071,16290243,5,172
chr17,16321853,16322341,7,488
chr17,16352483,16353602,82,1119
chr17,16354785,16355913,7,1128
chr17,16380503,16381919,26,1416
chr17,16387013,16387398,10,385
chr17,16405832,16409718,26,3886
chr17,16415631,16415859,14,228
chr17,16420120,16420167,6,47
chr17,16426183,16426408,5,225
chr17,16438865,16439362,28,497
chr17,16440386,16440779,6,393
chr17,16458231,16458551,8,320
chr17,16462239,16462479,11,240
chr17,16470334,16470627,8,293
chr17,16483801,16485711,12,1910
chr17,16491436,16492512,100,1076
chr17,16535637,16536629,24,992
chr17,16548519,16548568,5,49
chr17,16568678,16569440,23,762
chr17,16571442,16572020,5,578
chr17,16583655,16585307,13,1652
chr17,16588911,16589577,39,666
chr17,16598627,16598985,7,358
chr17,16653417,16653841,29,424
chr17,16666655,16667545,39,890
chr17,16683459,16683818,17,359
chr17,16689625,16690522,14,897
chr17,16745942,16746779,13,837
chr17,16879855,16880358,13,503
chr17,16898776,16898864,5,88
chr17,16926976,16928161,12,1185
chr17,16964503,16964791,5,288
chr17,17009613,17009680,9,67
chr17,17020849,17021454,9,605
chr17,17042275,17043189,47,914
chr17,17058381,17058494,5,113
chr17,17141424,17142505,5,1081
chr17,17151399,17152270,5,871
chr17,17158808,17158901,7,93
chr17,17164289,17165558,9,1269
chr17,17167208,17168350,8,1142
chr17,17177405,17177483,6,78
chr17,17198772,17199809,10,1037
chr17,17205525,17206152,20,627
chr17,17214309,17214764,6,455
chr17,17227757,17227916,5,159
chr17,17236964,17238349,35,1385
chr17,17266950,17267322,8,372
chr17,17271678,17272397,5,719
chr17,17274669,17275483,5,814
chr17,17280484,17281196,24,712
chr17,17303214,17303973,33,759
chr17,17315812,17316468,7,656
chr17,17355583,17355655,6,72
chr17,17383406,17384393,21,987
chr17,17392227,17392338,5,111
chr17,17477035,17477178,6,143
chr17,17493077,17496667,111,3590
chr17,17503957,17504742,6,785
chr17,17506999,17507083,6,84
chr17,17553674,17554218,6,544
chr17,17559974,17560602,8,628
chr17,17561763,17562052,10,289
chr17,17576355,17576428,5,73
chr17,17590931,17592648,41,1717
chr17,17621275,17621724,5,449
chr17,17625740,17626789,7,1049
chr17,17648056,17648618,5,562
chr17,17670794,17671452,5,658
chr17,17681226,17683160,93,1934
chr17,17694155,17695817,48,1662
chr17,17698964,17700832,49,1868
chr17,17722207,17722889,48,682
chr17,17724135,17726006,37,1871
chr17,17752189,17752772,40,583
chr17,17756891,17758244,10,1353
chr17,17774445,17774650,10,205
chr17,17781851,17784261,85,2410
chr17,17796842,17799869,34,3027
chr17,17810011,17812750,48,2739
chr17,17817333,17817408,5,75
chr17,17819119,17820999,17,1880
chr17,17823815,17823918,12,103
chr17,17835820,17837210,97,1390
chr17,17839239,17840662,32,1423
chr17,17851017,17851262,7,245
chr17,17864580,17864788,6,208
chr17,17956528,17956831,16,303
chr17,17971880,17973682,47,1802
chr17,17988012,17988125,10,113
chr17,17990719,17991575,8,856
chr17,18022847,18022952,6,105
chr17,18038957,18040158,43,1201
chr17,18080023,18082104,8,2081
chr17,18085344,18085547,5,203
chr17,18087835,18087936,10,101
chr17,18119661,18121787,52,2126
chr17,18123152,18123252,6,100
chr17,18158075,18158291,9,216
chr17,18168488,18168541,5,53
chr17,18183095,18184999,65,1904
chr17,18188991,18189061,6,70
chr17,18219692,18220557,6,865
chr17,18225307,18226531,50,1224
chr17,18231422,18232785,8,1363
chr17,18234013,18234538,6,525
chr17,18246308,18247264,21,956
chr17,18250875,18251450,8,575
chr17,18255481,18256512,5,1031
chr17,18257985,18261786,62,3801
chr17,18265929,18266327,12,398
chr17,18272843,18275803,15,2960
chr17,18285445,18285572,7,127
chr17,18311125,18311386,6,261
chr17,18315264,18315936,36,672
chr17,18330238,18330467,8,229
chr17,18350050,18350155,7,105
chr17,18362698,18364296,26,1598
chr17,18382401,18382916,13,515
chr17,18634891,18635458,14,567
chr17,18648485,18649110,12,625
chr17,18650272,18650354,11,82
chr17,18672666,18672897,13,231
chr17,18681927,18682213,10,286
chr17,18693732,18693949,5,217
chr17,18697783,18697997,14,214
chr17,18749471,18749696,6,225
chr17,18781171,18781234,5,63
chr17,18855877,18856186,7,309
chr17,18857259,18858495,41,1236
chr17,18917679,18918666,7,987
chr17,18951911,18952716,8,805
chr17,18966698,18967542,5,844
chr17,18974692,18975460,5,768
chr17,18976881,18976996,6,115
chr17,18978156,18979559,8,1403
chr17,18984198,18984311,7,113
chr17,18987058,18987116,5,58
chr17,18994069,18994613,5,544
chr17,19003605,19005307,88,1702
chr17,19015198,19016138,9,940
chr17,19187808,19188124,6,316
chr17,19237936,19237992,5,56
chr17,19239271,19239654,13,383
chr17,19267645,19267880,7,235
chr17,19303451,19303826,5,375
chr17,19308360,19308646,7,286
chr17,19340048,19340681,7,633
chr17,19344592,19345094,9,502
chr17,19352392,19353796,6,1404
chr17,19362337,19363102,27,765
chr17,19378010,19379282,46,1272
chr17,19381704,19381823,5,119
chr17,19410986,19411420,18,434
chr17,19412556,19413173,12,617
chr17,19415332,19415571,5,239
chr17,19446765,19446819,6,54
chr17,19487436,19487799,6,363
chr17,19494939,19495098,11,159
chr17,19506597,19508576,65,1979
chr17,19521613,19522105,8,492
chr17,19526102,19526212,5,110
chr17,19532543,19534438,53,1895
chr17,19560221,19560488,5,267
chr17,19579786,19580310,40,524
chr17,19593709,19593999,6,290
chr17,19627692,19627740,5,48
chr17,19647823,19648987,37,1164
chr17,19653461,19654530,9,1069
chr17,19713810,19714079,21,269
chr17,19724593,19724895,24,302
chr17,19735991,19736318,5,327
chr17,19743708,19745422,27,1714
chr17,19748195,19748735,8,540
chr17,19822668,19822915,9,247
chr17,19836333,19836438,7,105
chr17,19840205,19840474,6,269
chr17,19855328,19855456,5,128
chr17,19867123,19867768,61,645
chr17,19882020,19882207,6,187
chr17,19947066,19947109,5,43
chr17,19977470,19978249,39,779
chr17,19980130,19980236,6,106
chr17,19981534,19982835,5,1301
chr17,20001171,20001616,8,445
chr17,20008146,20010062,71,1916
chr17,20015615,20016525,11,910
chr17,20110516,20110555,5,39
chr17,20155819,20157117,70,1298
chr17,20320682,20322014,14,1332
chr17,20451857,20452040,5,183
chr17,20588915,20589299,14,384
chr17,20685454,20685503,5,49
chr17,20760968,20761592,10,624
chr17,20784475,20785700,22,1225
chr17,20803211,20803243,5,32
chr17,20841036,20841240,13,204
chr17,20870488,20870548,5,60
chr17,20902387,20902734,14,347
chr17,20991531,20992546,5,1015
chr17,20997862,20998011,7,149
chr17,21023375,21023691,5,316
chr17,21040820,21043731,95,2911
chr17,21051830,21051941,5,111
chr17,21053402,21053616,5,214
chr17,21079933,21080027,5,94
chr17,21084941,21085912,14,971
chr17,21098687,21099454,7,767
chr17,21101540,21101753,7,213
chr17,21118992,21119750,8,758
chr17,21126744,21127456,49,712
chr17,21198304,21198421,5,117
chr17,21200022,21200134,5,112
chr17,21210002,21210083,6,81
chr17,21213671,21214748,65,1077
chr17,21241970,21243269,12,1299
chr17,21252911,21253103,18,192
chr17,21259106,21260521,12,1415
chr17,21270561,21270596,5,35
chr17,21275142,21276465,59,1323
chr17,21283924,21286196,50,2272
chr17,21296755,21297854,7,1099
chr17,21302007,21302593,9,586
chr17,21317964,21318095,8,131
chr17,21337394,21337987,11,593
chr17,21369781,21371028,5,1247
chr17,21376078,21378129,103,2051
chr17,21387087,21387298,6,211
chr17,21397423,21397516,8,93
chr17,21416548,21417663,9,1115
chr17,21457034,21457859,11,825
chr17,21463493,21464735,22,1242
chr17,21511444,21513214,31,1770
chr17,21551238,21551751,18,513
chr17,21573575,21574344,6,769
chr17,21592802,21593662,14,860
chr17,21656899,21657245,20,346
chr17,21674115,21674631,17,516
chr17,21676379,21677019,10,640
chr17,21678110,21687842,136,9732
chr17,21815608,21818272,11,2664
chr17,21842202,21844457,77,2255
chr17,21914048,21914268,5,220
chr17,21968833,21969714,10,881
chr17,21975876,21980655,21,4779
chr17,21982542,21983341,6,799
chr17,21987954,21989201,6,1247
chr17,22215280,22216973,13,1693
chr17,22224561,22225339,5,778
chr17,22279216,22279281,6,65
chr17,22300786,22301900,7,1114
chr17,22304076,22305521,16,1445
chr17,22374781,22375410,16,629
chr17,22408685,22410135,16,1450
chr17,22411630,22412217,17,587
chr17,22454463,22454820,20,357
chr17,22517144,22518424,24,1280
chr17,22569387,22569751,10,364
chr17,22617008,22617068,5,60
chr17,22694257,22694490,9,233
chr17,22703511,22704544,11,1033
chr17,22741407,22741457,5,50
chr17,26732037,26732119,5,82
chr17,26766571,26766794,19,223
chr17,26774460,26775241,35,781
chr17,26962848,26963034,17,186
chr17,27009220,27009503,7,283
chr17,27084059,27084239,5,180
chr17,27197701,27197936,6,235
chr17,27292920,27294668,41,1748
chr17,27295940,27296136,7,196
chr17,27317388,27317605,5,217
chr17,27332685,27333840,13,1155
chr17,27338753,27339063,6,310
chr17,27348099,27349658,33,1559
chr17,27353436,27354437,27,1001
chr17,27380059,27381381,14,1322
chr17,27430026,27430655,5,629
chr17,27456153,27457024,75,871
chr17,27559679,27559855,8,176
chr17,27588806,27589107,7,301
chr17,27610049,27610142,6,93
chr17,27654778,27654850,6,72
chr17,27670766,27671359,7,593
chr17,27755901,27755988,5,87
chr17,27793540,27794360,36,820
chr17,27805588,27805741,8,153
chr17,27816897,27817032,5,135
chr17,27846343,27846610,9,267
chr17,27889400,27889512,6,112
chr17,27892934,27893569,31,635
chr17,28040588,28042159,48,1571
chr17,28192592,28192725,5,133
chr17,28227030,28227922,14,892
chr17,28235329,28236567,10,1238
chr17,28238498,28238675,7,177
chr17,28250804,28251889,26,1085
chr17,28265593,28265683,6,90
chr17,28278875,28279074,6,199
chr17,28307084,28307417,32,333
chr17,28318402,28318546,17,144
chr17,28335275,28336295,37,1020
chr17,28352280,28352532,6,252
chr17,28357025,28358238,51,1213
chr17,28371677,28372887,73,1210
chr17,28405102,28406368,20,1266
chr17,28467790,28467868,7,78
chr17,28506197,28506424,7,227
chr17,28507971,28508137,6,166
chr17,28548083,28548305,5,222
chr17,28552286,28552504,22,218
chr17,28571095,28571319,23,224
chr17,28576248,28577137,18,889
chr17,28598607,28599550,38,943
chr17,28644989,28645462,24,473
chr17,28661934,28662521,28,587
chr17,28701964,28702567,6,603
chr17,28703754,28704400,12,646
chr17,28711199,28712698,45,1499
chr17,28716934,28721208,120,4274
chr17,28724748,28726932,52,2184
chr17,28729160,28730381,13,1221
chr17,28742997,28745576,107,2579
chr17,28812309,28812652,9,343
chr17,28828966,28829307,11,341
chr17,28840290,28842857,49,2567
chr17,28847462,28849337,14,1875
chr17,28851458,28852334,6,876
chr17,28896808,28897615,18,807
chr17,28902497,28903857,43,1360
chr17,28949019,28952386,114,3367
chr17,28959073,28959668,7,595
chr17,28994400,28994804,5,404
chr17,29004473,29006053,35,1580
chr17,29020035,29020369,10,334
chr17,29079736,29081360,39,1624
chr17,29089345,29089908,8,563
chr17,29115053,29116813,7,1760
chr17,29139350,29140743,11,1393
chr17,29166264,29166673,6,409
chr17,29173387,29173480,5,93
chr17,29176581,29176936,28,355
chr17,29179952,29180533,39,581
chr17,29220483,29221447,8,964
chr17,29223464,29224121,8,657
chr17,29292532,29294554,76,2022
chr17,29306854,29307075,5,221
chr17,29364345,29364468,5,123
chr17,29370868,29370928,5,60
chr17,29377490,29377552,6,62
chr17,29378891,29379520,5,629
chr17,29389188,29391271,57,2083
chr17,29565876,29569155,143,3279
chr17,29572502,29572529,5,27
chr17,29577582,29578462,17,880
chr17,29588631,29589913,72,1282
chr17,29591768,29593976,66,2208
chr17,29612225,29614619,59,2394
chr17,29615986,29618682,77,2696
chr17,29622455,29623111,45,656
chr17,29701161,29701238,5,77
chr17,29761283,29761585,33,302
chr17,29779991,29780905,7,914
chr17,29852883,29853179,5,296
chr17,29930022,29930876,20,854
chr17,30068656,30068731,6,75
chr17,30085581,30085642,6,61
chr17,30104660,30104763,6,103
chr17,30116220,30117038,22,818
chr17,30152183,30152215,5,32
chr17,30201613,30201828,5,215
chr17,30207548,30207809,5,261
chr17,30235417,30238141,41,2724
chr17,30258407,30258726,5,319
chr17,30291884,30292072,23,188
chr17,30348212,30348362,5,150
chr17,30376738,30379785,65,3047
chr17,30388380,30389667,13,1287
chr17,30477412,30477922,23,510
chr17,30551809,30552309,9,500
chr17,30558959,30559996,11,1037
chr17,30599963,30601435,54,1472
chr17,30641529,30641979,7,450
chr17,30650665,30650935,6,270
chr17,30670248,30670986,5,738
chr17,30673242,30674307,12,1065
chr17,30679887,30680375,7,488
chr17,30697728,30699876,29,2148
chr17,30707999,30711106,80,3107
chr17,30731124,30731987,35,863
chr17,30814581,30815210,10,629
chr17,30824486,30825916,40,1430
chr17,30828562,30828655,7,93
chr17,30830384,30830940,16,556
chr17,30860868,30860950,5,82
chr17,30905882,30906630,30,748
chr17,30910521,30912145,11,1624
chr17,30922080,30923425,33,1345
chr17,30971384,30972189,12,805
chr17,31008135,31009334,31,1199
chr17,31030792,31031271,9,479
chr17,31094398,31095375,36,977
chr17,31389918,31392526,99,2608
chr17,31438549,31439703,5,1154
chr17,31450317,31451415,12,1098
chr17,31476792,31476949,6,157
chr17,31487597,31488824,44,1227
chr17,31512150,31512861,9,711
chr17,31525602,31525674,7,72
chr17,31549367,31550416,59,1049
chr17,31558674,31560503,92,1829
chr17,31574787,31575838,5,1051
chr17,31672214,31673409,9,1195
chr17,31709215,31709649,9,434
chr17,31762789,31763441,6,652
chr17,31806475,31806842,7,367
chr17,31832806,31833608,6,802
chr17,31842375,31843541,9,1166
chr17,31858791,31859288,51,497
chr17,31901544,31901731,16,187
chr17,31916390,31918335,28,1945
chr17,31924820,31925214,6,394
chr17,31934125,31934996,6,871
chr17,31936496,31937570,74,1074
chr17,31957144,31957544,6,400
chr17,32005904,32009066,62,3162
chr17,32040317,32040401,6,84
chr17,32086304,32086374,5,70
chr17,32127581,32127805,15,224
chr17,32142056,32143331,54,1275
chr17,32247367,32247687,8,320
chr17,32255797,32255931,6,134
chr17,32265638,32267477,116,1839
chr17,32348060,32348212,5,152
chr17,32349449,32350565,25,1116
chr17,32368745,32369072,8,327
chr17,32426139,32426490,7,351
chr17,32443133,32445515,43,2382
chr17,32486072,32487496,118,1424
chr17,32494750,32498523,15,3773
chr17,32509456,32509657,5,201
chr17,32519186,32520316,47,1130
chr17,32541950,32542610,7,660
chr17,32577175,32577279,5,104
chr17,32822440,32822846,53,406
chr17,32876209,32877189,54,980
chr17,32927912,32928462,51,550
chr17,33126727,33126960,5,233
chr17,33263822,33263889,5,67
chr17,33291653,33293440,110,1787
chr17,33443300,33443506,5,206
chr17,33498558,33498697,5,139
chr17,33613181,33613457,5,276
chr17,34040090,34040373,17,283
chr17,34075753,34076088,5,335
chr17,34077152,34077513,6,361
chr17,34132215,34132384,8,169
chr17,34155264,34155670,5,406
chr17,34157106,34157220,11,114
chr17,34424182,34424858,12,676
chr17,34524796,34525873,6,1077
chr17,34578952,34582498,160,3546
chr17,34626145,34627182,40,1037
chr17,34637335,34638585,24,1250
chr17,34961595,34961883,16,288
chr17,34980373,34980906,46,533
chr17,35088020,35089843,55,1823
chr17,35116351,35116587,6,236
chr17,35119271,35119793,19,522
chr17,35141676,35142306,33,630
chr17,35148280,35148430,7,150
chr17,35160599,35160732,5,133
chr17,35227353,35227461,6,108
chr17,35242651,35243352,24,701
chr17,35250482,35250584,7,102
chr17,35279080,35279237,9,157
chr17,35313520,35314277,17,757
chr17,35345694,35346457,18,763
chr17,35349157,35349249,5,92
chr17,35373499,35374566,27,1067
chr17,35433189,35434170,11,981
chr17,35447980,35449852,38,1872
chr17,35460592,35460640,5,48
chr17,35487441,35490165,48,2724
chr17,35495602,35495762,11,160
chr17,35498117,35498164,6,47
chr17,35539052,35539282,8,230
chr17,35551784,35551889,6,105
chr17,35567372,35569131,13,1759
chr17,35578484,35578701,13,217
chr17,35587161,35587511,17,350
chr17,35731414,35732354,28,940
chr17,35735132,35735177,5,45
chr17,35741341,35741911,30,570
chr17,35745149,35746175,12,1026
chr17,35747284,35748018,7,734
chr17,35750237,35750354,5,117
chr17,35752786,35752979,5,193
chr17,35763997,35764581,12,584
chr17,35773249,35774512,12,1263
chr17,35783920,35784467,5,547
chr17,35794022,35795814,55,1792
chr17,35808044,35809742,28,1698
chr17,35831128,35831229,5,101
chr17,35860590,35860994,10,404
chr17,35930107,35930624,11,517
chr17,36169463,36169569,6,106
chr17,36182735,36184236,54,1501
chr17,36463603,36464933,54,1330
chr17,36482818,36483721,29,903
chr17,36485897,36486954,12,1057
chr17,36528185,36528442,6,257
chr17,36534314,36535579,51,1265
chr17,36542623,36545515,60,2892
chr17,36591803,36592462,55,659
chr17,36601245,36602634,48,1389
chr17,36640857,36642040,37,1183
chr17,36657736,36658470,40,734
chr17,36661289,36661485,10,196
chr17,36687880,36689318,9,1438
chr17,36713734,36714018,5,284
chr17,36722380,36722459,14,79
chr17,36753160,36753283,5,123
chr17,36807801,36808711,53,910
chr17,36814341,36816204,13,1863
chr17,36846878,36847614,8,736
chr17,36884977,36885444,5,467
chr17,36932784,36938981,190,6197
chr17,36940584,36943541,69,2957
chr17,36948972,36949354,42,382
chr17,37065325,37066149,8,824
chr17,37067607,37068297,6,690
chr17,37292914,37293192,5,278
chr17,37324759,37326648,11,1889
chr17,37331180,37331501,8,321
chr17,37358778,37359612,21,834
chr17,37406460,37408329,37,1869
chr17,37424446,37424649,5,203
chr17,37475503,37475654,7,151
chr17,37484985,37485439,9,454
chr17,37489203,37491017,120,1814
chr17,37504118,37504984,8,866
chr17,37510384,37510743,7,359
chr17,37516811,37517128,7,317
chr17,37607713,37607813,7,100
chr17,37608892,37609541,47,649
chr17,37643307,37643457,18,150
chr17,37682535,37682783,8,248
chr17,37741977,37746070,127,4093
chr17,37824722,37824986,7,264
chr17,37858779,37858950,5,171
chr17,38258001,38258315,6,314
chr17,38270571,38270834,6,263
chr17,38347169,38347207,5,38
chr17,38350924,38352943,56,2019
chr17,38414689,38415394,12,705
chr17,38416525,38417900,5,1375
chr17,38419046,38419529,32,483
chr17,38428197,38429455,39,1258
chr17,38452575,38454122,66,1547
chr17,38465080,38467095,20,2015
chr17,38477620,38478168,10,548
chr17,38490264,38491004,5,740
chr17,38508585,38510896,83,2311
chr17,38535991,38536266,5,275
chr17,38541213,38541507,9,294
chr17,38543637,38543928,9,291
chr17,38544968,38546554,12,1586
chr17,38552450,38552584,6,134
chr17,38558429,38558467,5,38
chr17,38561558,38564324,78,2766
chr17,38572174,38573081,49,907
chr17,38578451,38578913,27,462
chr17,38584554,38585719,6,1165
chr17,38604653,38607086,67,2433
chr17,38610200,38611224,11,1024
chr17,38633588,38633844,5,256
chr17,38653892,38655006,8,1114
chr17,38656945,38657579,13,634
chr17,38661093,38661186,5,93
chr17,38673491,38675182,117,1691
chr17,38677238,38677689,8,451
chr17,38685670,38685984,7,314
chr17,38687762,38687880,5,118
chr17,38702155,38706354,141,4199
chr17,38707626,38707944,5,318
chr17,38718670,38720728,18,2058
chr17,38724038,38724113,5,75
chr17,38729690,38730451,46,761
chr17,38736758,38737055,8,297
chr17,38742356,38743386,5,1030
chr17,38747168,38749788,114,2620
chr17,38751728,38753390,37,1662
chr17,38774334,38775035,9,701
chr17,38799315,38800126,72,811
chr17,38804732,38804794,6,62
chr17,38813839,38813954,6,115
chr17,38824408,38825410,33,1002
chr17,38832630,38834024,9,1394
chr17,38840698,38843614,30,2916
chr17,38845242,38845375,5,133
chr17,38853588,38853800,12,212
chr17,38862232,38862675,11,443
chr17,38867335,38870850,74,3515
chr17,38876552,38876653,5,101
chr17,38967283,38969154,7,1871
chr17,39002566,39003271,9,705
chr17,39022361,39022930,7,569
chr17,39027294,39027662,7,368
chr17,39044508,39044560,7,52
chr17,39056955,39058001,10,1046
chr17,39081551,39081583,5,32
chr17,39097935,39098073,6,138
chr17,39108671,39109363,6,692
chr17,39151428,39151718,23,290
chr17,39152924,39153185,7,261
chr17,39154296,39154869,5,573
chr17,39156210,39156317,5,107
chr17,39164849,39166477,44,1628
chr17,39175270,39175670,8,400
chr17,39197337,39198163,28,826
chr17,39200038,39200665,16,627
chr17,39209623,39210141,14,518
chr17,39213036,39213255,11,219
chr17,39224117,39226151,103,2034
chr17,39237853,39238773,5,920
chr17,39312871,39313011,5,140
chr17,39337707,39337885,8,178
chr17,39359527,39359770,6,243
chr17,39400712,39403319,48,2607
chr17,39420360,39420888,6,528
chr17,39422052,39422256,5,204
chr17,39435996,39436084,5,88
chr17,39446306,39446469,7,163
chr17,39449836,39450109,5,273
chr17,39460855,39462675,27,1820
chr17,39563586,39563914,11,328
chr17,39573279,39574061,54,782
chr17,39596836,39600319,58,3483
chr17,39603975,39608338,95,4363
chr17,39612694,39612740,8,46
chr17,39617711,39618742,81,1031
chr17,39621872,39621974,6,102
chr17,39623503,39623924,10,421
chr17,39625288,39627875,36,2587
chr17,39636359,39637591,48,1232
chr17,39645512,39646052,7,540
chr17,39651720,39651863,6,143
chr17,39658699,39659162,6,463
chr17,39660997,39661084,9,87
chr17,39662839,39662900,6,61
chr17,39663919,39664198,8,279
chr17,39667221,39669166,57,1945
chr17,39679933,39680897,9,964
chr17,39687934,39688145,12,211
chr17,39699566,39700876,22,1310
chr17,39723419,39723487,7,68
chr17,39724849,39724942,5,93
chr17,39730096,39730756,39,660
chr17,39738367,39740497,27,2130
chr17,39753931,39756510,77,2579
chr17,39864091,39864265,17,174
chr17,39867961,39868655,18,694
chr17,39927107,39928170,44,1063
chr17,39944054,39944541,9,487
chr17,39952675,39953510,16,835
chr17,39980295,39981014,36,719
chr17,40010991,40011052,7,61
chr17,40022867,40023939,7,1072
chr17,40026259,40027367,11,1108
chr17,40028842,40029936,10,1094
chr17,40043815,40044076,9,261
chr17,40053691,40054658,8,967
chr17,40062472,40063626,61,1154
chr17,40082950,40083374,5,424
chr17,40084450,40084663,8,213
chr17,40093099,40093871,10,772
chr17,40099035,40099257,23,222
chr17,40100283,40101876,37,1593
chr17,40121531,40123197,95,1666
chr17,40140160,40140926,25,766
chr17,40142611,40142793,6,182
chr17,40144447,40144612,5,165
chr17,40162786,40164712,15,1926
chr17,40177537,40179522,63,1985
chr17,40191358,40191789,28,431
chr17,40200114,40201302,13,1188
chr17,40219232,40220488,30,1256
chr17,40224437,40224541,8,104
chr17,40237738,40238706,6,968
chr17,40249887,40250544,11,657
chr17,40287632,40289067,34,1435
chr17,40316780,40317159,19,379
chr17,40318257,40318549,22,292
chr17,40325175,40325366,5,191
chr17,40341242,40343260,71,2018
chr17,40345300,40345840,18,540
chr17,40348943,40349886,6,943
chr17,40353669,40353711,5,42
chr17,40355813,40356331,8,518
chr17,40358596,40359230,7,634
chr17,40361288,40363639,81,2351
chr17,40365703,40365922,5,219
chr17,40375183,40375937,9,754
chr17,40379494,40380081,5,587
chr17,40417489,40418983,21,1494
chr17,40442804,40443774,35,970
chr17,40486226,40486623,6,397
chr17,40499389,40499651,7,262
chr17,40541817,40544667,12,2850
chr17,40618538,40620106,11,1568
chr17,40647448,40648514,51,1066
chr17,40779572,40779798,5,226
chr17,40796986,40797260,17,274
chr17,40818944,40819157,24,213
chr17,40860539,40861381,5,842
chr17,40904176,40904349,8,173
chr17,40983687,40984223,7,536
chr17,41195004,41195290,5,286
chr17,41315636,41316459,10,823
chr17,41383143,41383312,8,169
chr17,41438088,41438204,6,116
chr17,41486475,41486655,5,180
chr17,41503384,41503716,8,332
chr17,41516041,41516186,6,145
chr17,41524252,41524478,7,226
chr17,41527257,41528799,53,1542
chr17,41548585,41548971,8,386
chr17,41611323,41611442,5,119
chr17,41617668,41618501,8,833
chr17,41624049,41624584,5,535
chr17,41634770,41635482,5,712
chr17,41647564,41648885,6,1321
chr17,41654720,41654839,5,119
chr17,41655997,41657718,17,1721
chr17,41665615,41667218,29,1603
chr17,41673688,41674288,8,600
chr17,41680551,41681396,6,845
chr17,41682599,41683482,5,883
chr17,41685761,41686100,5,339
chr17,41689157,41689612,36,455
chr17,41702397,41703427,5,1030
chr17,41717409,41718460,8,1051
chr17,41733345,41735404,67,2059
chr17,41756091,41757479,10,1388
chr17,41760070,41760341,5,271
chr17,41761677,41761790,6,113
chr17,41783686,41786909,38,3223
chr17,41794302,41794501,5,199
chr17,41796980,41797171,5,191
chr17,41803275,41803462,8,187
chr17,41810755,41813503,72,2748
chr17,41818812,41819001,11,189
chr17,41821656,41822204,10,548
chr17,41835873,41836969,50,1096
chr17,41864881,41865277,35,396
chr17,41866279,41866312,5,33
chr17,41887363,41887699,11,336
chr17,41889443,41889778,5,335
chr17,41903398,41903722,9,324
chr17,41918166,41919189,65,1023
chr17,41930609,41931411,16,802
chr17,41946873,41946943,6,70
chr17,41951465,41951532,5,67
chr17,41956568,41957456,5,888
chr17,41966377,41967470,69,1093
chr17,41971886,41972019,6,133
chr17,41994260,41994455,5,195
chr17,42017333,42017993,24,660
chr17,42019990,42020232,11,242
chr17,42021931,42022109,9,178
chr17,42039862,42040261,17,399
chr17,42047054,42047124,6,70
chr17,42050158,42051363,24,1205
chr17,42072243,42072973,27,730
chr17,42088253,42088449,6,196
chr17,42098091,42098513,16,422
chr17,42104866,42104911,5,45
chr17,42107624,42108372,12,748
chr17,42113733,42113794,7,61
chr17,42117484,42117594,12,110
chr17,42121021,42123325,53,2304
chr17,42145021,42145089,6,68
chr17,42155107,42155590,17,483
chr17,42161019,42161087,5,68
chr17,42164726,42166400,13,1674
chr17,42180122,42180993,12,871
chr17,42183994,42184457,23,463
chr17,42188806,42190670,15,1864
chr17,42192408,42192451,5,43
chr17,42226732,42226764,5,32
chr17,42275819,42277230,98,1411
chr17,42287851,42289350,28,1499
chr17,42292014,42293365,5,1351
chr17,42311314,42311538,5,224
chr17,42312907,42313183,9,276
chr17,42380185,42381656,12,1471
chr17,42384428,42384646,7,218
chr17,42388165,42389101,35,936
chr17,42405748,42405780,5,32
chr17,42420380,42423588,61,3208
chr17,42429340,42429409,6,69
chr17,42447654,42448112,5,458
chr17,42457362,42459682,31,2320
chr17,42464551,42465289,6,738
chr17,42478199,42478521,6,322
chr17,42484158,42484217,5,59
chr17,42534723,42534783,6,60
chr17,42536083,42536745,47,662
chr17,42547007,42548630,21,1623
chr17,42552971,42555131,40,2160
chr17,42561964,42562961,18,997
chr17,42566731,42567636,45,905
chr17,42577444,42578433,33,989
chr17,42603423,42603893,6,470
chr17,42606457,42606713,10,256
chr17,42609286,42611064,21,1778
chr17,42644909,42645114,5,205
chr17,42652075,42654266,21,2191
chr17,42656552,42657479,6,927
chr17,42659440,42659811,20,371
chr17,42665171,42666432,10,1261
chr17,42669960,42672388,79,2428
chr17,42673822,42674274,8,452
chr17,42675592,42678114,71,2522
chr17,42679358,42680539,18,1181
chr17,42682536,42684849,11,2313
chr17,42687680,42687860,12,180
chr17,42695556,42696416,11,860
chr17,42744568,42745737,36,1169
chr17,42760125,42761789,40,1664
chr17,42768963,42769394,6,431
chr17,42771929,42773727,19,1798
chr17,42779978,42781081,35,1103
chr17,42782226,42782450,10,224
chr17,42783795,42785428,30,1633
chr17,42796244,42796560,10,316
chr17,42798272,42798799,16,527
chr17,42823937,42824319,24,382
chr17,42826609,42827143,7,534
chr17,42833087,42833884,52,797
chr17,42839794,42840904,20,1110
chr17,42854079,42854590,5,511
chr17,42977233,42977844,6,611
chr17,42978931,42981228,62,2297
chr17,42986691,42986788,5,97
chr17,42998405,42998867,22,462
chr17,43004328,43004526,7,198
chr17,43006016,43006349,8,333
chr17,43020815,43022762,49,1947
chr17,43024633,43025699,42,1066
chr17,43028486,43028624,12,138
chr17,43118908,43119021,5,113
chr17,43124589,43125305,14,716
chr17,43126576,43127213,17,637
chr17,43147185,43147350,5,165
chr17,43168954,43170068,29,1114
chr17,43171287,43171545,8,258
chr17,43187046,43187273,5,227
chr17,43211533,43212216,17,683
chr17,43315292,43317064,24,1772
chr17,43322400,43322612,11,212
chr17,43323739,43324634,11,895
chr17,43359078,43359440,5,362
chr17,43360941,43361126,23,185
chr17,43363364,43365041,20,1677
chr17,43368438,43369211,32,773
chr17,43378753,43378904,7,151
chr17,43387784,43388384,18,600
chr17,43399059,43400152,29,1093
chr17,43406617,43406921,8,304
chr17,43459503,43459887,6,384
chr17,43483592,43484403,25,811
chr17,43494577,43494652,9,75
chr17,43509948,43510315,6,367
chr17,43530173,43531114,16,941
chr17,43532221,43533265,7,1044
chr17,43545302,43546879,47,1577
chr17,43594775,43594977,5,202
chr17,43631106,43632385,7,1279
chr17,43645130,43646350,37,1220
chr17,43665456,43665625,8,169
chr17,43673342,43673485,5,143
chr17,43678047,43679137,15,1090
chr17,43702148,43702253,8,105
chr17,43713767,43713938,18,171
chr17,43720507,43721155,21,648
chr17,43755185,43755648,28,463
chr17,43758893,43759118,7,225
chr17,43778455,43780346,57,1891
chr17,43818074,43818559,5,485
chr17,43832724,43833647,88,923
chr17,43835175,43835377,6,202
chr17,43860178,43862123,8,1945
chr17,43900578,43900761,15,183
chr17,43906855,43908246,27,1391
chr17,43917429,43918104,12,675
chr17,43926590,43927148,10,558
chr17,43932672,43933993,9,1321
chr17,43937745,43938001,11,256
chr17,43952223,43953358,17,1135
chr17,43972511,43973749,7,1238
chr17,43980288,43980597,5,309
chr17,43983692,43984263,52,571
chr17,43990894,43990955,6,61
chr17,43994786,43995550,24,764
chr17,44004559,44007748,68,3189
chr17,44009861,44010349,5,488
chr17,44014546,44015017,7,471
chr17,44046061,44046097,5,36
chr17,44049115,44049974,5,859
chr17,44059464,44059886,6,422
chr17,44065057,44065158,6,101
chr17,44066296,44066700,25,404
chr17,44070558,44070750,15,192
chr17,44111021,44111467,7,446
chr17,44117313,44117621,9,308
chr17,44123126,44125590,73,2464
chr17,44127808,44128786,7,978
chr17,44135719,44136556,12,837
chr17,44139334,44140179,13,845
chr17,44141399,44142313,34,914
chr17,44165658,44165689,5,31
chr17,44170931,44171487,9,556
chr17,44173024,44174200,18,1176
chr17,44186252,44187273,20,1021
chr17,44189762,44189867,6,105
chr17,44196386,44197660,15,1274
chr17,44198924,44200765,80,1841
chr17,44210227,44210649,17,422
chr17,44218187,44222377,229,4190
chr17,44253764,44254067,6,303
chr17,44259191,44260325,12,1134
chr17,44270674,44271612,6,938
chr17,44297263,44297786,5,523
chr17,44307729,44309051,33,1322
chr17,44313172,44313493,7,321
chr17,44315515,44316915,12,1400
chr17,44323978,44326956,120,2978
chr17,44345318,44345361,8,43
chr17,44353542,44355715,78,2173
chr17,44362393,44364202,74,1809
chr17,44368786,44368881,7,95
chr17,44373230,44373412,5,182
chr17,44374840,44376032,15,1192
chr17,44398949,44399597,15,648
chr17,44422590,44422651,5,61
chr17,44502917,44503712,60,795
chr17,44511226,44514022,16,2796
chr17,44527998,44528997,10,999
chr17,44556535,44557742,35,1207
chr17,44558756,44558873,10,117
chr17,44608413,44608574,5,161
chr17,44655325,44658315,72,2990
chr17,44696490,44697520,20,1030
chr17,44708652,44708947,14,295
chr17,44756177,44756889,10,712
chr17,44758409,44759874,54,1465
chr17,44774570,44776935,32,2365
chr17,44779037,44779742,24,705
chr17,44793535,44793696,5,161
chr17,44805415,44806102,10,687
chr17,44829526,44830514,68,988
chr17,44831679,44831746,5,67
chr17,44835749,44836590,8,841
chr17,44839633,44839861,7,228
chr17,44899413,44899494,13,81
chr17,44903378,44903521,5,143
chr17,44911721,44912284,5,563
chr17,44915290,44915549,7,259
chr17,44935255,44935351,5,96
chr17,44946927,44948188,39,1261
chr17,44950247,44950353,5,106
chr17,44959695,44960132,23,437
chr17,44966869,44969039,99,2170
chr17,44970050,44971456,39,1406
chr17,44972527,44972765,5,238
chr17,45018988,45019588,45,600
chr17,45020991,45022342,11,1351
chr17,45038691,45038818,5,127
chr17,45043610,45043940,8,330
chr17,45050926,45052179,26,1253
chr17,45060806,45061534,27,728
chr17,45100492,45100562,5,70
chr17,45105762,45105831,8,69
chr17,45115263,45115625,7,362
chr17,45120911,45121392,22,481
chr17,45131925,45132869,64,944
chr17,45134751,45135525,5,774
chr17,45142747,45145549,32,2802
chr17,45147198,45147688,11,490
chr17,45149507,45150229,38,722
chr17,45154129,45155100,10,971
chr17,45160751,45161571,15,820
chr17,45168399,45169799,25,1400
chr17,45171339,45172947,14,1608
chr17,45210884,45210984,7,100
chr17,45221504,45222667,42,1163
chr17,45234278,45234848,7,570
chr17,45241311,45242920,42,1609
chr17,45243961,45244506,5,545
chr17,45247429,45248619,25,1190
chr17,45255609,45255781,5,172
chr17,45257028,45257692,11,664
chr17,45261848,45262876,15,1028
chr17,45270384,45271438,6,1054
chr17,45278763,45279172,5,409
chr17,45316243,45317301,29,1058
chr17,45370367,45370497,6,130
chr17,45371524,45371913,37,389
chr17,45395338,45396709,21,1371
chr17,45425598,45425642,5,44
chr17,45428169,45435130,112,6961
chr17,45437768,45437892,6,124
chr17,45441266,45442729,9,1463
chr17,45490529,45490947,23,418
chr17,45570190,45570222,5,32
chr17,45584273,45586346,60,2073
chr17,45601302,45601398,5,96
chr17,45637849,45638131,6,282
chr17,45680872,45681891,8,1019
chr17,45716795,45716928,6,133
chr17,45720552,45720717,5,165
chr17,45783372,45785710,107,2338
chr17,45823635,45823829,5,194
chr17,45828392,45828897,9,505
chr17,45833430,45833786,6,356
chr17,45836741,45837027,6,286
chr17,45845057,45846244,11,1187
chr17,45894381,45898418,81,4037
chr17,45930263,45930900,6,637
chr17,45944285,45944701,7,416
chr17,45949062,45949280,7,218
chr17,45964401,45964508,6,107
chr17,46009834,46011454,19,1620
chr17,46192687,46193790,73,1103
chr17,46208440,46209139,10,699
chr17,46225079,46225187,12,108
chr17,46261808,46262733,5,925
chr17,46266684,46267199,50,515
chr17,46492754,46492786,5,32
chr17,46768301,46773785,133,5484
chr17,46779039,46779473,5,434
chr17,46784836,46785678,6,842
chr17,46795653,46795749,6,96
chr17,46806094,46806476,6,382
chr17,46816778,46820440,82,3662
chr17,46821607,46822763,13,1156
chr17,46831148,46832528,8,1380
chr17,46841983,46842055,8,72
chr17,46850008,46852217,117,2209
chr17,46872117,46872691,11,574
chr17,46874670,46875212,8,542
chr17,46883277,46885282,14,2005
chr17,46923035,46923150,10,115
chr17,46976027,46976440,9,413
chr17,46978470,46979681,71,1211
chr17,47001084,47001341,7,257
chr17,47099580,47101602,34,2022
chr17,47142781,47142839,5,58
chr17,47156328,47156540,5,212
chr17,47188602,47189419,13,817
chr17,47253373,47254773,81,1400
chr17,47323583,47324330,25,747
chr17,47362401,47362600,7,199
chr17,47423443,47424262,75,819
chr17,47500371,47500816,5,445
chr17,47518000,47518251,8,251
chr17,47530133,47531230,17,1097
chr17,47556056,47556909,7,853
chr17,47616376,47616537,5,161
chr17,47646181,47647480,6,1299
chr17,47648585,47650681,81,2096
chr17,47677332,47677396,5,64
chr17,47693446,47696545,80,3099
chr17,47699329,47699487,11,158
chr17,47702273,47703183,7,910
chr17,47704210,47704404,8,194
chr17,47708503,47709584,65,1081
chr17,47713633,47713803,5,170
chr17,47720384,47721565,19,1181
chr17,47733196,47734988,66,1792
chr17,47742376,47744373,10,1997
chr17,47778232,47778547,26,315
chr17,47789679,47790329,48,650
chr17,47821187,47821905,14,718
chr17,47831518,47831700,12,182
chr17,47840702,47841389,20,687
chr17,47845814,47848420,71,2606
chr17,47850527,47852906,58,2379
chr17,47872261,47873020,19,759
chr17,47876800,47877821,8,1021
chr17,47895613,47896845,36,1232
chr17,47902848,47903590,7,742
chr17,47941586,47942003,8,417
chr17,47949431,47949727,12,296
chr17,47953194,47953551,9,357
chr17,47968572,47968610,5,38
chr17,47971508,47971851,6,343
chr17,48012194,48013177,29,983
chr17,48023529,48025609,68,2080
chr17,48036867,48038522,39,1655
chr17,48047803,48048936,33,1133
chr17,48059288,48060598,7,1310
chr17,48099205,48101415,25,2210
chr17,48103571,48104310,8,739
chr17,48106919,48107663,19,744
chr17,48109600,48109670,6,70
chr17,48138299,48138530,8,231
chr17,48430192,48430352,29,160
chr17,48489348,48490094,11,746
chr17,48492926,48493117,11,191
chr17,48524372,48524915,6,543
chr17,48527010,48527921,51,911
chr17,48530192,48530844,17,652
chr17,48541147,48544639,107,3492
chr17,48550012,48552568,40,2556
chr17,48554548,48556452,20,1904
chr17,48564173,48564747,62,574
chr17,48568529,48569215,13,686
chr17,48570364,48570740,7,376
chr17,48573824,48574460,8,636
chr17,48576253,48577003,29,750
chr17,48578022,48578696,30,674
chr17,48581693,48582431,27,738
chr17,48585052,48586550,31,1498
chr17,48589564,48589743,7,179
chr17,48592123,48594995,43,2872
chr17,48596295,48598556,64,2261
chr17,48602011,48604021,20,2010
chr17,48606196,48606281,7,85
chr17,48607893,48608340,10,447
chr17,48610166,48615202,133,5036
chr17,48617445,48620095,39,2650
chr17,48621600,48621752,17,152
chr17,48624818,48626851,103,2033
chr17,48628021,48628392,7,371
chr17,48633634,48634660,54,1026
chr17,48636696,48636936,14,240
chr17,48641903,48643024,21,1121
chr17,48646225,48647553,42,1328
chr17,48718735,48720402,46,1667
chr17,48723178,48724001,37,823
chr17,48725336,48725809,10,473
chr17,48728245,48729573,51,1328
chr17,48733070,48734626,18,1556
chr17,48738369,48740397,14,2028
chr17,48746915,48748519,27,1604
chr17,48749605,48750278,14,673
chr17,48752575,48752909,14,334
chr17,48754060,48755511,45,1451
chr17,48806954,48807212,5,258
chr17,48816559,48817284,30,725
chr17,48818544,48819549,5,1005
chr17,48829980,48830896,8,916
chr17,48854043,48854498,9,455
chr17,48883337,48885007,12,1670
chr17,48892219,48892869,11,650
chr17,48898992,48899295,7,303
chr17,48906660,48909089,59,2429
chr17,48943191,48943333,6,142
chr17,48944519,48945022,35,503
chr17,48949467,48950620,6,1153
chr17,48964084,48964238,6,154
chr17,48966114,48966213,6,99
chr17,48986631,48987022,7,391
chr17,48995464,48999618,138,4154
chr17,49003758,49004306,17,548
chr17,49013339,49013977,20,638
chr17,49015161,49015430,9,269
chr17,49035715,49036052,11,337
chr17,49092956,49093218,6,262
chr17,49131571,49133318,46,1747
chr17,49192285,49193421,19,1136
chr17,49210569,49210856,6,287
chr17,49219733,49220963,26,1230
chr17,49224900,49225076,14,176
chr17,49230119,49231668,31,1549
chr17,49249433,49249705,7,272
chr17,49251618,49251712,5,94
chr17,49260155,49260780,38,625
chr17,49265452,49265758,8,306
chr17,49277419,49277764,7,345
chr17,49361468,49362507,66,1039
chr17,49365240,49365347,5,107
chr17,49414608,49415875,9,1267
chr17,49438597,49439103,15,506
chr17,49458636,49458786,6,150
chr17,49469630,49470398,17,768
chr17,49484342,49485184,10,842
chr17,49495076,49497815,113,2739
chr17,49505893,49506982,10,1089
chr17,49526336,49526531,8,195
chr17,49545683,49547603,7,1920
chr17,49555053,49556716,20,1663
chr17,49567561,49568147,5,586
chr17,49569690,49570533,42,843
chr17,49574467,49576891,52,2424
chr17,49579374,49580478,10,1104
chr17,49611139,49611612,5,473
chr17,49648819,49650436,9,1617
chr17,49657692,49657794,5,102
chr17,49662538,49662821,5,283
chr17,49677525,49679137,38,1612
chr17,49695288,49695387,6,99
chr17,49707706,49708106,9,400
chr17,49718901,49718991,7,90
chr17,49762286,49764120,26,1834
chr17,49788562,49788830,28,268
chr17,49850768,49851624,25,856
chr17,49858588,49860213,12,1625
chr17,49862893,49863446,12,553
chr17,49880300,49880783,19,483
chr17,49890455,49890941,29,486
chr17,49901826,49902375,18,549
chr17,49906191,49906810,6,619
chr17,49910232,49911704,53,1472
chr17,49963922,49965488,71,1566
chr17,49968457,49969663,61,1206
chr17,49971500,49972594,33,1094
chr17,49988181,49988278,6,97
chr17,49993571,49998085,89,4514
chr17,50026650,50027727,7,1077
chr17,50048336,50048591,6,255
chr17,50054624,50056897,97,2273
chr17,50064050,50064646,5,596
chr17,50076904,50077381,7,477
chr17,50094503,50095938,33,1435
chr17,50112876,50113062,11,186
chr17,50117538,50118503,31,965
chr17,50128950,50130410,77,1460
chr17,50133832,50133898,7,66
chr17,50139537,50140191,6,654
chr17,50148718,50151904,144,3186
chr17,50161560,50161623,12,63
chr17,50184292,50185590,7,1298
chr17,50186717,50186913,9,196
chr17,50192948,50194380,9,1432
chr17,50198459,50201711,46,3252
chr17,50261042,50262316,8,1274
chr17,50273180,50275672,35,2492
chr17,50345875,50346856,51,981
chr17,50354104,50354471,7,367
chr17,50358243,50358294,5,51
chr17,50373150,50373283,9,133
chr17,50397042,50397958,24,916
chr17,50426239,50426404,13,165
chr17,50468395,50469412,54,1017
chr17,50478644,50478819,14,175
chr17,50482124,50483456,14,1332
chr17,50508380,50508823,23,443
chr17,50519014,50519947,8,933
chr17,50537131,50537269,5,138
chr17,50538958,50539134,7,176
chr17,50541589,50542870,48,1281
chr17,50547105,50547945,20,840
chr17,50550608,50551256,16,648
chr17,50554320,50554392,7,72
chr17,50558754,50562366,133,3612
chr17,50568970,50570747,11,1777
chr17,50575958,50576204,15,246
chr17,50592887,50593166,5,279
chr17,50595359,50595662,5,303
chr17,50596751,50596922,10,171
chr17,50604489,50604578,7,89
chr17,50613450,50614008,12,558
chr17,50626393,50626935,9,542
chr17,50631742,50635562,62,3820
chr17,50684978,50685093,7,115
chr17,50706827,50707949,37,1122
chr17,50717863,50718221,7,358
chr17,50719411,50719930,35,519
chr17,50759856,50760035,6,179
chr17,50780391,50781487,11,1096
chr17,50792966,50793368,8,402
chr17,50831106,50831266,6,160
chr17,50835165,50835758,14,593
chr17,50840151,50840259,7,108
chr17,50851479,50852011,6,532
chr17,50865028,50867092,84,2064
chr17,50919856,50921987,9,2131
chr17,50931231,50931685,22,454
chr17,50938339,50938530,6,191
chr17,50992773,50993143,5,370
chr17,51120114,51122020,42,1906
chr17,51136681,51136750,5,69
chr17,51151954,51152352,25,398
chr17,51153452,51153975,29,523
chr17,51165889,51167255,94,1366
chr17,51170105,51170298,5,193
chr17,51228753,51228822,5,69
chr17,51259700,51260982,57,1282
chr17,51461689,51462186,10,497
chr17,51594107,51594248,6,141
chr17,52079008,52079373,13,365
chr17,52105323,52105415,6,92
chr17,52157968,52159463,32,1495
chr17,52219740,52220250,5,510
chr17,52842093,52842142,5,49
chr17,53352361,53352431,6,70
chr17,53518820,53518921,5,101
chr17,53550540,53550753,7,213
chr17,53687217,53687470,5,253
chr17,53757783,53758280,15,497
chr17,53822754,53822953,8,199
chr17,54254208,54254481,6,273
chr17,54759451,54759635,7,184
chr17,54787985,54788077,10,92
chr17,54900758,54901079,17,321
chr17,54921111,54921645,6,534
chr17,54967695,54968981,28,1286
chr17,55064586,55064771,11,185
chr17,55238533,55238947,26,414
chr17,55265006,55266786,52,1780
chr17,55270761,55270804,5,43
chr17,55293304,55293422,6,118
chr17,55320554,55320727,8,173
chr17,55420304,55422109,70,1805
chr17,55526246,55526454,5,208
chr17,55561414,55561584,7,170
chr17,55751026,55751354,27,328
chr17,56465060,56466335,5,1275
chr17,56592129,56596955,124,4826
chr17,56678631,56678837,6,206
chr17,56699292,56699847,12,555
chr17,56720041,56720238,5,197
chr17,56754534,56754857,5,323
chr17,56779922,56780499,34,577
chr17,56833158,56834934,118,1776
chr17,56879241,56879512,5,271
chr17,56912585,56914589,45,2004
chr17,56945808,56945876,5,68
chr17,56959777,56960747,29,970
chr17,56977897,56978016,6,119
chr17,56986408,56986638,6,230
chr17,57018008,57018900,7,892
chr17,57045158,57046324,25,1166
chr17,57061965,57062462,5,497
chr17,57084840,57086182,77,1342
chr17,57102344,57102625,7,281
chr17,57135874,57136141,6,267
chr17,57255748,57257206,75,1458
chr17,57267487,57267589,5,102
chr17,57286609,57286703,5,94
chr17,57318275,57318667,8,392
chr17,57406389,57407574,15,1185
chr17,57468716,57468777,5,61
chr17,57494742,57494891,6,149
chr17,57504294,57504803,5,509
chr17,57531752,57532587,5,835
chr17,57537418,57537814,6,396
chr17,57545881,57546080,5,199
chr17,57552857,57553809,6,952
chr17,57662888,57663609,14,721
chr17,57674691,57675060,11,369
chr17,57723996,57724926,9,930
chr17,57754813,57755142,7,329
chr17,57783372,57783464,12,92
chr17,57810965,57811194,15,229
chr17,57849997,57850709,24,712
chr17,57861542,57863538,51,1996
chr17,57874702,57875648,15,946
chr17,57885545,57886911,21,1366
chr17,57893468,57893556,5,88
chr17,57919148,57919272,6,124
chr17,57931010,57932240,10,1230
chr17,57954572,57955654,59,1082
chr17,57987731,57988774,64,1043
chr17,58007975,58008202,5,227
chr17,58082778,58084116,53,1338
chr17,58167927,58168503,7,576
chr17,58200245,58200377,7,132
chr17,58218372,58219415,27,1043
chr17,58249661,58249708,6,47
chr17,58254879,58255546,7,667
chr17,58270720,58271128,6,408
chr17,58275522,58275633,5,111
chr17,58279086,58279651,39,565
chr17,58318553,58319775,8,1222
chr17,58324338,58324865,28,527
chr17,58328543,58329234,12,691
chr17,58332322,58333299,8,977
chr17,58352261,58353181,21,920
chr17,58362569,58362725,6,156
chr17,58487427,58488512,35,1085
chr17,58513645,58514646,27,1001
chr17,58518114,58518862,17,748
chr17,58526629,58526989,5,360
chr17,58531905,58532444,18,539
chr17,58629378,58630125,5,747
chr17,58632162,58632487,6,325
chr17,58655286,58656261,10,975
chr17,58662845,58662934,5,89
chr17,58666732,58666914,5,182
chr17,58691051,58692621,22,1570
chr17,58716555,58716961,9,406
chr17,58755682,58757000,87,1318
chr17,59106181,59106717,36,536
chr17,59121076,59121483,9,407
chr17,59153932,59155773,43,1841
chr17,59172590,59173645,13,1055
chr17,59180598,59181052,6,454
chr17,59209708,59211070,26,1362
chr17,59217782,59217919,6,137
chr17,59219547,59221130,35,1583
chr17,59224549,59224665,6,116
chr17,59281841,59282330,6,489
chr17,59298990,59299324,7,334
chr17,59309100,59309525,7,425
chr17,59320658,59320757,5,99
chr17,59331185,59332662,63,1477
chr17,59424936,59425294,5,358
chr17,59490588,59491041,6,453
chr17,59512345,59512666,8,321
chr17,59565394,59565678,12,284
chr17,59571388,59571633,6,245
chr17,59619754,59620072,18,318
chr17,59706503,59708057,23,1554
chr17,59736600,59736849,7,249
chr17,59804344,59804471,5,127
chr17,59809419,59809599,5,180
chr17,59823608,59824384,10,776
chr17,59849927,59850369,6,442
chr17,59892263,59893297,23,1034
chr17,59964495,59966107,36,1612
chr17,60066868,60067066,6,198
chr17,60078684,60079920,30,1236
chr17,60134789,60135520,7,731
chr17,60138831,60140325,48,1494
chr17,60149820,60151387,52,1567
chr17,60234238,60234493,11,255
chr17,60391758,60392813,32,1055
chr17,60421380,60422577,36,1197
chr17,60429291,60430574,7,1283
chr17,60434188,60434241,5,53
chr17,60507698,60508096,5,398
chr17,60525692,60526348,38,656
chr17,60560009,60560633,7,624
chr17,60599964,60601635,63,1671
chr17,60677265,60678024,14,759
chr17,61190451,61190892,5,441
chr17,61201851,61202230,6,379
chr17,61390040,61390131,8,91
chr17,61395722,61401579,242,5857
chr17,61403056,61405605,57,2549
chr17,61408213,61412785,160,4572
chr17,61417083,61417163,5,80
chr17,61443964,61444195,7,231
chr17,61451453,61452745,61,1292
chr17,61454531,61457715,58,3184
chr17,61462011,61462268,8,257
chr17,61467563,61467968,7,405
chr17,61489123,61489472,5,349
chr17,61495468,61495690,10,222
chr17,61560494,61560801,7,307
chr17,61574966,61575206,6,240
chr17,61781845,61782212,8,367
chr17,61862993,61863774,19,781
chr17,61898716,61899343,5,627
chr17,61915540,61915584,5,44
chr17,61927310,61927883,11,573
chr17,61934124,61936968,20,2844
chr17,61948804,61948882,9,78
chr17,62007772,62008055,10,283
chr17,62064987,62066085,47,1098
chr17,62096980,62097046,5,66
chr17,62104033,62104957,5,924
chr17,62137528,62137619,6,91
chr17,62139279,62141156,25,1877
chr17,62159431,62159568,6,137
chr17,62235371,62235563,5,192
chr17,62422762,62424095,33,1333
chr17,62463310,62464313,6,1003
chr17,62468474,62469188,8,714
chr17,62476557,62479573,37,3016
chr17,62484271,62484457,5,186
chr17,62487874,62488032,6,158
chr17,62583670,62584410,10,740
chr17,62626895,62629135,75,2240
chr17,62632211,62632519,7,308
chr17,62652456,62653372,16,916
chr17,62663805,62664673,12,868
chr17,62670020,62670403,16,383
chr17,62676467,62677349,5,882
chr17,62680020,62681068,19,1048
chr17,62689564,62691006,11,1442
chr17,62697045,62697197,6,152
chr17,62703689,62704734,52,1045
chr17,62709336,62709906,5,570
chr17,62715949,62716034,5,85
chr17,62724865,62725046,6,181
chr17,62743369,62744312,5,943
chr17,62803680,62804006,5,326
chr17,62807945,62809481,39,1536
chr17,62829178,62829270,6,92
chr17,62901168,62901263,5,95
chr17,62965711,62966818,90,1107
chr17,63420157,63421000,11,843
chr17,63432297,63433189,6,892
chr17,63434322,63436255,28,1933
chr17,63438476,63439306,10,830
chr17,63441823,63442023,6,200
chr17,63444172,63447321,104,3149
chr17,63450277,63450771,10,494
chr17,63467019,63467548,10,529
chr17,63476478,63477818,62,1340
chr17,63481590,63481759,7,169
chr17,63491149,63491367,7,218
chr17,63495242,63495769,5,527
chr17,63523113,63523538,10,425
chr17,63537595,63538799,9,1204
chr17,63550427,63551817,36,1390
chr17,63582554,63582761,8,207
chr17,63596148,63596858,9,710
chr17,63600730,63601615,25,885
chr17,63611086,63611220,5,134
chr17,63621685,63623229,90,1544
chr17,63699153,63702041,154,2888
chr17,63738879,63739994,11,1115
chr17,63741072,63742854,18,1782
chr17,63772354,63774651,52,2297
chr17,63826722,63827763,48,1041
chr17,63837015,63837675,5,660
chr17,63841738,63842921,46,1183
chr17,63848894,63849617,35,723
chr17,63852041,63852611,10,570
chr17,63865891,63866504,6,613
chr17,63930166,63932651,18,2485
chr17,63933849,63934711,8,862
chr17,63940915,63941872,8,957
chr17,63961524,63963365,16,1841
chr17,63971200,63972976,10,1776
chr17,63988710,63989635,10,925
chr17,63997056,63999094,34,2038
chr17,64000618,64000745,6,127
chr17,64001821,64001955,6,134
chr17,64020721,64020902,5,181
chr17,64044085,64044166,8,81
chr17,64063561,64063947,9,386
chr17,64129406,64130621,72,1215
chr17,64144831,64146487,22,1656
chr17,64262507,64263201,50,694
chr17,64282594,64282793,5,199
chr17,64335985,64336127,5,142
chr17,64341020,64341188,5,168
chr17,64345483,64347791,11,2308
chr17,64389904,64390908,7,1004
chr17,64391927,64392373,7,446
chr17,64398339,64398373,5,34
chr17,64401152,64401589,8,437
chr17,64474453,64475366,5,913
chr17,64496618,64497534,39,916
chr17,64505476,64507051,56,1575
chr17,64602784,64602881,5,97
chr17,64661237,64663350,79,2113
chr17,64680900,64681614,7,714
chr17,64712180,64713290,6,1110
chr17,64776872,64781719,147,4847
chr17,64787267,64787467,8,200
chr17,64817210,64817408,6,198
chr17,64837090,64837158,7,68
chr17,64917170,64917309,6,139
chr17,64919000,64919619,31,619
chr17,64921739,64922312,8,573
chr17,64935785,64935983,5,198
chr17,64975217,64976172,28,955
chr17,65005172,65005351,5,179
chr17,65056169,65057878,54,1709
chr17,65100571,65101077,28,506
chr17,65122926,65123442,21,516
chr17,65137019,65137379,17,360
chr17,65145193,65145481,5,288
chr17,65167362,65167834,6,472
chr17,65183642,65184081,7,439
chr17,65203280,65204326,6,1046
chr17,65223617,65225137,14,1520
chr17,65243964,65244793,8,829
chr17,65292458,65292609,6,151
chr17,65385863,65385973,8,110
chr17,65460677,65460785,6,108
chr17,65463065,65463165,6,100
chr17,65536947,65537635,13,688
chr17,65546249,65546334,6,85
chr17,65556889,65557544,7,655
chr17,65559292,65562040,116,2748
chr17,65575069,65575244,8,175
chr17,66191839,66192384,40,545
chr17,66280564,66280694,6,130
chr17,66301953,66303410,117,1457
chr17,66391097,66392352,9,1255
chr17,66575504,66575838,5,334
chr17,66590774,66590870,7,96
chr17,66675792,66676223,13,431
chr17,66720033,66720076,5,43
chr17,66829643,66830113,7,470
chr17,66834969,66836113,36,1144
chr17,66840055,66840431,5,376
chr17,66849140,66849297,6,157
chr17,66880652,66880834,5,182
chr17,66884056,66884719,5,663
chr17,66896480,66896518,5,38
chr17,66959764,66960225,8,461
chr17,66963632,66966182,117,2550
chr17,66987905,66988560,5,655
chr17,66994645,66995150,6,505
chr17,67017930,67018212,5,282
chr17,67023336,67023765,8,429
chr17,67024803,67025877,14,1074
chr17,67033124,67033886,5,762
chr17,67104156,67104295,6,139
chr17,67213373,67213478,5,105
chr17,67244696,67246315,87,1619
chr17,67254137,67255255,6,1118
chr17,67287471,67287594,5,123
chr17,67304605,67306039,8,1434
chr17,67321810,67322226,10,416
chr17,67365048,67365108,5,60
chr17,67366258,67366648,15,390
chr17,67376506,67378858,99,2352
chr17,67388312,67388482,5,170
chr17,67433353,67435340,10,1987
chr17,67451557,67451731,6,174
chr17,67637414,67637679,5,265
chr17,67717719,67718209,12,490
chr17,67760708,67760874,5,166
chr17,67767671,67768295,8,624
chr17,67770044,67770149,5,105
chr17,67778539,67779145,10,606
chr17,67824288,67826243,73,1955
chr17,67827414,67828299,6,885
chr17,67847437,67847533,6,96
chr17,67857254,67857830,6,576
chr17,67916514,67916638,7,124
chr17,67986468,67987863,11,1395
chr17,67992492,67994315,97,1823
chr17,67995841,67996455,22,614
chr17,68001470,68002043,8,573
chr17,68003912,68005225,9,1313
chr17,68018591,68020408,24,1817
chr17,68021412,68021480,7,68
chr17,68025234,68025283,5,49
chr17,68035537,68036232,27,695
chr17,68051206,68051886,8,680
chr17,68077256,68077744,6,488
chr17,68080626,68080759,17,133
chr17,68101185,68102551,54,1366
chr17,68134655,68134931,12,276
chr17,68163140,68164568,7,1428
chr17,68169655,68169775,7,120
chr17,68196196,68201121,153,4925
chr17,68204949,68205991,70,1042
chr17,68208932,68209781,7,849
chr17,68246967,68247776,46,809
chr17,68288941,68292654,156,3713
chr17,68312762,68313117,7,355
chr17,68414038,68414105,6,67
chr17,68421542,68422343,6,801
chr17,68450595,68450975,9,380
chr17,68456669,68457938,38,1269
chr17,68465122,68466209,9,1087
chr17,68511798,68513758,59,1960
chr17,68600068,68601375,106,1307
chr17,68962805,68963357,8,552
chr17,69195130,69196219,6,1089
chr17,69326757,69327294,12,537
chr17,69414547,69414585,5,38
chr17,69496364,69496492,7,128
chr17,69569361,69569529,6,168
chr17,69588155,69588984,5,829
chr17,69627190,69627250,6,60
chr17,69808264,69808334,5,70
chr17,69888875,69888943,5,68
chr17,70023920,70023953,5,33
chr17,70168641,70169846,43,1205
chr17,70539920,70539963,5,43
chr17,71531798,71531960,5,162
chr17,71832924,71833294,8,370
chr17,72053384,72053573,5,189
chr17,72115425,72118034,76,2609
chr17,72119190,72123840,135,4650
chr17,72151302,72151799,5,497
chr17,72219542,72220252,19,710
chr17,72360800,72361192,6,392
chr17,72378544,72379894,7,1350
chr17,72383130,72383369,12,239
chr17,72392759,72392944,6,185
chr17,72411764,72413431,9,1667
chr17,72422610,72423220,8,610
chr17,72476738,72477800,5,1062
chr17,72538992,72540344,7,1352
chr17,72546378,72546527,6,149
chr17,72556435,72557029,11,594
chr17,72569386,72569444,6,58
chr17,72590857,72592852,54,1995
chr17,72594001,72594290,5,289
chr17,72640398,72640768,25,370
chr17,72655689,72657322,10,1633
chr17,72661481,72661608,5,127
chr17,72758736,72759025,6,289
chr17,72789095,72789177,5,82
chr17,72914240,72915387,8,1147
chr17,72966499,72966662,5,163
chr17,73011000,73012200,7,1200
chr17,73049983,73050151,5,168
chr17,73091418,73092723,12,1305
chr17,73164609,73166279,69,1670
chr17,73190993,73193681,51,2688
chr17,73196592,73196705,5,113
chr17,73227762,73228195,6,433
chr17,73231639,73233372,44,1733
chr17,73273203,73275161,12,1958
chr17,73285408,73285621,5,213
chr17,73290749,73290849,5,100
chr17,73292089,73293243,11,1154
chr17,73296912,73297289,8,377
chr17,73305118,73305460,6,342
chr17,73308037,73308898,10,861
chr17,73310489,73312521,64,2032
chr17,73319010,73319420,5,410
chr17,73352467,73352527,5,60
chr17,73355101,73355432,6,331
chr17,73361516,73361690,7,174
chr17,73362870,73362947,5,77
chr17,73367357,73367595,6,238
chr17,73375054,73375400,5,346
chr17,73380968,73381777,6,809
chr17,73387235,73387527,8,292
chr17,73390406,73392362,16,1956
chr17,73394223,73395512,11,1289
chr17,73397419,73397597,6,178
chr17,73423922,73425401,12,1479
chr17,73429508,73431085,10,1577
chr17,73435728,73438033,15,2305
chr17,73455894,73456061,11,167
chr17,73481103,73482562,10,1459
chr17,73484110,73484358,6,248
chr17,73513979,73514241,5,262
chr17,73549195,73550859,6,1664
chr17,73571902,73571952,6,50
chr17,73588784,73588879,5,95
chr17,73591213,73591417,5,204
chr17,73592595,73593015,18,420
chr17,73623948,73624724,5,776
chr17,73643136,73645959,101,2823
chr17,73740394,73741535,5,1141
chr17,73743265,73743397,5,132
chr17,73748461,73748601,5,140
chr17,73753324,73753688,5,364
chr17,73769173,73769323,5,150
chr17,73820151,73820198,6,47
chr17,73822685,73822808,7,123
chr17,73856535,73856997,9,462
chr17,73866100,73866715,9,615
chr17,73901888,73903433,18,1545
chr17,73952267,73952914,48,647
chr17,74006408,74006839,8,431
chr17,74052962,74053211,10,249
chr17,74112020,74114332,14,2312
chr17,74117098,74117352,6,254
chr17,74118769,74118926,5,157
chr17,74122813,74123000,5,187
chr17,74150515,74150659,5,144
chr17,74196290,74196843,6,553
chr17,74206305,74207011,6,706
chr17,74211379,74215652,46,4273
chr17,74235384,74237718,22,2334
chr17,74262061,74262720,6,659
chr17,74268159,74268761,14,602
chr17,74274198,74274862,11,664
chr17,74284707,74285145,9,438
chr17,74305270,74305451,11,181
chr17,74309440,74310163,7,723
chr17,74316433,74318338,14,1905
chr17,74324866,74326313,25,1447
chr17,74337949,74338270,7,321
chr17,74341731,74342995,15,1264
chr17,74344710,74345228,6,518
chr17,74349695,74350845,8,1150
chr17,74354419,74354541,8,122
chr17,74356670,74357104,37,434
chr17,74361916,74362262,7,346
chr17,74369196,74370275,8,1079
chr17,74372226,74372572,13,346
chr17,74378671,74379200,7,529
chr17,74411625,74412362,6,737
chr17,74424788,74424833,7,45
chr17,74430694,74433233,109,2539
chr17,74442746,74443191,14,445
chr17,74449091,74449429,5,338
chr17,74453731,74455052,49,1321
chr17,74466383,74467132,8,749
chr17,74569413,74569821,10,408
chr17,74614956,74614994,5,38
chr17,74649672,74650409,6,737
chr17,74671255,74671550,13,295
chr17,74708657,74708831,5,174
chr17,74735927,74737640,58,1713
chr17,74748182,74750187,82,2005
chr17,74758450,74758604,6,154
chr17,74775952,74777636,16,1684
chr17,74782120,74782479,6,359
chr17,74786169,74786584,8,415
chr17,74790262,74790334,8,72
chr17,74791520,74791699,8,179
chr17,74799306,74801441,9,2135
chr17,74805513,74806543,9,1030
chr17,74842495,74843179,49,684
chr17,74851366,74853401,44,2035
chr17,74855047,74855111,5,64
chr17,74859704,74861909,80,2205
chr17,74872730,74873718,50,988
chr17,74879540,74879608,7,68
chr17,74882530,74883126,5,596
chr17,74892095,74893776,30,1681
chr17,74907004,74907174,13,170
chr17,74920290,74920336,6,46
chr17,74922472,74923739,26,1267
chr17,74930107,74930695,5,588
chr17,74935747,74937762,48,2015
chr17,74941450,74941496,5,46
chr17,74950037,74950281,8,244
chr17,74952365,74953554,9,1189
chr17,74961320,74962335,9,1015
chr17,74972132,74973029,54,897
chr17,74982557,74983163,13,606
chr17,74987664,74988777,77,1113
chr17,75000488,75002179,9,1691
chr17,75003673,75003856,5,183
chr17,75012245,75013113,55,868
chr17,75033604,75035320,48,1716
chr17,75046047,75048191,73,2144
chr17,75057856,75058754,5,898
chr17,75064207,75064820,5,613
chr17,75077587,75077872,28,285
chr17,75086885,75088327,39,1442
chr17,75102611,75102892,8,281
chr17,75107797,75107891,5,94
chr17,75108949,75109242,6,293
chr17,75113150,75114459,11,1309
chr17,75128362,75128970,9,608
chr17,75131131,75132626,58,1495
chr17,75153846,75154573,50,727
chr17,75181743,75183562,21,1819
chr17,75192277,75192605,9,328
chr17,75203208,75203504,5,296
chr17,75204708,75206897,46,2189
chr17,75261133,75261645,21,512
chr17,75265723,75265768,5,45
chr17,75266876,75267134,5,258
chr17,75270613,75271877,68,1264
chr17,75283400,75284089,6,689
chr17,75287400,75287512,6,112
chr17,75289189,75289804,41,615
chr17,75315185,75315851,6,666
chr17,75319229,75320486,12,1257
chr17,75327167,75328596,8,1429
chr17,75375881,75376019,5,138
chr17,75388189,75388257,7,68
chr17,75393965,75394515,9,550
chr17,75404998,75406506,81,1508
chr17,75420550,75421443,6,893
chr17,75424606,75424711,5,105
chr17,75425714,75427021,16,1307
chr17,75431870,75432154,9,284
chr17,75443342,75444185,10,843
chr17,75456655,75457219,13,564
chr17,75470629,75470775,5,146
chr17,75478227,75478481,11,254
chr17,75496457,75496517,5,60
chr17,75501785,75502776,15,991
chr17,75504898,75506000,14,1102
chr17,75509990,75510122,5,132
chr17,75515048,75517330,122,2282
chr17,75525022,75526807,90,1785
chr17,75544057,75544301,7,244
chr17,75548141,75548438,5,297
chr17,75555101,75555659,11,558
chr17,75573227,75573513,9,286
chr17,75574996,75575316,5,320
chr17,75581341,75582804,13,1463
chr17,75587914,75590074,114,2160
chr17,75605368,75605987,14,619
chr17,75613742,75615129,11,1387
chr17,75619907,75620035,7,128
chr17,75624183,75624407,5,224
chr17,75630749,75631906,9,1157
chr17,75639147,75640170,7,1023
chr17,75648054,75648466,5,412
chr17,75663978,75664769,7,791
chr17,75666948,75667708,21,760
chr17,75693180,75693281,6,101
chr17,75714667,75715701,11,1034
chr17,75720445,75721732,47,1287
chr17,75726801,75727722,9,921
chr17,75736572,75736624,6,52
chr17,75740896,75740997,5,101
chr17,75743699,75743882,16,183
chr17,75752221,75752286,7,65
chr17,75753512,75754593,35,1081
chr17,75756960,75757612,13,652
chr17,75761740,75762150,7,410
chr17,75764641,75765629,44,988
chr17,75778620,75779438,46,818
chr17,75784607,75785192,15,585
chr17,75797800,75798163,7,363
chr17,75809881,75809957,8,76
chr17,75815056,75815327,7,271
chr17,75822445,75822574,5,129
chr17,75827191,75828090,14,899
chr17,75832042,75833181,9,1139
chr17,75835400,75836629,8,1229
chr17,75845097,75847615,13,2518
chr17,75854995,75857254,31,2259
chr17,75860332,75860940,9,608
chr17,75876458,75878651,76,2193
chr17,75880809,75881066,5,257
chr17,75892325,75892467,5,142
chr17,75896050,75897432,51,1382
chr17,75898914,75899942,11,1028
chr17,75904261,75905810,76,1549
chr17,75908151,75908795,7,644
chr17,75913938,75914728,8,790
chr17,75919668,75920404,8,736
chr17,75940551,75941387,26,836
chr17,75977158,75977422,6,264
chr17,75978850,75979877,68,1027
chr17,75982803,75983109,6,306
chr17,75993920,75994217,6,297
chr17,76000218,76000604,7,386
chr17,76007321,76008789,33,1468
chr17,76019005,76019065,6,60
chr17,76022234,76022649,7,415
chr17,76025882,76026195,8,313
chr17,76054747,76055610,11,863
chr17,76069312,76069631,5,319
chr17,76072156,76072992,22,836
chr17,76074094,76077963,81,3869
chr17,76081561,76081959,9,398
chr17,76083437,76083526,5,89
chr17,76088727,76088856,6,129
chr17,76103292,76104713,14,1421
chr17,76107781,76107949,5,168
chr17,76121453,76122625,55,1172
chr17,76132487,76132869,16,382
chr17,76135653,76137844,11,2191
chr17,76140096,76142770,59,2674
chr17,76171186,76172447,5,1261
chr17,76190723,76191557,9,834
chr17,76239554,76242019,85,2465
chr17,76265047,76266658,111,1611
chr17,76272573,76273556,9,983
chr17,76277203,76279450,25,2247
chr17,76307774,76309280,34,1506
chr17,76346870,76347050,5,180
chr17,76349235,76349274,5,39
chr17,76352367,76354821,71,2454
chr17,76374555,76374850,6,295
chr17,76382416,76386739,180,4323
chr17,76388459,76391097,23,2638
chr17,76396224,76396548,5,324
chr17,76449346,76449747,6,401
chr17,76451868,76453412,40,1544
chr17,76465961,76466777,9,816
chr17,76473823,76474491,12,668
chr17,76477393,76478505,6,1112
chr17,76488541,76490380,7,1839
chr17,76498020,76498136,9,116
chr17,76500871,76501474,46,603
chr17,76523262,76524091,15,829
chr17,76525157,76525568,6,411
chr17,76527709,76528828,18,1119
chr17,76529980,76530148,7,168
chr17,76531344,76531472,5,128
chr17,76537205,76538959,112,1754
chr17,76545158,76546082,11,924
chr17,76556766,76557723,31,957
chr17,76560930,76561543,5,613
chr17,76568739,76570264,20,1525
chr17,76574777,76574837,6,60
chr17,76584893,76586297,95,1404
chr17,76594531,76594624,5,93
chr17,76626358,76627157,10,799
chr17,76671581,76672847,18,1266
chr17,76709694,76712321,21,2627
chr17,76726187,76728886,89,2699
chr17,76736435,76738164,144,1729
chr17,76750286,76750450,6,164
chr17,76801113,76801182,5,69
chr17,76813940,76814261,6,321
chr17,76826577,76826944,9,367
chr17,76841567,76842293,9,726
chr17,76856363,76857340,6,977
chr17,76859184,76859593,5,409
chr17,76867395,76870545,130,3150
chr17,76872785,76872924,6,139
chr17,76876578,76877638,5,1060
chr17,76880257,76882360,16,2103
chr17,76905963,76906053,5,90
chr17,76917735,76917954,7,219
chr17,76919487,76919725,6,238
chr17,76923876,76924453,8,577
chr17,76927488,76928934,11,1446
chr17,76943444,76944686,19,1242
chr17,76950161,76950458,7,297
chr17,76969081,76969617,14,536
chr17,76998372,76998419,5,47
chr17,77007227,77007286,5,59
chr17,77015696,77016728,5,1032
chr17,77036998,77037243,7,245
chr17,77039946,77040436,14,490
chr17,77041653,77041901,7,248
chr17,77056034,77056694,18,660
chr17,77063628,77063831,5,203
chr17,77069959,77070022,6,63
chr17,77078544,77078779,5,235
chr17,77088541,77088918,9,377
chr17,77110102,77111233,8,1131
chr17,77140167,77141828,83,1661
chr17,77147036,77147125,8,89
chr17,77174442,77174595,5,153
chr17,77178804,77179123,7,319
chr17,77210722,77212098,6,1376
chr17,77229787,77230523,10,736
chr17,77235522,77235733,6,211
chr17,77242696,77243306,11,610
chr17,77246858,77247626,40,768
chr17,77248836,77249148,5,312
chr17,77255005,77255529,7,524
chr17,77265535,77265713,6,178
chr17,77277280,77277475,5,195
chr17,77279987,77283988,71,4001
chr17,77287349,77291104,31,3755
chr17,77303079,77303261,5,182
chr17,77307096,77307170,5,74
chr17,77312210,77313316,5,1106
chr17,77319339,77320339,24,1000
chr17,77325383,77326557,11,1174
chr17,77366794,77367116,5,322
chr17,77371527,77374580,69,3053
chr17,77379235,77379973,10,738
chr17,77388576,77390544,32,1968
chr17,77401670,77402691,21,1021
chr17,77409092,77410575,16,1483
chr17,77415729,77416500,9,771
chr17,77418847,77419744,10,897
chr17,77425126,77425271,6,145
chr17,77427594,77429107,7,1513
chr17,77451276,77452775,16,1499
chr17,77453917,77455342,11,1425
chr17,77456688,77458474,9,1786
chr17,77464725,77466453,12,1728
chr17,77467533,77468377,19,844
chr17,77477585,77478659,5,1074
chr17,77482006,77482290,11,284
chr17,77483347,77484120,6,773
chr17,77487163,77488896,30,1733
chr17,77506610,77506839,12,229
chr17,77520864,77521291,10,427
chr17,77526321,77527619,19,1298
chr17,77528651,77530377,28,1726
chr17,77543819,77543943,6,124
chr17,77547156,77548625,12,1469
chr17,77560493,77561045,10,552
chr17,77565039,77565324,6,285
chr17,77571267,77571674,10,407
chr17,77591374,77591477,8,103
chr17,77617262,77617476,5,214
chr17,77676337,77677109,18,772
chr17,77695173,77697897,21,2724
chr17,77699257,77699430,9,173
chr17,77707056,77709030,9,1974
chr17,77766287,77766553,5,266
chr17,77767868,77767958,5,90
chr17,77771448,77771602,6,154
chr17,77792377,77793737,23,1360
chr17,77816213,77816306,6,93
chr17,77822631,77823373,5,742
chr17,77830400,77831699,6,1299
chr17,77844825,77845918,7,1093
chr17,77863977,77864782,9,805
chr17,77879872,77880070,5,198
chr17,77893256,77893340,7,84
chr17,77897126,77897429,9,303
chr17,77905723,77906104,10,381
chr17,77931467,77931617,6,150
chr17,77957901,77959656,170,1755
chr17,77961258,77961312,5,54
chr17,77987597,77987772,5,175
chr17,78040905,78041222,14,317
chr17,78097707,78097812,5,105
chr17,78112881,78114288,6,1407
chr17,78115987,78117693,17,1706
chr17,78119157,78121042,19,1885
chr17,78122342,78122791,10,449
chr17,78127512,78128910,56,1398
chr17,78131118,78134442,43,3324
chr17,78137823,78137958,6,135
chr17,78139611,78141499,18,1888
chr17,78144681,78146226,19,1545
chr17,78166731,78167016,9,285
chr17,78168339,78169136,24,797
chr17,78171780,78172660,12,880
chr17,78174907,78176768,15,1861
chr17,78186997,78189900,27,2903
chr17,78202377,78202630,11,253
chr17,78214040,78214638,18,598
chr17,78226706,78227031,7,325
chr17,78231305,78232748,45,1443
chr17,78236076,78236308,5,232
chr17,78243368,78243701,7,333
chr17,78251837,78254445,24,2608
chr17,78263352,78263519,12,167
chr17,78277828,78277954,5,126
chr17,78282321,78282421,5,100
chr17,78308113,78308772,7,659
chr17,78313949,78315092,24,1143
chr17,78316162,78316374,14,212
chr17,78318197,78318637,5,440
chr17,78320596,78320952,6,356
chr17,78324375,78324835,12,460
chr17,78329548,78329955,7,407
chr17,78331115,78331967,7,852
chr17,78337587,78338213,5,626
chr17,78341363,78342579,42,1216
chr17,78343759,78344013,7,254
chr17,78351036,78353628,78,2592
chr17,78357810,78361314,96,3504
chr17,78377995,78379019,40,1024
chr17,78382621,78382735,5,114
chr17,78384856,78385413,10,557
chr17,78417718,78418022,8,304
chr17,78421882,78422155,15,273
chr17,78426775,78427124,6,349
chr17,78429067,78429191,7,124
chr17,78444841,78446939,13,2098
chr17,78456223,78457241,8,1018
chr17,78458948,78459963,7,1015
chr17,78475408,78476911,21,1503
chr17,78484787,78485506,15,719
chr17,78492205,78492627,8,422
chr17,78493907,78495506,7,1599
chr17,78503480,78505393,23,1913
chr17,78506696,78507486,16,790
chr17,78524988,78525052,5,64
chr17,78530064,78530530,8,466
chr17,78543275,78543376,5,101
chr17,78574688,78575292,20,604
chr17,78580463,78581289,7,826
chr17,78586408,78586540,6,132
chr17,78591327,78591825,9,498
chr17,78600267,78600486,5,219
chr17,78603788,78605306,8,1518
chr17,78610480,78611250,6,770
chr17,78624740,78625340,9,600
chr17,78626912,78627588,5,676
chr17,78629882,78630786,11,904
chr17,78635780,78636096,6,316
chr17,78664469,78666824,14,2355
chr17,78675141,78675340,8,199
chr17,78680996,78681294,7,298
chr17,78692368,78693108,8,740
chr17,78716749,78717667,11,918
chr17,78781569,78783020,81,1451
chr17,78795456,78796687,5,1231
chr17,78797771,78798957,14,1186
chr17,78802121,78802178,7,57
chr17,78840039,78841323,70,1284
chr17,78857716,78857885,5,169
chr17,78865740,78866772,7,1032
chr17,78878397,78878487,5,90
chr17,78879771,78881670,15,1899
chr17,78882919,78884348,21,1429
chr17,78890552,78892290,9,1738
chr17,78901035,78901112,10,77
chr17,78918142,78921824,20,3682
chr17,78924195,78926694,93,2499
chr17,78928412,78930486,15,2074
chr17,78933407,78934163,6,756
chr17,78935543,78936052,6,509
chr17,78938815,78940225,13,1410
chr17,78954761,78955105,8,344
chr17,78967405,78968660,18,1255
chr17,78970554,78971632,15,1078
chr17,78973262,78973651,7,389
chr17,78974911,78975648,9,737
chr17,78976962,78979129,16,2167
chr17,78980757,78981662,7,905
chr17,78990983,78992247,8,1264
chr17,78994893,78996178,10,1285
chr17,78997323,78998830,17,1507
chr17,79000826,79001543,10,717
chr17,79002947,79003395,5,448
chr17,79009638,79009946,39,308
chr17,79023868,79025634,47,1766
chr17,79032067,79032222,5,155
chr17,79040267,79040388,5,121
chr17,79046653,79047788,13,1135
chr17,79074275,79075722,69,1447
chr17,79082258,79082333,6,75
chr17,79085114,79090468,47,5354
chr17,79093474,79094322,15,848
chr17,79096779,79098662,31,1883
chr17,79103172,79104860,14,1688
chr17,79106055,79106671,12,616
chr17,79108319,79108447,5,128
chr17,79109952,79110523,9,571
chr17,79114525,79115939,13,1414
chr17,79124989,79127188,20,2199
chr17,79132374,79132484,8,110
chr17,79137591,79137862,11,271
chr17,79153666,79155171,25,1505
chr17,79156678,79160114,17,3436
chr17,79161517,79162367,11,850
chr17,79164948,79166408,26,1460
chr17,79167812,79169247,7,1435
chr17,79172098,79172557,5,459
chr17,79175716,79176973,9,1257
chr17,79180594,79180845,8,251
chr17,79182667,79184865,113,2198
chr17,79187885,79188320,5,435
chr17,79190561,79191887,5,1326
chr17,79193145,79193349,6,204
chr17,79196986,79197920,5,934
chr17,79211370,79211688,6,318
chr17,79218419,79221368,30,2949
chr17,79225393,79225717,5,324
chr17,79233716,79234928,17,1212
chr17,79243266,79244184,5,918
chr17,79248066,79248325,6,259
chr17,79249549,79250955,19,1406
chr17,79264192,79265741,15,1549
chr17,79271468,79271907,5,439
chr17,79287680,79287969,8,289
chr17,79315152,79315206,5,54
chr17,79318137,79319238,5,1101
chr17,79321686,79321866,5,180
chr17,79329734,79329879,7,145
chr17,79349486,79349845,6,359
chr17,79357084,79357133,5,49
chr17,79362195,79362844,7,649
chr17,79378568,79379984,14,1416
chr17,79390116,79390448,8,332
chr17,79391909,79392042,5,133
chr17,79395201,79396253,5,1052
chr17,79398779,79400332,11,1553
chr17,79402876,79403872,7,996
chr17,79406991,79407946,6,955
chr17,79411123,79411161,6,38
chr17,79421736,79423824,23,2088
chr17,79428824,79429489,5,665
chr17,79452778,79453142,11,364
chr17,79465793,79466143,7,350
chr17,79477487,79477556,7,69
chr17,79508163,79509307,22,1144
chr17,79511672,79512864,16,1192
chr17,79516987,79517929,6,942
chr17,79539970,79540729,18,759
chr17,79558422,79558600,6,178
chr17,79579285,79579591,6,306
chr17,79600591,79601663,9,1072
chr17,79608380,79611359,88,2979
chr17,79612713,79614161,23,1448
chr17,79618655,79619474,7,819
chr17,79624017,79624318,5,301
chr17,79626470,79627409,13,939
chr17,79655090,79655234,6,144
chr17,79664671,79665456,5,785
chr17,79670783,79671292,10,509
chr17,79684477,79684604,5,127
chr17,79688280,79690457,8,2177
chr17,79696714,79698323,25,1609
chr17,79700252,79700874,5,622
chr17,79706545,79706933,12,388
chr17,79708589,79709155,5,566
chr17,79714658,79715014,12,356
chr17,79716211,79716337,6,126
chr17,79725888,79726456,6,568
chr17,79728526,79729343,11,817
chr17,79731010,79731411,11,401
chr17,79734346,79735454,26,1108
chr17,79741827,79742250,21,423
chr17,79747208,79748682,61,1474
chr17,79753232,79753383,6,151
chr17,79768757,79769800,8,1043
chr17,79772181,79774105,20,1924
chr17,79777160,79779400,91,2240
chr17,79783846,79784571,15,725
chr17,79789588,79792330,114,2742
chr17,79794767,79795479,24,712
chr17,79797110,79801407,155,4297
chr17,79802756,79805497,121,2741
chr17,79809752,79816034,249,6282
chr17,79831723,79833820,62,2097
chr17,79835084,79845016,300,9932
chr17,79859823,79860528,7,705
chr17,79877936,79878095,5,159
chr17,79888683,79889327,5,644
chr17,79904049,79904647,5,598
chr17,79910791,79911143,10,352
chr17,79919561,79920233,15,672
chr17,79921292,79922402,5,1110
chr17,79925060,79926930,23,1870
chr17,79929489,79931586,47,2097
chr17,79934098,79935672,10,1574
chr17,79938120,79938345,5,225
chr17,79940943,79941070,5,127
chr17,79943016,79944015,14,999
chr17,79946963,79947670,8,707
chr17,79948939,79949173,9,234
chr17,79950360,79950866,9,506
chr17,79952136,79952332,11,196
chr17,79979223,79979716,11,493
chr17,79981234,79981885,17,651
chr17,79991815,79992705,33,890
chr17,80000506,80002068,16,1562
chr17,80005337,80006078,6,741
chr17,80007234,80010375,30,3141
chr17,80013551,80013586,5,35
chr17,80024081,80024198,5,117
chr17,80034286,80037082,105,2796
chr17,80038131,80040117,13,1986
chr17,80047992,80048174,9,182
chr17,80059166,80059358,7,192
chr17,80067449,80067954,20,505
chr17,80072027,80073953,14,1926
chr17,80082644,80083285,13,641
chr17,80084692,80085010,10,318
chr17,80086733,80087927,14,1194
chr17,80095078,80095939,11,861
chr17,80097250,80097370,5,120
chr17,80098831,80099820,7,989
chr17,80101300,80102151,49,851
chr17,80104628,80104782,5,154
chr17,80105816,80105872,7,56
chr17,80107264,80110735,22,3471
chr17,80116612,80117097,6,485
chr17,80119624,80119753,8,129
chr17,80123665,80123795,6,130
chr17,80147404,80149158,32,1754
chr17,80178129,80178373,5,244
chr17,80186609,80187488,6,879
chr17,80189376,80190569,9,1193
chr17,80191973,80192101,9,128
chr17,80198378,80198621,15,243
chr17,80208214,80208830,13,616
chr17,80210663,80210807,5,144
chr17,80212156,80212239,6,83
chr17,80213815,80214605,9,790
chr17,80216252,80216976,5,724
chr17,80219683,80221608,60,1925
chr17,80222687,80222810,5,123
chr17,80228596,80228659,5,63
chr17,80236930,80237109,8,179
chr17,80248349,80248662,8,313
chr17,80259920,80261873,57,1953
chr17,80277324,80278435,11,1111
chr17,80288312,80289007,8,695
chr17,80306776,80307239,10,463
chr17,80326051,80326217,6,166
chr17,80334293,80334719,5,426
chr17,80340269,80340386,11,117
chr17,80344916,80346767,10,1851
chr17,80347800,80348133,9,333
chr17,80349949,80349985,6,36
chr17,80352962,80353526,8,564
chr17,80354658,80355795,6,1137
chr17,80364955,80365699,12,744
chr17,80380551,80380658,9,107
chr17,80387031,80388430,11,1399
chr17,80414041,80416193,122,2152
chr17,80421264,80425597,15,4333
chr17,80444069,80444220,11,151
chr17,80445566,80445965,9,399
chr17,80449460,80450945,9,1485
chr17,80452762,80455111,46,2349
chr17,80468498,80468794,6,296
chr17,80474629,80474795,7,166
chr17,80475925,80478329,143,2404
chr17,80483131,80484027,6,896
chr17,80485557,80486815,9,1258
chr17,80498155,80499277,20,1122
chr17,80500314,80501217,6,903
chr17,80505749,80505923,7,174
chr17,80511995,80512072,6,77
chr17,80515326,80515592,15,266
chr17,80560842,80561163,7,321
chr17,80567648,80567999,11,351
chr17,80583609,80583752,5,143
chr17,80586674,80586964,10,290
chr17,80632290,80633495,6,1205
chr17,80662955,80663132,5,177
chr17,80667066,80667229,7,163
chr17,80669461,80670441,5,980
chr17,80675401,80676487,7,1086
chr17,80709406,80709582,11,176
chr17,80721037,80721188,6,151
chr17,80753557,80753589,5,32
chr17,80762230,80762324,5,94
chr17,80774219,80774290,10,71
chr17,80792106,80793275,18,1169
chr17,80801948,80802049,8,101
chr17,80809277,80809458,5,181
chr17,80816375,80818068,10,1693
chr17,80826384,80826611,5,227
chr17,80832693,80833106,9,413
chr17,80834650,80834849,12,199
chr17,80836154,80837107,5,953
chr17,80845270,80847124,21,1854
chr17,80849019,80851325,14,2306
chr17,80859524,80860112,11,588
chr17,80862313,80862459,5,146
chr17,80871266,80872347,10,1081
chr17,80873485,80874789,8,1304
chr17,80876606,80876968,9,362
chr17,80879071,80880210,15,1139
chr17,80884176,80886839,22,2663
chr17,80892278,80895249,18,2971
chr17,80898655,80898745,9,90
chr17,80900210,80901302,10,1092
chr17,80904648,80905845,11,1197
chr17,80908942,80908979,5,37
chr17,80911019,80911926,6,907
chr17,80923501,80923944,10,443
chr17,80937966,80938660,10,694
chr17,80940331,80943490,22,3159
chr17,80945102,80945764,8,662
chr17,80950038,80951306,9,1268
chr17,80953567,80953824,7,257
chr17,80960843,80962477,14,1634
chr17,80964047,80964390,9,343
chr17,80965659,80966511,14,852
chr17,80968767,80969814,10,1047
chr17,80981169,80983798,37,2629
chr17,80988204,80989644,29,1440
chr17,80991100,80996314,149,5214
chr17,80997838,80998298,11,460
chr17,80999609,80999947,8,338
chr17,81003682,81004365,36,683
chr17,81014997,81015085,5,88
chr17,81018485,81019309,9,824
chr17,81021085,81021500,10,415
chr17,81025819,81028058,30,2239
chr17,81032969,81036356,92,3387
chr17,81037477,81038128,13,651
chr17,81043458,81044940,15,1482
chr17,81048890,81053805,45,4915
chr17,81054948,81057172,13,2224
chr17,81059085,81060659,20,1574
chr17,81063979,81064519,13,540
chr17,81070774,81072248,18,1474
chr17,81075213,81077173,18,1960
chr17,81078338,81078530,6,192
chr17,81082340,81083143,11,803
chr17,81084491,81087454,31,2963
chr17,81092657,81096033,22,3376
chr17,81097382,81098000,8,618
chr17,81099008,81101494,28,2486
chr17,81102752,81103945,14,1193
chr17,81105812,81107666,14,1854
chr17,81109448,81111657,27,2209
chr17,81114847,81116858,8,2011
chr17,81119015,81121010,37,1995
chr17,81123251,81129068,59,5817
chr17,81131005,81132693,8,1688
chr17,81135877,81136103,15,226
chr17,81140213,81140651,5,438
chr17,81148411,81149847,15,1436
chr17,81157283,81157937,5,654
chr17,81160296,81162684,28,2388
chr17,81165478,81166563,76,1085
chr17,81179610,81180118,6,508
chr17,81181354,81181447,8,93
chr17,81183057,81183104,5,47
chr17,81184695,81185018,9,323
chr17,81186972,81188783,17,1811
chr17,81190672,81191349,11,677
chr17,81194923,81197032,21,2109
chr17,81198945,81200523,22,1578
chr17,81202025,81202477,12,452
chr17,81218111,81218199,6,88
chr17,81219900,81220024,9,124
chr17,81221685,81224244,60,2559
chr17,81229178,81229273,5,95
chr17,81230465,81232425,23,1960
chr17,81236404,81236587,5,183
chr17,81238521,81240317,76,1796
chr17,81243314,81243594,7,280
chr17,81245767,81247365,22,1598
chr17,81250243,81250448,5,205
chr17,81253126,81253204,5,78
chr17,81255137,81256873,20,1736
chr17,81258443,81258958,7,515
chr17,81261268,81264491,32,3223
chr17,81269573,81269813,6,240
chr17,81271191,81272516,10,1325
chr17,81275656,81275945,12,289
chr17,81284785,81286294,14,1509
chr17,81287713,81288307,12,594
chr17,81291941,81292219,6,278
chr17,81294632,81295982,59,1350
chr17,81299217,81299618,5,401
chr17,81303135,81303743,10,608
chr17,81308960,81310268,15,1308
chr17,81312139,81314676,20,2537
chr17,81317665,81318205,8,540
chr17,81322013,81324177,36,2164
chr17,81327513,81331470,27,3957
chr17,81340284,81346808,235,6524
chr17,81350088,81351072,5,984
chr17,81356718,81356998,6,280
chr17,81358509,81359618,6,1109
chr17,81365331,81367064,25,1733
chr17,81370144,81370272,6,128
chr17,81382063,81382139,7,76
chr17,81385580,81387922,94,2342
chr17,81388961,81389259,6,298
chr17,81392947,81404062,345,11115
chr17,81406879,81407097,5,218
chr17,81409907,81410122,5,215
chr17,81412143,81413319,10,1176
chr17,81414731,81414990,12,259
chr17,81416926,81419890,22,2964
chr17,81421375,81421463,6,88
chr17,81422631,81423127,7,496
chr17,81426836,81427383,14,547
chr17,81429276,81431185,32,1909
chr17,81432322,81433271,8,949
chr17,81438006,81439416,15,1410
chr17,81440693,81445693,53,5000
chr17,81447056,81449252,15,2196
chr17,81453100,81455046,18,1946
chr17,81456468,81456598,7,130
chr17,81459287,81462064,36,2777
chr17,81463241,81464100,19,859
chr17,81466410,81467373,11,963
chr17,81468844,81468911,8,67
chr17,81471742,81472020,6,278
chr17,81478339,81479275,5,936
chr17,81480608,81481668,15,1060
chr17,81483237,81484630,29,1393
chr17,81487791,81489746,81,1955
chr17,81498790,81500809,23,2019
chr17,81511600,81515936,201,4336
chr17,81518938,81520148,86,1210
chr17,81527273,81528826,20,1553
chr17,81530000,81530534,9,534
chr17,81533763,81534070,5,307
chr17,81536586,81538381,20,1795
chr17,81540371,81540906,5,535
chr17,81547860,81549170,23,1310
chr17,81550333,81553297,87,2964
chr17,81554896,81555919,5,1023
chr17,81559698,81560399,12,701
chr17,81565324,81565425,7,101
chr17,81589337,81589462,6,125
chr17,81594699,81594950,5,251
chr17,81604327,81605237,6,910
chr17,81608752,81608859,7,107
chr17,81611891,81612203,7,312
chr17,81619301,81619405,5,104
chr17,81626722,81627248,10,526
chr17,81633959,81634746,7,787
chr17,81636217,81638423,50,2206
chr17,81641530,81642374,11,844
chr17,81647946,81648522,57,576
chr17,81652523,81654472,22,1949
chr17,81659523,81659824,7,301
chr17,81664830,81667969,100,3139
chr17,81669311,81671056,15,1745
chr17,81672560,81673455,20,895
chr17,81676173,81677302,9,1129
chr17,81681959,81684507,48,2548
chr17,81686893,81689169,39,2276
chr17,81694942,81695174,11,232
chr17,81696321,81696427,7,106
chr17,81701669,81703774,77,2105
chr17,81707468,81707616,8,148
chr17,81711231,81713041,74,1810
chr17,81721029,81721179,5,150
chr17,81727433,81728374,8,941
chr17,81733336,81735727,42,2391
chr17,81738600,81739316,15,716
chr17,81740615,81741648,14,1033
chr17,81803498,81806535,80,3037
chr17,81807561,81808612,6,1051
chr17,81820052,81820491,5,439
chr17,81823275,81823473,6,198
chr17,81832760,81836970,92,4210
chr17,81838543,81839201,9,658
chr17,81840341,81844812,39,4471
chr17,81846418,81846710,5,292
chr17,81856430,81858483,16,2053
chr17,81860029,81860683,34,654
chr17,81866743,81867834,7,1091
chr17,81869007,81871767,99,2760
chr17,81874717,81875658,5,941
chr17,81883560,81885210,13,1650
chr17,81888231,81888955,25,724
chr17,81890757,81892252,77,1495
chr17,81901871,81904364,54,2493
chr17,81905479,81905523,5,44
chr17,81907579,81909009,8,1430
chr17,81910672,81911934,69,1262
chr17,81915659,81915940,8,281
chr17,81917705,81918355,54,650
chr17,81922713,81924263,14,1550
chr17,81926686,81928187,103,1501
chr17,81929746,81930452,16,706
chr17,81934895,81935288,8,393
chr17,81936821,81938240,64,1419
chr17,81939734,81940174,7,440
chr17,81941965,81942094,5,129
chr17,81946080,81946309,8,229
chr17,81953282,81954287,5,1005
chr17,81956698,81956788,8,90
chr17,81958970,81962057,228,3087
chr17,81966061,81967183,17,1122
chr17,81968667,81968926,6,259
chr17,81975254,81978349,71,3095
chr17,81987289,81988529,10,1240
chr17,81991379,81992607,17,1228
chr17,81995056,81996045,9,989
chr17,81999601,82001583,20,1982
chr17,82003761,82005066,27,1305
chr17,82008979,82010251,17,1272
chr17,82012424,82014663,39,2239
chr17,82015711,82017215,15,1504
chr17,82021251,82023559,58,2308
chr17,82030176,82034954,191,4778
chr17,82037008,82038318,41,1310
chr17,82040796,82040909,6,113
chr17,82043698,82043787,5,89
chr17,82046521,82047079,14,558
chr17,82051077,82053699,129,2622
chr17,82064217,82066058,46,1841
chr17,82069783,82069999,5,216
chr17,82076569,82076844,6,275
chr17,82078161,82081205,36,3044
chr17,82082906,82086437,55,3531
chr17,82087638,82089379,15,1741
chr17,82097476,82099669,159,2193
chr17,82100902,82101209,9,307
chr17,82102741,82106353,36,3612
chr17,82109339,82109749,5,410
chr17,82118422,82118537,7,115
chr17,82127419,82128396,13,977
chr17,82138716,82138790,5,74
chr17,82155285,82156540,14,1255
chr17,82179398,82180086,8,688
chr17,82193975,82196434,18,2459
chr17,82198393,82199370,7,977
chr17,82200649,82200757,8,108
chr17,82205787,82206081,7,294
chr17,82210536,82210716,5,180
chr17,82212208,82213249,38,1041
chr17,82216904,82217899,8,995
chr17,82228318,82229415,83,1097
chr17,82230771,82232054,52,1283
chr17,82235909,82236830,10,921
chr17,82240708,82241732,17,1024
chr17,82242888,82243666,13,778
chr17,82246586,82250562,39,3976
chr17,82272682,82273880,77,1198
chr17,82280308,82280361,5,53
chr17,82284674,82285667,13,993
chr17,82292474,82294819,49,2345
chr17,82296173,82298884,30,2711
chr17,82301007,82305544,30,4537
chr17,82310010,82311289,14,1279
chr17,82313143,82315088,27,1945
chr17,82316480,82317622,10,1142
chr17,82320104,82322014,65,1910
chr17,82323310,82324722,9,1412
chr17,82332950,82335117,63,2167
chr17,82345475,82345838,24,363
chr17,82350552,82353204,20,2652
chr17,82356244,82356302,7,58
chr17,82370924,82372291,60,1367
chr17,82374927,82377570,59,2643
chr17,82379356,82380378,14,1022
chr17,82383216,82383596,6,380
chr17,82384605,82387433,28,2828
chr17,82388609,82388755,5,146
chr17,82393044,82394598,14,1554
chr17,82398832,82399352,9,520
chr17,82403353,82405531,9,2178
chr17,82415851,82416092,5,241
chr17,82418749,82418835,11,86
chr17,82423737,82424234,6,497
chr17,82427954,82428077,5,123
chr17,82434046,82434122,7,76
chr17,82435340,82435803,12,463
chr17,82436976,82437188,9,212
chr17,82439246,82440854,9,1608
chr17,82443548,82444738,16,1190
chr17,82449131,82450910,65,1779
chr17,82458249,82459424,83,1175
chr17,82496878,82499969,61,3091
chr17,82519068,82520553,92,1485
chr17,82532685,82534005,10,1320
chr17,82550928,82551144,7,216
chr17,82567421,82567499,6,78
chr17,82583496,82584270,14,774
chr17,82586857,82587116,6,259
chr17,82593302,82593667,9,365
chr17,82595911,82597001,15,1090
chr17,82606907,82607323,5,416
chr17,82636011,82636185,7,174
chr17,82640887,82642180,9,1293
chr17,82646832,82648292,37,1460
chr17,82650272,82650875,6,603
chr17,82652487,82655333,18,2846
chr17,82656614,82657054,6,440
chr17,82658498,82659460,13,962
chr17,82661166,82666722,47,5556
chr17,82668604,82670828,16,2224
chr17,82677011,82678727,10,1716
chr17,82687750,82688572,8,822
chr17,82690887,82691443,7,556
chr17,82697919,82699216,75,1297
chr17,82704383,82704779,13,396
chr17,82709516,82710219,7,703
chr17,82711663,82712086,8,423
chr17,82714310,82714530,9,220
chr17,82716058,82717273,57,1215
chr17,82722227,82722369,5,142
chr17,82729877,82730249,21,372
chr17,82735200,82736565,34,1365
chr17,82738153,82738772,11,619
chr17,82748900,82752745,132,3845
chr17,82761643,82762925,13,1282
chr17,82767902,82768240,5,338
chr17,82773563,82773819,7,256
chr17,82780745,82780833,5,88
chr17,82812755,82813503,10,748
chr17,82830164,82830834,20,670
chr17,82852493,82852604,7,111
chr17,82858988,82859701,9,713
chr17,82861711,82862370,7,659
chr17,82864359,82864817,6,458
chr17,82867389,82868426,16,1037
chr17,82871770,82873016,16,1246
chr17,82874333,82877134,19,2801
chr17,82882758,82883125,17,367
chr17,82884576,82884643,5,67
chr17,82890311,82891111,14,800
chr17,82892522,82893032,6,510
chr17,82900680,82901677,8,997
chr17,82914165,82915457,19,1292
chr17,82917887,82918122,6,235
chr17,82925338,82926265,6,927
chr17,82930092,82930996,23,904
chr17,82933073,82933707,7,634
chr17,82936355,82936398,7,43
chr17,82938473,82938686,5,213
chr17,82940334,82941356,11,1022
chr17,82949600,82949700,5,100
chr17,82956652,82958523,21,1871
chr17,82959986,82962052,47,2066
chr17,82970888,82970981,6,93
chr17,82973460,82974266,8,806
chr17,82977358,82978565,26,1207
chr17,83002269,83002376,9,107
chr17,83005731,83007593,15,1862
chr17,83008755,83008851,5,96
chr17,83010245,83010521,12,276
chr17,83012923,83013001,5,78
chr17,83024060,83024558,13,498
chr17,83029624,83030833,8,1209
chr17,83036295,83037515,6,1220
chr17,83050710,83053137,65,2427
chr17,83056946,83057453,5,507
chr17,83060788,83060940,5,152
chr17,83063894,83064035,6,141
chr17,83065959,83069346,26,3387
chr17,83075923,83076345,9,422
chr17,83078516,83082266,173,3750
chr17,83087965,83091251,27,3286
chr17,83095081,83101976,87,6895
chr17,83109854,83111827,16,1973
chr17,83114181,83115538,26,1357
chr17,83118638,83119240,13,602
chr17,83121630,83121939,5,309
chr17,83125115,83125323,8,208
chr17,83128450,83128638,6,188
chr17,83130287,83130325,6,38
chr17,83134641,83137491,30,2850
chr17,83152267,83153844,50,1577
chr17,83155154,83155523,8,369
chr17,83171740,83171822,8,82
chr17,83177825,83178880,10,1055
chr17,83194188,83196226,15,2038
chr17,83198943,83200276,18,1333
chr17,83205190,83205543,8,353
chr18,72823,73526,36,703
chr18,75412,75997,16,585
chr18,111714,112118,43,404
chr18,136705,137133,7,428
chr18,149507,150663,5,1156
chr18,153546,153662,8,116
chr18,158468,158876,27,408
chr18,267740,268542,31,802
chr18,318694,318921,6,227
chr18,334552,335115,8,563
chr18,406433,406510,7,77
chr18,499383,502100,76,2717
chr18,509034,509270,5,236
chr18,514372,515282,7,910
chr18,560036,560106,8,70
chr18,580197,580402,9,205
chr18,596757,597491,25,734
chr18,606626,607348,6,722
chr18,657901,658305,15,404
chr18,711981,712945,30,964
chr18,764051,765025,6,974
chr18,796491,796595,5,104
chr18,811691,813836,61,2145
chr18,844054,844166,9,112
chr18,903528,909337,115,5809
chr18,961778,962102,7,324
chr18,1097913,1098577,18,664
chr18,1406194,1407252,10,1058
chr18,1559006,1559075,6,69
chr18,1636207,1636242,5,35
chr18,2406013,2406214,5,201
chr18,2654927,2656710,78,1783
chr18,2829592,2829861,7,269
chr18,2846976,2848090,68,1114
chr18,2858017,2859082,5,1065
chr18,2868021,2868094,5,73
chr18,2905762,2907324,78,1562
chr18,2909610,2910474,5,864
chr18,2937469,2937708,6,239
chr18,3012833,3014385,98,1552
chr18,3027183,3027796,6,613
chr18,3029280,3029949,5,669
chr18,3038476,3038544,7,68
chr18,3060813,3062037,7,1224
chr18,3067471,3067626,7,155
chr18,3150043,3150152,6,109
chr18,3156698,3156900,10,202
chr18,3226558,3226617,5,59
chr18,3237338,3237515,6,177
chr18,3247321,3248193,36,872
chr18,3261030,3263084,53,2054
chr18,3319112,3319895,5,783
chr18,3349601,3349871,6,270
chr18,3360301,3360885,23,584
chr18,3448204,3453515,108,5311
chr18,3499027,3499862,18,835
chr18,3579991,3580825,12,834
chr18,3598917,3600455,16,1538
chr18,3601933,3602451,14,518
chr18,3623525,3623905,10,380
chr18,3744678,3744706,6,28
chr18,3771504,3771545,6,41
chr18,3878918,3879457,17,539
chr18,4106268,4106916,5,648
chr18,4263080,4263226,5,146
chr18,4333568,4333867,8,299
chr18,4453856,4455561,108,1705
chr18,5057594,5058069,6,475
chr18,5145470,5145617,5,147
chr18,5196501,5197746,28,1245
chr18,5237391,5238891,58,1500
chr18,5294773,5297349,52,2576
chr18,5419724,5419807,7,83
chr18,5489013,5489132,16,119
chr18,5524251,5524286,5,35
chr18,5542594,5543901,48,1307
chr18,5628490,5630429,134,1939
chr18,5890308,5891774,75,1466
chr18,5894166,5896305,105,2139
chr18,6271487,6271580,8,93
chr18,6284376,6284897,9,521
chr18,6413961,6415253,62,1292
chr18,6556208,6556276,5,68
chr18,6682805,6683210,9,405
chr18,6729067,6729754,13,687
chr18,6797722,6797822,8,100
chr18,6878817,6879518,5,701
chr18,7023640,7024595,7,955
chr18,7077900,7078455,6,555
chr18,7109259,7109434,5,175
chr18,7115903,7118148,76,2245
chr18,7136648,7136680,5,32
chr18,7139163,7139233,5,70
chr18,7148276,7149425,5,1149
chr18,7160625,7161018,7,393
chr18,7173406,7173859,8,453
chr18,7178989,7179078,11,89
chr18,7208619,7209140,5,521
chr18,7271748,7272831,16,1083
chr18,7330490,7331241,6,751
chr18,7351088,7351515,5,427
chr18,7370852,7371728,10,876
chr18,7383953,7384021,5,68
chr18,7426933,7427311,11,378
chr18,7442675,7442899,5,224
chr18,7515097,7515296,5,199
chr18,7566654,7568831,130,2177
chr18,7601026,7601532,6,506
chr18,8118456,8118660,6,204
chr18,8219205,8219323,5,118
chr18,8367422,8367580,11,158
chr18,8388376,8389235,5,859
chr18,8399277,8400041,6,764
chr18,8478126,8478428,8,302
chr18,8479928,8480175,6,247
chr18,8608829,8610534,109,1705
chr18,8659586,8659661,7,75
chr18,8697776,8697851,6,75
chr18,8704533,8707547,206,3014
chr18,8735511,8736919,8,1408
chr18,8744186,8745625,11,1439
chr18,8757396,8758093,7,697
chr18,8783509,8786737,43,3228
chr18,8822827,8823195,11,368
chr18,8825178,8826174,12,996
chr18,8844784,8844884,5,100
chr18,8990491,8990856,9,365
chr18,9040805,9042188,7,1383
chr18,9084589,9084886,5,297
chr18,9102544,9102820,18,276
chr18,9136423,9138234,112,1811
chr18,9210578,9210650,5,72
chr18,9333956,9335192,70,1236
chr18,9404632,9404871,9,239
chr18,9433783,9434576,10,793
chr18,9474997,9475979,43,982
chr18,9613934,9615304,89,1370
chr18,9679330,9679502,10,172
chr18,9700731,9700929,5,198
chr18,9708094,9709545,72,1451
chr18,9742118,9743637,5,1519
chr18,9765777,9766329,7,552
chr18,9855569,9855806,9,237
chr18,9913878,9915032,52,1154
chr18,9952307,9952423,5,116
chr18,9969849,9969953,5,104
chr18,9994460,9995063,9,603
chr18,10032578,10032689,12,111
chr18,10045680,10045875,7,195
chr18,10067725,10068576,6,851
chr18,10131965,10132232,22,267
chr18,10134212,10134562,5,350
chr18,10165439,10165937,7,498
chr18,10414414,10414544,11,130
chr18,10454286,10455406,54,1120
chr18,10471672,10471924,13,252
chr18,10525922,10526230,14,308
chr18,10589169,10589311,12,142
chr18,10725250,10726299,9,1049
chr18,10793183,10793402,5,219
chr18,10812336,10813274,10,938
chr18,10832668,10832966,8,298
chr18,10993589,10993687,7,98
chr18,11014405,11015209,6,804
chr18,11110669,11110718,5,49
chr18,11142674,11142908,8,234
chr18,11147288,11147410,7,122
chr18,11148686,11149979,94,1293
chr18,11163806,11163941,8,135
chr18,11303011,11303248,9,237
chr18,11431712,11431983,6,271
chr18,11596876,11597969,15,1093
chr18,11669736,11669796,6,60
chr18,11688009,11690276,66,2267
chr18,11750923,11752785,68,1862
chr18,11802814,11802900,5,86
chr18,11851211,11851481,19,270
chr18,11876386,11877769,5,1383
chr18,11908393,11909125,39,732
chr18,11929357,11929699,6,342
chr18,11947549,11948871,16,1322
chr18,11969530,11969650,5,120
chr18,11972529,11973184,6,655
chr18,11978280,11978380,7,100
chr18,11980659,11982516,78,1857
chr18,11986237,11986727,7,490
chr18,12007846,12008364,5,518
chr18,12038415,12039043,39,628
chr18,12048387,12048525,6,138
chr18,12067133,12068725,40,1592
chr18,12076678,12076790,13,112
chr18,12093335,12094215,7,880
chr18,12230682,12231702,6,1020
chr18,12237272,12237565,16,293
chr18,12246922,12247499,10,577
chr18,12253869,12255686,42,1817
chr18,12258579,12259101,12,522
chr18,12264333,12264639,8,306
chr18,12271851,12272067,13,216
chr18,12278928,12279345,6,417
chr18,12287127,12288599,10,1472
chr18,12303968,12305089,5,1121
chr18,12307324,12309880,107,2556
chr18,12325273,12325633,16,360
chr18,12375746,12377354,80,1608
chr18,12407118,12408612,38,1494
chr18,12410220,12411358,6,1138
chr18,12419250,12419923,7,673
chr18,12423258,12423369,5,111
chr18,12433097,12434646,40,1549
chr18,12466018,12466369,5,351
chr18,12549611,12549708,6,97
chr18,12657141,12658895,87,1754
chr18,12664088,12664359,8,271
chr18,12690556,12690616,6,60
chr18,12702457,12703533,38,1076
chr18,12709903,12710035,6,132
chr18,12714691,12714865,5,174
chr18,12736943,12737682,6,739
chr18,12747013,12747820,5,807
chr18,12760985,12761266,7,281
chr18,12777177,12777975,29,798
chr18,12883287,12884806,44,1519
chr18,12893520,12894999,10,1479
chr18,12897102,12897307,13,205
chr18,12910214,12912704,78,2490
chr18,12923610,12923852,5,242
chr18,12925500,12925594,5,94
chr18,12947067,12948654,44,1587
chr18,12991139,12991784,21,645
chr18,13006477,13007102,5,625
chr18,13010587,13010702,5,115
chr18,13075490,13075602,5,112
chr18,13084758,13084906,5,148
chr18,13134749,13135080,19,331
chr18,13136147,13137869,70,1722
chr18,13217403,13218999,114,1596
chr18,13241032,13241833,8,801
chr18,13256853,13257125,6,272
chr18,13294044,13294324,7,280
chr18,13318076,13318687,6,611
chr18,13325661,13325845,8,184
chr18,13395810,13396006,5,196
chr18,13403939,13404068,5,129
chr18,13453754,13454064,7,310
chr18,13455606,13456318,6,712
chr18,13491918,13492394,8,476
chr18,13498948,13499052,5,104
chr18,13571737,13571930,6,193
chr18,13609738,13609874,5,136
chr18,13611787,13612631,16,844
chr18,13641598,13642061,30,463
chr18,13670920,13671015,7,95
chr18,13725997,13726752,41,755
chr18,13743247,13743287,6,40
chr18,13769123,13769216,5,93
chr18,13801001,13801150,10,149
chr18,13824119,13824260,13,141
chr18,13836438,13838075,12,1637
chr18,13868542,13868963,16,421
chr18,13872325,13872486,7,161
chr18,13919914,13919966,6,52
chr18,14132153,14132808,16,655
chr18,14179365,14179682,9,317
chr18,14361445,14361588,8,143
chr18,14431057,14431428,26,371
chr18,14450343,14450935,19,592
chr18,14458700,14458846,8,146
chr18,14488877,14489488,17,611
chr18,14544726,14544775,5,49
chr18,14747037,14748561,35,1524
chr18,14997837,15000334,71,2497
chr18,15122623,15122821,7,198
chr18,21013990,21014233,5,243
chr18,21078185,21078479,8,294
chr18,21111040,21112411,76,1371
chr18,21206321,21206468,5,147
chr18,21207682,21207713,6,31
chr18,21214814,21214943,6,129
chr18,21230392,21231755,8,1363
chr18,21240978,21243429,122,2451
chr18,21352680,21353038,6,358
chr18,21397449,21397617,6,168
chr18,21428674,21428760,6,86
chr18,21502120,21502888,5,768
chr18,21600126,21600893,46,767
chr18,21609626,21611151,16,1525
chr18,21612248,21612998,26,750
chr18,21625755,21626286,5,531
chr18,21635386,21636416,5,1030
chr18,21703436,21704709,52,1273
chr18,21706535,21706567,5,32
chr18,21716708,21716768,5,60
chr18,21740629,21741973,86,1344
chr18,21978872,21979162,7,290
chr18,22001142,22001924,8,782
chr18,22041351,22042654,6,1303
chr18,22050331,22050446,5,115
chr18,22052297,22052351,5,54
chr18,22112097,22112174,6,77
chr18,22165036,22167650,87,2614
chr18,22169279,22172453,150,3174
chr18,22176511,22177092,15,581
chr18,22190700,22190941,6,241
chr18,22200624,22200709,6,85
chr18,22348305,22349326,58,1021
chr18,22455300,22456677,6,1377
chr18,22528889,22529740,5,851
chr18,22547519,22547896,5,377
chr18,22558953,22560230,27,1277
chr18,22796889,22797017,6,128
chr18,22933184,22934218,41,1034
chr18,22994043,22994365,10,322
chr18,23017279,23018182,8,903
chr18,23088283,23088752,8,469
chr18,23116519,23117108,6,589
chr18,23135140,23137106,130,1966
chr18,23147827,23148150,5,323
chr18,23215647,23215846,6,199
chr18,23256573,23257058,9,485
chr18,23331093,23331463,9,370
chr18,23385323,23385576,6,253
chr18,23450435,23450805,9,370
chr18,23453193,23453483,25,290
chr18,23501968,23503724,49,1756
chr18,23524766,23525039,6,273
chr18,23578925,23579801,5,876
chr18,23585463,23586860,57,1397
chr18,23619671,23619727,5,56
chr18,23630215,23630320,6,105
chr18,23662703,23662755,7,52
chr18,23689367,23690581,78,1214
chr18,23729857,23730786,8,929
chr18,23872966,23873167,7,201
chr18,23957262,23958301,5,1039
chr18,24014050,24015450,88,1400
chr18,24030831,24031200,7,369
chr18,24139071,24139447,18,376
chr18,24149832,24150100,8,268
chr18,24197889,24198664,5,775
chr18,24271239,24272342,85,1103
chr18,24384461,24384668,6,207
chr18,24397467,24398006,26,539
chr18,24426347,24427074,51,727
chr18,24492555,24492729,8,174
chr18,24518734,24518854,5,120
chr18,24546195,24546459,5,264
chr18,25048100,25048258,6,158
chr18,25224593,25225081,7,488
chr18,25249448,25250099,7,651
chr18,25349133,25352675,99,3542
chr18,25428797,25428902,6,105
chr18,25990539,25990732,6,193
chr18,26090202,26091130,44,928
chr18,26133839,26134066,8,227
chr18,26226407,26227185,52,778
chr18,26548037,26551493,113,3456
chr18,26656192,26657144,42,952
chr18,26730419,26730675,5,256
chr18,26863479,26864249,5,770
chr18,26995362,26995412,5,50
chr18,27028451,27028623,6,172
chr18,27101319,27101516,11,197
chr18,27112911,27113016,5,105
chr18,27184588,27185396,33,808
chr18,27673078,27674186,18,1108
chr18,27743649,27743714,6,65
chr18,27921960,27922207,10,247
chr18,28175347,28178994,118,3647
chr18,28285539,28285607,6,68
chr18,28622628,28622800,5,172
chr18,29361396,29362113,8,717
chr18,29412386,29413501,7,1115
chr18,29478488,29478521,5,33
chr18,29838960,29839064,5,104
chr18,29865433,29865534,5,101
chr18,30102492,30102631,5,139
chr18,30172613,30172732,5,119
chr18,30175448,30175536,11,88
chr18,30352585,30352742,8,157
chr18,30411701,30411751,5,50
chr18,30788640,30788694,5,54
chr18,31040881,31043086,59,2205
chr18,31100698,31102451,59,1753
chr18,31410832,31411181,10,349
chr18,31497038,31498443,54,1405
chr18,31590175,31590502,5,327
chr18,31620036,31620240,6,204
chr18,31683656,31685686,69,2030
chr18,31760380,31760917,8,537
chr18,31781908,31782013,6,105
chr18,31785025,31785650,8,625
chr18,31902776,31902974,6,198
chr18,31942461,31943320,45,859
chr18,32018946,32019008,7,62
chr18,32054253,32055371,9,1118
chr18,32091070,32094087,95,3017
chr18,32110970,32111437,8,467
chr18,32121370,32121468,7,98
chr18,32283471,32284024,5,553
chr18,32333900,32334331,9,431
chr18,32337530,32337880,5,350
chr18,32470153,32471305,75,1152
chr18,32748324,32748462,5,138
chr18,32769590,32772593,56,3003
chr18,32906723,32907377,6,654
chr18,33192825,33193086,6,261
chr18,33202116,33202316,5,200
chr18,33316248,33316427,11,179
chr18,33440279,33440951,48,672
chr18,33578270,33579022,56,752
chr18,33820591,33820629,6,38
chr18,34222556,34225389,88,2833
chr18,34418498,34418700,7,202
chr18,34493421,34494481,73,1060
chr18,34602780,34602917,6,137
chr18,34813393,34813681,6,288
chr18,34817192,34818282,7,1090
chr18,34864311,34864414,11,103
chr18,34976740,34978735,35,1995
chr18,35041252,35041689,14,437
chr18,35233108,35233341,9,233
chr18,35240723,35241158,21,435
chr18,35267371,35267633,23,262
chr18,35289876,35290473,26,597
chr18,35344129,35344528,21,399
chr18,35375903,35377534,51,1631
chr18,35497832,35497972,8,140
chr18,35580891,35582251,100,1360
chr18,35650496,35650719,7,223
chr18,35790713,35790810,8,97
chr18,35897583,35897671,6,88
chr18,35904707,35904874,6,167
chr18,35950156,35950249,8,93
chr18,35958668,35958762,8,94
chr18,35972243,35972784,39,541
chr18,36064256,36064287,5,31
chr18,36067036,36067160,9,124
chr18,36128897,36130917,40,2020
chr18,36186781,36188569,63,1788
chr18,36296053,36298514,109,2461
chr18,36382051,36382413,6,362
chr18,36760853,36761014,6,161
chr18,36800782,36800981,8,199
chr18,36828750,36829428,48,678
chr18,37089417,37089889,6,472
chr18,37167383,37167654,8,271
chr18,37229649,37229770,6,121
chr18,37243660,37243973,24,313
chr18,37253353,37254537,65,1184
chr18,37258900,37259629,7,729
chr18,37274467,37275322,33,855
chr18,37319410,37320698,11,1288
chr18,37326118,37326203,5,85
chr18,37330793,37331092,5,299
chr18,37334549,37334878,8,329
chr18,37336937,37337652,11,715
chr18,37361797,37362508,9,711
chr18,37394124,37394586,25,462
chr18,37476618,37476889,12,271
chr18,37485184,37486026,71,842
chr18,37487498,37487616,9,118
chr18,37489145,37489274,7,129
chr18,37524885,37525191,12,306
chr18,37537500,37538105,11,605
chr18,37553033,37553659,5,626
chr18,37564898,37567974,123,3076
chr18,37723728,37723818,5,90
chr18,37778742,37778831,6,89
chr18,37962497,37962915,5,418
chr18,38184180,38184285,8,105
chr18,38221991,38222311,5,320
chr18,38718499,38718687,9,188
chr18,38943548,38943768,5,220
chr18,39135350,39135899,7,549
chr18,39473531,39473810,6,279
chr18,39666443,39666486,5,43
chr18,39799252,39799910,8,658
chr18,40281261,40281375,5,114
chr18,40389482,40389545,5,63
chr18,40662847,40663086,5,239
chr18,40863057,40863280,5,223
chr18,40963807,40963963,5,156
chr18,41046446,41046568,5,122
chr18,41290547,41290660,6,113
chr18,41457835,41457955,6,120
chr18,41954901,41955191,16,290
chr18,42596144,42596514,6,370
chr18,42795306,42795549,7,243
chr18,42857018,42857115,5,97
chr18,43102497,43102814,7,317
chr18,43107885,43107990,5,105
chr18,43277166,43277358,8,192
chr18,43449891,43449924,5,33
chr18,43485112,43485641,5,529
chr18,43589655,43590307,6,652
chr18,43815379,43815482,5,103
chr18,43996409,43996469,5,60
chr18,44061663,44061710,5,47
chr18,44429117,44429370,7,253
chr18,44679174,44681373,82,2199
chr18,44700916,44701492,7,576
chr18,44792492,44792947,7,455
chr18,44951250,44952652,9,1402
chr18,45063344,45063817,8,473
chr18,45243864,45244328,5,464
chr18,45593241,45593558,7,317
chr18,45787959,45788175,5,216
chr18,45837381,45838757,57,1376
chr18,45965802,45966017,10,215
chr18,45967020,45967631,23,611
chr18,46028135,46028423,24,288
chr18,46066951,46067081,5,130
chr18,46071462,46072636,30,1174
chr18,46098038,46100175,37,2137
chr18,46104664,46104808,10,144
chr18,46131563,46132129,8,566
chr18,46153008,46153891,9,883
chr18,46173565,46175137,64,1572
chr18,46186947,46187384,9,437
chr18,46301853,46302497,8,644
chr18,46326159,46326385,10,226
chr18,46333812,46335235,60,1423
chr18,46337081,46337488,5,407
chr18,46432869,46433600,11,731
chr18,46456271,46456488,8,217
chr18,46560093,46560400,10,307
chr18,46679870,46680137,6,267
chr18,46686108,46686546,9,438
chr18,46755085,46758184,126,3099
chr18,46916957,46919505,48,2548
chr18,46946770,46948203,23,1433
chr18,47033436,47035014,17,1578
chr18,47063221,47063359,5,138
chr18,47150212,47150676,28,464
chr18,47158502,47158601,5,99
chr18,47175651,47176770,37,1119
chr18,47246622,47249515,119,2893
chr18,47251399,47251941,23,542
chr18,47254358,47254745,19,387
chr18,47260374,47264125,113,3751
chr18,47531031,47531984,20,953
chr18,47561326,47561659,9,333
chr18,47580151,47581432,7,1281
chr18,47667846,47667900,7,54
chr18,47748161,47749062,15,901
chr18,47930405,47931700,123,1295
chr18,48007860,48008677,26,817
chr18,48026108,48026400,5,292
chr18,48028784,48029107,5,323
chr18,48032305,48032527,7,222
chr18,48040202,48040426,6,224
chr18,48059680,48060071,6,391
chr18,48089044,48089428,7,384
chr18,48136206,48138174,67,1968
chr18,48160568,48162184,47,1616
chr18,48376118,48376541,9,423
chr18,48407785,48410889,137,3104
chr18,48422457,48422934,6,477
chr18,48441669,48441891,6,222
chr18,48446739,48447389,11,650
chr18,48539016,48541373,126,2357
chr18,48592817,48593542,18,725
chr18,48615723,48616322,6,599
chr18,48663868,48664001,5,133
chr18,48713447,48713549,9,102
chr18,48735969,48736062,5,93
chr18,48758079,48758410,8,331
chr18,48771632,48771806,5,174
chr18,48780329,48781528,16,1199
chr18,48801056,48801651,7,595
chr18,48826496,48827442,7,946
chr18,48834841,48834980,5,139
chr18,48841419,48841951,5,532
chr18,48851449,48851750,9,301
chr18,48859934,48860047,8,113
chr18,48875018,48875606,9,588
chr18,48879130,48879220,5,90
chr18,48901794,48902265,11,471
chr18,48922722,48922961,6,239
chr18,48934360,48935450,7,1090
chr18,48948138,48953932,203,5794
chr18,48975026,48976975,73,1949
chr18,48987408,48988057,8,649
chr18,49020668,49021522,8,854
chr18,49026799,49026914,7,115
chr18,49108371,49108427,6,56
chr18,49232669,49232798,9,129
chr18,49460155,49460513,17,358
chr18,49486961,49487372,44,411
chr18,49492149,49492368,20,219
chr18,49499646,49500282,7,636
chr18,49560738,49562226,64,1488
chr18,49663960,49664391,5,431
chr18,49699424,49700384,5,960
chr18,49730715,49731819,6,1104
chr18,49814157,49814502,17,345
chr18,49859171,49860023,9,852
chr18,49939468,49939718,5,250
chr18,50039135,50039425,9,290
chr18,50128754,50129057,7,303
chr18,50193426,50195997,84,2571
chr18,50265971,50266236,6,265
chr18,50268190,50268625,32,435
chr18,50281488,50281523,6,35
chr18,50286638,50287636,14,998
chr18,50288857,50289025,7,168
chr18,50298710,50298998,13,288
chr18,50307648,50307763,5,115
chr18,50340124,50341002,5,878
chr18,50374520,50375341,23,821
chr18,50400309,50402862,34,2553
chr18,50559434,50560879,116,1445
chr18,50695040,50695174,5,134
chr18,50729136,50729867,17,731
chr18,50797256,50798088,6,832
chr18,50803275,50803977,11,702
chr18,50845583,50845630,5,47
chr18,50878766,50879823,64,1057
chr18,50968291,50968588,15,297
chr18,51000283,51000386,6,103
chr18,51029889,51030536,22,647
chr18,51110477,51110787,15,310
chr18,51137243,51138845,11,1602
chr18,51196328,51198638,123,2310
chr18,51448163,51448245,5,82
chr18,51656401,51656503,8,102
chr18,51832385,51832626,5,241
chr18,52011113,52011534,7,421
chr18,52095951,52096151,5,200
chr18,52340178,52342383,22,2205
chr18,52576551,52576686,6,135
chr18,52870135,52870229,5,94
chr18,53562509,53562541,5,32
chr18,53583362,53583564,10,202
chr18,53619616,53619636,5,20
chr18,54025059,54025452,6,393
chr18,54223926,54224802,56,876
chr18,54236700,54236820,8,120
chr18,54269245,54270180,27,935
chr18,54357419,54358619,32,1200
chr18,54828529,54828750,11,221
chr18,54959099,54959475,17,376
chr18,55234615,55234846,10,231
chr18,55321729,55322396,10,667
chr18,55566070,55566295,5,225
chr18,55587994,55588073,9,79
chr18,55589788,55590186,19,398
chr18,55601732,55602299,5,567
chr18,55664910,55667071,17,2161
chr18,55779723,55780880,32,1157
chr18,55840736,55841041,9,305
chr18,55953187,55953515,8,328
chr18,55996910,55998093,5,1183
chr18,56292998,56293035,5,37
chr18,56411164,56411234,5,70
chr18,56552740,56553229,6,489
chr18,56638246,56638954,33,708
chr18,56651262,56651759,22,497
chr18,56780540,56780724,5,184
chr18,57090039,57090527,7,488
chr18,57121917,57122274,5,357
chr18,57147301,57147478,12,177
chr18,57217423,57217479,6,56
chr18,57352076,57354279,110,2203
chr18,57427618,57428747,59,1129
chr18,57430540,57430821,5,281
chr18,57434269,57441567,205,7298
chr18,57476615,57476669,6,54
chr18,57586352,57586748,29,396
chr18,57615426,57615830,5,404
chr18,57621295,57623684,31,2389
chr18,57630129,57630790,27,661
chr18,57641641,57642737,19,1096
chr18,57648450,57648574,13,124
chr18,57699464,57699616,5,152
chr18,57801693,57803742,82,2049
chr18,58043733,58045382,100,1649
chr18,58063754,58064057,6,303
chr18,58090028,58090429,5,401
chr18,58094424,58094547,7,123
chr18,58221558,58221668,5,110
chr18,58242539,58243527,5,988
chr18,58256118,58256866,12,748
chr18,58315824,58316031,8,207
chr18,58329053,58329131,9,78
chr18,58369599,58370712,6,1113
chr18,58385631,58385720,6,89
chr18,58404886,58405525,17,639
chr18,58446356,58446743,10,387
chr18,58459419,58459726,9,307
chr18,58592495,58592993,7,498
chr18,58620147,58621221,11,1074
chr18,58663666,58663698,5,32
chr18,58670710,58672149,61,1439
chr18,58768485,58768632,6,147
chr18,58785206,58785340,5,134
chr18,58812064,58812499,8,435
chr18,58827873,58828496,19,623
chr18,58847501,58848064,6,563
chr18,58854282,58854689,9,407
chr18,58863448,58864012,43,564
chr18,58900140,58900238,7,98
chr18,58943252,58943350,5,98
chr18,58992354,58993022,5,668
chr18,59062159,59063003,10,844
chr18,59139705,59140425,29,720
chr18,59153613,59153867,5,254
chr18,59219863,59221234,57,1371
chr18,59264751,59265687,21,936
chr18,59267740,59269650,49,1910
chr18,59272438,59274371,86,1933
chr18,59307844,59308675,13,831
chr18,59347087,59347513,7,426
chr18,59358558,59359567,61,1009
chr18,59553753,59554095,5,342
chr18,59677958,59678085,6,127
chr18,59696540,59697630,78,1090
chr18,59790774,59790804,6,30
chr18,59899462,59901284,58,1822
chr18,59909421,59910706,5,1285
chr18,59964715,59964866,5,151
chr18,59969489,59969719,32,230
chr18,60003570,60003745,5,175
chr18,60010676,60011094,16,418
chr18,60282048,60282165,5,117
chr18,60294137,60294190,5,53
chr18,60519267,60519963,5,696
chr18,60573451,60573545,6,94
chr18,60621858,60621895,5,37
chr18,60622985,60623347,6,362
chr18,60662319,60662760,17,441
chr18,61070954,61071335,12,381
chr18,61333819,61336029,55,2210
chr18,61554225,61554348,13,123
chr18,61816121,61816245,7,124
chr18,61893636,61895308,108,1672
chr18,61931255,61931319,5,64
chr18,62091131,62091269,7,138
chr18,62186347,62188058,56,1711
chr18,62252156,62252293,5,137
chr18,62324906,62326271,52,1365
chr18,62333275,62333420,5,145
chr18,62384910,62385550,19,640
chr18,62403818,62403924,8,106
chr18,62435029,62436814,5,1785
chr18,62438158,62438516,6,358
chr18,62503738,62504499,12,761
chr18,62522348,62525144,152,2796
chr18,62526607,62526908,28,301
chr18,62584280,62584357,5,77
chr18,62595916,62596933,46,1017
chr18,62607388,62607488,5,100
chr18,62611120,62611682,11,562
chr18,62616480,62616835,8,355
chr18,62713918,62714056,9,138
chr18,62715168,62717111,119,1943
chr18,62935561,62935832,5,271
chr18,62991891,62992332,16,441
chr18,63057926,63057970,5,44
chr18,63075056,63075248,5,192
chr18,63088516,63089453,8,937
chr18,63149383,63149656,5,273
chr18,63236641,63237185,7,544
chr18,63251569,63251791,7,222
chr18,63318090,63320852,101,2762
chr18,63366541,63368108,88,1567
chr18,63422362,63422701,21,339
chr18,63490116,63490568,18,452
chr18,63619221,63619285,8,64
chr18,63714154,63714477,6,323
chr18,63936167,63937447,29,1280
chr18,63970043,63971983,33,1940
chr18,64002697,64003233,12,536
chr18,64025846,64027652,19,1806
chr18,64332325,64334230,10,1905
chr18,64725921,64726048,10,127
chr18,64776869,64776991,5,122
chr18,65206246,65206768,5,522
chr18,65383729,65383857,5,128
chr18,65472973,65473059,6,86
chr18,65605440,65605470,6,30
chr18,65732731,65732821,5,90
chr18,65750646,65751846,57,1200
chr18,66006262,66006350,7,88
chr18,66165078,66165187,6,109
chr18,66187591,66187656,5,65
chr18,66866782,66866877,12,95
chr18,66991655,66992057,8,402
chr18,67029012,67029181,7,169
chr18,67215093,67215973,10,880
chr18,67382216,67382365,5,149
chr18,67515927,67517067,28,1140
chr18,68328381,68328535,5,154
chr18,68565240,68565399,6,159
chr18,68623916,68624102,8,186
chr18,68714499,68716188,38,1689
chr18,69138844,69139680,6,836
chr18,69400357,69402226,78,1869
chr18,69469511,69469672,6,161
chr18,69496291,69496417,7,126
chr18,69603627,69603687,5,60
chr18,69955589,69956626,11,1037
chr18,70203347,70203461,6,114
chr18,70205490,70206352,42,862
chr18,70288513,70290465,58,1952
chr18,70394161,70394551,5,390
chr18,70429048,70430571,19,1523
chr18,70499268,70499930,25,662
chr18,70655059,70656039,5,980
chr18,70833404,70833472,5,68
chr18,71130832,71131111,5,279
chr18,71211669,71211813,5,144
chr18,71607327,71607359,5,32
chr18,71643955,71644120,6,165
chr18,71652032,71652317,6,285
chr18,71773662,71773756,5,94
chr18,72209111,72209166,8,55
chr18,72310629,72310952,6,323
chr18,72502124,72502323,6,199
chr18,72541768,72542486,34,718
chr18,72543964,72544739,35,775
chr18,72731296,72731364,5,68
chr18,72777342,72778498,7,1156
chr18,72824586,72824769,6,183
chr18,72866875,72869277,156,2402
chr18,72927136,72927516,7,380
chr18,73044786,73044844,7,58
chr18,73171609,73171727,5,118
chr18,73194977,73195033,5,56
chr18,73258857,73258944,6,87
chr18,73459675,73460096,7,421
chr18,73651563,73651634,6,71
chr18,73890629,73890877,5,248
chr18,73913669,73913749,5,80
chr18,73939769,73940972,7,1203
chr18,73943470,73944067,9,597
chr18,73980643,73980809,5,166
chr18,74145788,74145893,5,105
chr18,74147372,74148057,17,685
chr18,74161452,74161608,10,156
chr18,74164578,74164880,8,302
chr18,74172942,74173799,13,857
chr18,74197696,74198944,8,1248
chr18,74282352,74282580,6,228
chr18,74291153,74291935,18,782
chr18,74316387,74316458,9,71
chr18,74446251,74447563,12,1312
chr18,74456540,74458324,92,1784
chr18,74495790,74496874,65,1084
chr18,74500887,74501986,6,1099
chr18,74508081,74508141,5,60
chr18,74510772,74511063,5,291
chr18,74517068,74518178,8,1110
chr18,74524688,74524746,6,58
chr18,74560970,74561045,6,75
chr18,74582795,74583631,6,836
chr18,74597323,74598427,68,1104
chr18,74874935,74875188,5,253
chr18,74929232,74929256,5,24
chr18,74934662,74934730,5,68
chr18,75063422,75063490,6,68
chr18,75087688,75087839,14,151
chr18,75089845,75090706,18,861
chr18,75104313,75105465,9,1152
chr18,75125706,75125826,6,120
chr18,75131507,75132735,16,1228
chr18,75137522,75137657,5,135
chr18,75141648,75141886,5,238
chr18,75167885,75168084,5,199
chr18,75190612,75190809,7,197
chr18,75204170,75205217,55,1047
chr18,75208174,75212158,209,3984
chr18,75244175,75245206,11,1031
chr18,75249110,75249249,5,139
chr18,75250353,75250904,13,551
chr18,75261030,75261118,7,88
chr18,75281879,75282222,6,343
chr18,75285998,75286133,7,135
chr18,75287620,75287761,6,141
chr18,75340047,75340290,6,243
chr18,75454697,75456312,63,1615
chr18,75495092,75495427,5,335
chr18,75531981,75532171,6,190
chr18,75589004,75589081,6,77
chr18,75611604,75611687,5,83
chr18,75620926,75621048,6,122
chr18,75639056,75639540,6,484
chr18,75654302,75655545,6,1243
chr18,75781649,75781956,7,307
chr18,75915912,75916797,57,885
chr18,75994457,75995136,12,679
chr18,76005078,76005684,7,606
chr18,76015445,76015613,5,168
chr18,76057132,76058715,28,1583
chr18,76132920,76133048,5,128
chr18,76144993,76145720,10,727
chr18,76273190,76273378,9,188
chr18,76274849,76275317,8,468
chr18,76288596,76288700,6,104
chr18,76348641,76348729,8,88
chr18,76350289,76350913,32,624
chr18,76371070,76371988,11,918
chr18,76375463,76376299,8,836
chr18,76379023,76379679,16,656
chr18,76381010,76381312,6,302
chr18,76384698,76385858,11,1160
chr18,76388592,76390769,16,2177
chr18,76405524,76406969,14,1445
chr18,76435259,76435525,7,266
chr18,76441136,76442810,33,1674
chr18,76450958,76452481,21,1523
chr18,76459718,76462039,16,2321
chr18,76465679,76466173,5,494
chr18,76490816,76492192,83,1376
chr18,76493664,76496214,81,2550
chr18,76525138,76525617,5,479
chr18,76527484,76527625,6,141
chr18,76529040,76530021,16,981
chr18,76548272,76549553,14,1281
chr18,76579100,76579906,9,806
chr18,76610730,76611050,7,320
chr18,76620078,76620515,7,437
chr18,76626026,76626260,6,234
chr18,76667572,76668049,5,477
chr18,76681572,76681817,6,245
chr18,76686500,76686809,8,309
chr18,76708299,76709935,19,1636
chr18,76787396,76787714,17,318
chr18,76801400,76802805,19,1405
chr18,76806755,76809254,20,2499
chr18,76820393,76820584,7,191
chr18,76822016,76823791,129,1775
chr18,76829444,76829626,6,182
chr18,76874661,76874757,5,96
chr18,76942574,76943077,6,503
chr18,76960158,76960373,5,215
chr18,76975634,76976234,9,600
chr18,76979456,76980605,19,1149
chr18,76985624,76985708,5,84
chr18,76986816,76987148,5,332
chr18,76989863,76990046,8,183
chr18,76997219,76998489,6,1270
chr18,77005161,77005344,6,183
chr18,77006435,77007257,5,822
chr18,77049484,77049840,5,356
chr18,77052398,77054107,13,1709
chr18,77087502,77088206,36,704
chr18,77090557,77090854,12,297
chr18,77092428,77093222,8,794
chr18,77106444,77106579,7,135
chr18,77113865,77114841,9,976
chr18,77122464,77122635,5,171
chr18,77131167,77134636,78,3469
chr18,77249656,77252266,120,2610
chr18,77297802,77299234,9,1432
chr18,77376315,77376407,6,92
chr18,77547460,77547744,5,284
chr18,77627350,77627397,5,47
chr18,77649382,77649581,6,199
chr18,77651004,77651671,13,667
chr18,77657446,77659571,8,2125
chr18,77668277,77668451,13,174
chr18,77675727,77675776,5,49
chr18,77690326,77691205,8,879
chr18,77822839,77822967,5,128
chr18,77865704,77866082,8,378
chr18,77869060,77869293,7,233
chr18,77870311,77871299,7,988
chr18,77900399,77900603,6,204
chr18,77910065,77910386,6,321
chr18,77975927,77976135,14,208
chr18,77977718,77978285,5,567
chr18,78014212,78014796,6,584
chr18,78065032,78065230,7,198
chr18,78084259,78086294,8,2035
chr18,78123263,78123373,6,110
chr18,78131326,78131843,6,517
chr18,78160284,78160552,5,268
chr18,78218558,78218832,5,274
chr18,78221499,78221794,8,295
chr18,78228280,78229268,11,988
chr18,78238769,78238979,13,210
chr18,78241773,78241955,6,182
chr18,78245577,78246508,7,931
chr18,78249388,78249581,7,193
chr18,78250948,78251433,8,485
chr18,78303795,78304153,5,358
chr18,78309502,78309617,17,115
chr18,78314489,78314642,7,153
chr18,78329397,78329585,5,188
chr18,78363710,78364201,9,491
chr18,78375621,78376209,5,588
chr18,78389839,78391203,22,1364
chr18,78405908,78406153,13,245
chr18,78418197,78418343,6,146
chr18,78420120,78420325,5,205
chr18,78429719,78430714,33,995
chr18,78492117,78492799,9,682
chr18,78496148,78496228,6,80
chr18,78506106,78506645,21,539
chr18,78515338,78515641,7,303
chr18,78517773,78517804,5,31
chr18,78521605,78522717,12,1112
chr18,78546278,78548230,15,1952
chr18,78562769,78563618,15,849
chr18,78602434,78604134,6,1700
chr18,78605451,78605533,6,82
chr18,78607299,78607429,5,130
chr18,78634586,78635664,6,1078
chr18,78637599,78638340,20,741
chr18,78652229,78653754,8,1525
chr18,78655225,78655301,6,76
chr18,78681023,78681252,5,229
chr18,78686069,78686239,9,170
chr18,78697406,78697764,8,358
chr18,78705296,78706385,6,1089
chr18,78713338,78713832,5,494
chr18,78723154,78724188,6,1034
chr18,78726402,78726724,17,322
chr18,78729143,78730120,9,977
chr18,78733103,78734458,8,1355
chr18,78735696,78736509,19,813
chr18,78767966,78771115,28,3149
chr18,78774852,78774924,6,72
chr18,78778087,78779072,11,985
chr18,78781059,78781906,15,847
chr18,78783059,78783286,8,227
chr18,78789380,78789862,6,482
chr18,78799983,78801199,11,1216
chr18,78805982,78806349,8,367
chr18,78813441,78815082,21,1641
chr18,78856564,78858316,22,1752
chr18,78865629,78866005,9,376
chr18,78868145,78869368,8,1223
chr18,78875438,78876111,5,673
chr18,78904205,78904291,5,86
chr18,78924750,78927878,29,3128
chr18,78929721,78929942,7,221
chr18,78933752,78935301,29,1549
chr18,78936627,78938171,14,1544
chr18,78964928,78965571,14,643
chr18,78972765,78974901,93,2136
chr18,78977105,78981256,251,4151
chr18,78991616,78992768,8,1152
chr18,78993902,78996354,31,2452
chr18,79005760,79006709,34,949
chr18,79008625,79008748,8,123
chr18,79011129,79011764,7,635
chr18,79020794,79021190,5,396
chr18,79022583,79022786,6,203
chr18,79046538,79049068,19,2530
chr18,79068652,79069700,65,1048
chr18,79128158,79128219,5,61
chr18,79154059,79154250,5,191
chr18,79166860,79167565,7,705
chr18,79302292,79302435,10,143
chr18,79321223,79321475,6,252
chr18,79334281,79334926,7,645
chr18,79337380,79337437,7,57
chr18,79347786,79347818,5,32
chr18,79355021,79356116,8,1095
chr18,79368097,79368265,7,168
chr18,79380186,79380277,6,91
chr18,79382662,79386043,42,3381
chr18,79387788,79387846,6,58
chr18,79393862,79398180,192,4318
chr18,79399476,79406086,148,6610
chr18,79421395,79421464,7,69
chr18,79422498,79424035,19,1537
chr18,79426620,79427131,10,511
chr18,79429078,79429500,10,422
chr18,79434352,79434796,14,444
chr18,79436747,79438320,20,1573
chr18,79440665,79444764,30,4099
chr18,79447163,79447281,8,118
chr18,79448963,79449034,8,71
chr18,79451843,79452978,19,1135
chr18,79454532,79456392,30,1860
chr18,79458691,79459064,9,373
chr18,79462027,79462172,8,145
chr18,79465777,79465889,5,112
chr18,79470373,79472057,28,1684
chr18,79477509,79478474,5,965
chr18,79479754,79480682,18,928
chr18,79484902,79489073,48,4171
chr18,79491651,79491974,5,323
chr18,79493893,79493987,8,94
chr18,79507407,79507909,14,502
chr18,79509254,79509526,9,272
chr18,79511154,79511850,11,696
chr18,79513208,79513734,11,526
chr18,79518054,79518243,5,189
chr18,79519715,79520479,24,764
chr18,79526196,79526862,10,666
chr18,79528995,79529197,17,202
chr18,79531040,79532175,21,1135
chr18,79543590,79545845,24,2255
chr18,79547241,79549549,25,2308
chr18,79552301,79553422,20,1121
chr18,79555395,79555672,6,277
chr18,79560340,79560832,14,492
chr18,79566355,79568096,11,1741
chr18,79571090,79571691,13,601
chr18,79576094,79576970,17,876
chr18,79586160,79589979,22,3819
chr18,79596590,79599097,24,2507
chr18,79604449,79604562,5,113
chr18,79606819,79608763,15,1944
chr18,79610020,79611032,11,1012
chr18,79612035,79612256,7,221
chr18,79613308,79613724,17,416
chr18,79615232,79615353,9,121
chr18,79616386,79618196,118,1810
chr18,79625419,79625521,7,102
chr18,79628123,79629395,19,1272
chr18,79637557,79638708,89,1151
chr18,79640145,79640880,9,735
chr18,79641891,79642121,5,230
chr18,79644148,79644316,10,168
chr18,79650108,79650245,7,137
chr18,79657058,79657815,7,757
chr18,79679107,79680277,115,1170
chr18,79684958,79685022,5,64
chr18,79695260,79695364,5,104
chr18,79697364,79698248,10,884
chr18,79708466,79709775,14,1309
chr18,79714770,79717958,41,3188
chr18,79719126,79719176,6,50
chr18,79723839,79724188,7,349
chr18,79725672,79725844,5,172
chr18,79735444,79736489,17,1045
chr18,79737586,79738221,5,635
chr18,79747728,79747897,7,169
chr18,79749844,79751230,8,1386
chr18,79755157,79755520,12,363
chr18,79766278,79766745,12,467
chr18,79774357,79775809,10,1452
chr18,79782615,79783754,21,1139
chr18,79784770,79785072,13,302
chr18,79786341,79788854,72,2513
chr18,79789860,79790779,15,919
chr18,79792544,79792741,7,197
chr18,79797063,79799128,95,2065
chr18,79800525,79801484,17,959
chr18,79807502,79808062,11,560
chr18,79826078,79826147,5,69
chr18,79847491,79849456,18,1965
chr18,79856735,79856855,7,120
chr18,79862567,79863381,19,814
chr18,79867476,79869507,24,2031
chr18,79872573,79873480,5,907
chr18,79875974,79876561,15,587
chr18,79877954,79879031,9,1077
chr18,79882902,79884077,26,1175
chr18,79885400,79885531,9,131
chr18,79905097,79905517,6,420
chr18,79911505,79911614,6,109
chr18,79915229,79915372,7,143
chr18,79943566,79944208,9,642
chr18,79951143,79952889,59,1746
chr18,79964069,79964762,47,693
chr18,79988068,79989260,52,1192
chr18,80034541,80034701,12,160
chr18,80073353,80074164,7,811
chr18,80109572,80109939,36,367
chr18,80137308,80137372,5,64
chr18,80147578,80147611,6,33
chr18,80158877,80160409,22,1532
chr18,80171359,80171435,6,76
chr18,80246193,80248086,113,1893
chr18,80252479,80253777,5,1298
chr19,246787,247386,8,599
chr19,267480,267659,19,179
chr19,278985,279202,5,217
chr19,290012,291909,60,1897
chr19,294363,295458,34,1095
chr19,297018,297486,11,468
chr19,305460,309011,37,3551
chr19,310497,311422,26,925
chr19,314793,316355,13,1562
chr19,317458,317684,5,226
chr19,335723,335869,7,146
chr19,344079,345349,84,1270
chr19,356599,357177,11,578
chr19,358412,359287,7,875
chr19,369362,369526,7,164
chr19,370645,371036,23,391
chr19,373508,374419,8,911
chr19,375563,375995,7,432
chr19,378310,379718,16,1408
chr19,383867,384309,11,442
chr19,390615,392259,18,1644
chr19,401062,402383,17,1321
chr19,405637,411357,111,5720
chr19,412462,413191,17,729
chr19,416930,419572,38,2642
chr19,420974,422282,13,1308
chr19,425185,427297,36,2112
chr19,434790,435148,7,358
chr19,448018,448772,16,754
chr19,454276,456463,54,2187
chr19,457629,458975,30,1346
chr19,460103,462548,122,2445
chr19,464028,464080,5,52
chr19,470863,471241,11,378
chr19,474408,475019,11,611
chr19,477809,478770,14,961
chr19,485634,486305,15,671
chr19,488446,490055,59,1609
chr19,491558,499949,92,8391
chr19,505511,507994,60,2483
chr19,510961,511287,6,326
chr19,512727,513122,7,395
chr19,516006,516194,5,188
chr19,517846,520202,104,2356
chr19,523498,525367,32,1869
chr19,529296,533732,108,4436
chr19,535988,537445,28,1457
chr19,539176,539985,10,809
chr19,548955,549437,13,482
chr19,551861,553867,14,2006
chr19,555856,556859,13,1003
chr19,560064,563031,28,2967
chr19,567753,568118,8,365
chr19,569826,570314,10,488
chr19,571824,573880,75,2056
chr19,575406,576080,13,674
chr19,577347,583314,68,5967
chr19,584324,585050,17,726
chr19,586640,592158,167,5518
chr19,595176,596687,33,1511
chr19,600292,600906,8,614
chr19,602511,603423,11,912
chr19,608344,609421,11,1077
chr19,610452,613869,47,3417
chr19,615438,616925,28,1487
chr19,620483,620804,14,321
chr19,622406,624730,37,2324
chr19,627781,628360,5,579
chr19,629812,631221,18,1409
chr19,632277,634670,59,2393
chr19,639386,641856,63,2470
chr19,643347,649109,76,5762
chr19,651964,652967,30,1003
chr19,654002,655464,17,1462
chr19,657344,659115,30,1771
chr19,661706,663576,112,1870
chr19,669481,670671,6,1190
chr19,674253,674597,14,344
chr19,675795,677918,70,2123
chr19,679896,683823,87,3927
chr19,688401,688557,8,156
chr19,690370,690438,7,68
chr19,691767,691848,6,81
chr19,693132,693382,6,250
chr19,695288,700061,43,4773
chr19,703565,704525,7,960
chr19,707859,710944,114,3085
chr19,717598,723026,127,5428
chr19,726862,728920,25,2058
chr19,730925,731804,5,879
chr19,733964,734380,9,416
chr19,736494,736708,5,214
chr19,737716,737906,8,190
chr19,739344,740608,9,1264
chr19,746472,747223,8,751
chr19,751478,753672,30,2194
chr19,758639,760015,12,1376
chr19,761192,761283,5,91
chr19,769970,771337,26,1367
chr19,775361,777057,25,1696
chr19,778428,779203,10,775
chr19,781054,784438,49,3384
chr19,787241,787887,6,646
chr19,788944,789655,16,711
chr19,795361,800229,118,4868
chr19,802931,803021,11,90
chr19,804110,807702,67,3592
chr19,811196,813439,71,2243
chr19,815287,815650,13,363
chr19,817783,818602,17,819
chr19,819690,819780,7,90
chr19,821406,826160,79,4754
chr19,827853,828023,6,170
chr19,829496,832466,49,2970
chr19,834730,836785,18,2055
chr19,838837,841018,17,2181
chr19,843307,844589,39,1282
chr19,845802,846085,7,283
chr19,847361,848116,12,755
chr19,850617,854362,80,3745
chr19,855498,858194,29,2696
chr19,859545,862000,77,2455
chr19,863100,863984,28,884
chr19,869252,869692,9,440
chr19,870887,875215,37,4328
chr19,878939,879046,5,107
chr19,883769,884321,16,552
chr19,885375,885994,11,619
chr19,892971,893683,18,712
chr19,898329,898855,13,526
chr19,900776,901131,20,355
chr19,902381,903539,10,1158
chr19,908695,908911,8,216
chr19,910977,914224,87,3247
chr19,916131,922058,144,5927
chr19,923568,930570,154,7002
chr19,933055,935126,28,2071
chr19,940814,942873,29,2059
chr19,944535,946533,34,1998
chr19,947548,949391,38,1843
chr19,950436,950564,5,128
chr19,951603,952016,8,413
chr19,953086,953700,12,614
chr19,954709,958253,25,3544
chr19,959504,959899,9,395
chr19,966721,966979,5,258
chr19,970244,971973,21,1729
chr19,973257,974943,18,1686
chr19,979382,984329,72,4947
chr19,986231,986828,10,597
chr19,990591,993356,25,2765
chr19,994363,996930,60,2567
chr19,998691,1001619,77,2928
chr19,1003322,1005721,13,2399
chr19,1007553,1011685,73,4132
chr19,1018530,1022496,74,3966
chr19,1025543,1026780,49,1237
chr19,1027824,1028848,38,1024
chr19,1030549,1032159,13,1610
chr19,1036585,1038732,19,2147
chr19,1039766,1040623,34,857
chr19,1041947,1042071,5,124
chr19,1043456,1044097,15,641
chr19,1045863,1047387,28,1524
chr19,1050100,1050739,9,639
chr19,1061062,1062294,20,1232
chr19,1063988,1065147,26,1159
chr19,1066950,1069420,73,2470
chr19,1070455,1071921,54,1466
chr19,1073316,1075893,25,2577
chr19,1077263,1078019,9,756
chr19,1079392,1083901,109,4509
chr19,1085842,1088462,23,2620
chr19,1090707,1092110,6,1403
chr19,1101811,1102148,5,337
chr19,1103228,1105528,97,2300
chr19,1106629,1113841,108,7212
chr19,1118994,1121832,19,2838
chr19,1123241,1123367,6,126
chr19,1126061,1128431,21,2370
chr19,1131167,1133355,58,2188
chr19,1134970,1136919,31,1949
chr19,1144295,1144450,5,155
chr19,1149369,1153011,37,3642
chr19,1154048,1156270,20,2222
chr19,1157800,1158844,29,1044
chr19,1160018,1162571,30,2553
chr19,1163729,1163864,9,135
chr19,1167644,1170512,49,2868
chr19,1171592,1174287,94,2695
chr19,1176604,1178069,23,1465
chr19,1180532,1180648,5,116
chr19,1183467,1184331,7,864
chr19,1186084,1187003,7,919
chr19,1192143,1192606,8,463
chr19,1193698,1194983,42,1285
chr19,1203075,1203303,8,228
chr19,1204847,1206537,89,1690
chr19,1207645,1208161,21,516
chr19,1210408,1210514,5,106
chr19,1213057,1215266,21,2209
chr19,1219388,1219423,5,35
chr19,1220466,1220728,13,262
chr19,1223008,1223424,16,416
chr19,1225365,1230094,136,4729
chr19,1232860,1235204,40,2344
chr19,1236297,1243392,228,7095
chr19,1248080,1257078,221,8998
chr19,1258981,1262748,59,3767
chr19,1265361,1270132,139,4771
chr19,1271580,1271942,8,362
chr19,1274486,1277329,89,2843
chr19,1283587,1284184,6,597
chr19,1285220,1289947,143,4727
chr19,1291086,1300225,128,9139
chr19,1301317,1302677,10,1360
chr19,1306179,1306450,7,271
chr19,1307461,1308535,13,1074
chr19,1310667,1316078,87,5411
chr19,1318585,1319149,17,564
chr19,1323608,1327661,57,4053
chr19,1333545,1334927,22,1382
chr19,1336179,1336696,20,517
chr19,1340495,1341623,6,1128
chr19,1353808,1355350,58,1542
chr19,1359028,1360787,19,1759
chr19,1363088,1363677,16,589
chr19,1365120,1366856,10,1736
chr19,1369073,1371092,13,2019
chr19,1373375,1373534,6,159
chr19,1375147,1376556,5,1409
chr19,1377568,1379359,25,1791
chr19,1381036,1381585,6,549
chr19,1383289,1384155,46,866
chr19,1387359,1388033,14,674
chr19,1389710,1391135,29,1425
chr19,1392571,1392894,10,323
chr19,1393901,1397781,67,3880
chr19,1399258,1403326,105,4068
chr19,1406381,1409619,87,3238
chr19,1413270,1413561,7,291
chr19,1414628,1415467,7,839
chr19,1418668,1419375,6,707
chr19,1423640,1425600,19,1960
chr19,1428888,1430451,20,1563
chr19,1433872,1433923,7,51
chr19,1438313,1439805,62,1492
chr19,1441912,1442403,8,491
chr19,1444676,1447108,139,2432
chr19,1450191,1450550,20,359
chr19,1451987,1453913,26,1926
chr19,1455357,1457554,43,2197
chr19,1459297,1460326,12,1029
chr19,1461745,1461917,5,172
chr19,1464725,1471529,193,6804
chr19,1473043,1475181,16,2138
chr19,1478303,1479591,45,1288
chr19,1482569,1484668,29,2099
chr19,1487741,1491735,109,3994
chr19,1495687,1496614,12,927
chr19,1497653,1497977,16,324
chr19,1502002,1503611,13,1609
chr19,1506031,1506136,8,105
chr19,1507756,1508265,25,509
chr19,1510657,1514663,82,4006
chr19,1516274,1516341,5,67
chr19,1519190,1520503,12,1313
chr19,1522998,1525183,100,2185
chr19,1528324,1530909,21,2585
chr19,1532399,1532615,5,216
chr19,1538247,1539802,6,1555
chr19,1541105,1543347,13,2242
chr19,1546017,1547218,14,1201
chr19,1551952,1553959,15,2007
chr19,1555309,1556929,45,1620
chr19,1562077,1562322,8,245
chr19,1566840,1569238,124,2398
chr19,1571021,1571220,8,199
chr19,1577872,1578003,8,131
chr19,1579108,1580429,19,1321
chr19,1583852,1585650,16,1798
chr19,1586988,1587058,5,70
chr19,1588144,1588503,7,359
chr19,1592136,1593060,67,924
chr19,1599323,1600306,6,983
chr19,1601525,1601892,5,367
chr19,1603465,1607326,81,3861
chr19,1608802,1609069,5,267
chr19,1611631,1612386,18,755
chr19,1614335,1615536,17,1201
chr19,1621035,1622174,13,1139
chr19,1623979,1627194,37,3215
chr19,1629886,1630597,14,711
chr19,1631742,1633550,10,1808
chr19,1634655,1635028,6,373
chr19,1637053,1637142,7,89
chr19,1644057,1645285,8,1228
chr19,1646487,1647229,13,742
chr19,1648365,1653224,144,4859
chr19,1663560,1664230,12,670
chr19,1665560,1669321,34,3761
chr19,1671842,1672165,18,323
chr19,1673688,1676131,39,2443
chr19,1678814,1680216,6,1402
chr19,1682585,1685306,32,2721
chr19,1686804,1688395,24,1591
chr19,1690818,1692030,15,1212
chr19,1698370,1699577,17,1207
chr19,1700603,1701659,19,1056
chr19,1714088,1714249,6,161
chr19,1718454,1719383,17,929
chr19,1725671,1726203,37,532
chr19,1729670,1729913,8,243
chr19,1734240,1735089,11,849
chr19,1738803,1738990,7,187
chr19,1742388,1743403,18,1015
chr19,1744792,1745139,6,347
chr19,1746751,1750213,137,3462
chr19,1751801,1752385,5,584
chr19,1753404,1759343,177,5939
chr19,1760632,1764903,50,4271
chr19,1767418,1767911,14,493
chr19,1775418,1777179,31,1761
chr19,1779698,1780006,12,308
chr19,1784439,1785445,6,1006
chr19,1789856,1790027,8,171
chr19,1793408,1793835,5,427
chr19,1795475,1797092,17,1617
chr19,1798309,1798694,8,385
chr19,1803131,1803615,5,484
chr19,1806226,1807796,16,1570
chr19,1809034,1809821,13,787
chr19,1811158,1820165,115,9007
chr19,1825905,1828694,48,2789
chr19,1832073,1832444,11,371
chr19,1836455,1836773,8,318
chr19,1840731,1844250,33,3519
chr19,1847770,1848653,69,883
chr19,1851551,1858508,96,6957
chr19,1860275,1866025,183,5750
chr19,1868638,1870079,5,1441
chr19,1871346,1877641,59,6295
chr19,1881866,1883898,20,2032
chr19,1884902,1886768,24,1866
chr19,1890718,1891958,10,1240
chr19,1897023,1898437,12,1414
chr19,1902094,1902433,7,339
chr19,1905034,1905759,51,725
chr19,1907678,1912109,40,4431
chr19,1915308,1917128,11,1820
chr19,1918710,1918976,6,266
chr19,1923293,1923423,5,130
chr19,1924539,1924612,8,73
chr19,1926144,1926355,9,211
chr19,1928807,1930021,22,1214
chr19,1940305,1943070,90,2765
chr19,1944187,1945010,6,823
chr19,1948090,1948208,5,118
chr19,1949510,1950232,22,722
chr19,1952698,1953962,17,1264
chr19,1955963,1957678,17,1715
chr19,1960223,1961038,16,815
chr19,1966207,1967529,17,1322
chr19,1969863,1971378,21,1515
chr19,1974861,1976832,14,1971
chr19,1978409,1983705,51,5296
chr19,1985289,1985399,9,110
chr19,1990548,1992912,21,2364
chr19,1994585,1994713,5,128
chr19,1997332,1997517,6,185
chr19,1999004,2000857,30,1853
chr19,2005010,2005203,6,193
chr19,2011915,2015243,20,3328
chr19,2016312,2016451,5,139
chr19,2018534,2020654,12,2120
chr19,2030397,2032947,18,2550
chr19,2034040,2034485,5,445
chr19,2039374,2040338,10,964
chr19,2041625,2042840,26,1215
chr19,2045679,2046437,20,758
chr19,2050018,2051368,78,1350
chr19,2053833,2054299,5,466
chr19,2061093,2063403,61,2310
chr19,2064984,2066452,16,1468
chr19,2073142,2073408,8,266
chr19,2078437,2080099,19,1662
chr19,2085003,2085997,24,994
chr19,2090203,2091675,9,1472
chr19,2093840,2094341,16,501
chr19,2095365,2097782,101,2417
chr19,2102652,2102803,5,151
chr19,2106047,2107825,18,1778
chr19,2109011,2110842,12,1831
chr19,2111978,2112054,6,76
chr19,2113997,2116265,33,2268
chr19,2136880,2136952,6,72
chr19,2143943,2144408,22,465
chr19,2151105,2151907,51,802
chr19,2158229,2160421,25,2192
chr19,2162374,2162481,5,107
chr19,2163637,2166678,105,3041
chr19,2169088,2171709,22,2621
chr19,2173645,2173802,8,157
chr19,2180391,2180755,13,364
chr19,2183669,2184307,7,638
chr19,2185596,2186128,7,532
chr19,2187846,2188855,13,1009
chr19,2190138,2191707,20,1569
chr19,2193060,2193135,6,75
chr19,2194450,2194594,5,144
chr19,2198776,2199746,13,970
chr19,2203007,2203195,10,188
chr19,2212034,2212822,9,788
chr19,2215178,2216244,11,1066
chr19,2219360,2219799,14,439
chr19,2221470,2223664,13,2194
chr19,2226423,2228475,25,2052
chr19,2230169,2230387,7,218
chr19,2231706,2232912,9,1206
chr19,2235687,2237050,74,1363
chr19,2245806,2245985,5,179
chr19,2247166,2248428,9,1262
chr19,2250313,2254193,179,3880
chr19,2256369,2257227,12,858
chr19,2269386,2271921,117,2535
chr19,2273020,2276968,38,3948
chr19,2278187,2278999,10,812
chr19,2282319,2282727,15,408
chr19,2284314,2286490,15,2176
chr19,2288047,2291654,132,3607
chr19,2294370,2295505,19,1135
chr19,2296639,2297429,8,790
chr19,2299221,2305247,59,6026
chr19,2306445,2310511,80,4066
chr19,2319604,2322107,19,2503
chr19,2328133,2329020,70,887
chr19,2330232,2332244,14,2012
chr19,2339049,2339978,26,929
chr19,2341042,2341584,14,542
chr19,2345506,2346281,5,775
chr19,2351152,2353614,20,2462
chr19,2358629,2361614,27,2985
chr19,2364034,2364895,8,861
chr19,2385131,2385709,17,578
chr19,2389364,2390404,5,1040
chr19,2393640,2393930,5,290
chr19,2395357,2395900,6,543
chr19,2406071,2407451,10,1380
chr19,2413742,2413793,5,51
chr19,2414849,2415991,17,1142
chr19,2422074,2422252,5,178
chr19,2424187,2428102,120,3915
chr19,2429211,2431256,31,2045
chr19,2433832,2434448,9,616
chr19,2441926,2442033,5,107
chr19,2444464,2445104,7,640
chr19,2448458,2449701,11,1243
chr19,2451869,2451927,5,58
chr19,2455993,2458112,86,2119
chr19,2461830,2463365,57,1535
chr19,2469716,2469778,5,62
chr19,2473587,2476111,99,2524
chr19,2477149,2479092,44,1943
chr19,2487745,2489537,45,1792
chr19,2490630,2491308,6,678
chr19,2494160,2497334,47,3174
chr19,2500094,2500656,9,562
chr19,2502573,2502810,5,237
chr19,2506023,2507333,5,1310
chr19,2508567,2508945,6,378
chr19,2512260,2515136,30,2876
chr19,2516750,2516968,7,218
chr19,2521190,2521865,13,675
chr19,2525163,2525902,13,739
chr19,2540431,2540981,8,550
chr19,2543476,2544477,13,1001
chr19,2545879,2548604,33,2725
chr19,2550310,2552844,18,2534
chr19,2555319,2557654,38,2335
chr19,2561969,2562543,17,574
chr19,2578027,2579390,29,1363
chr19,2586127,2588481,18,2354
chr19,2599116,2599646,15,530
chr19,2611055,2614127,31,3072
chr19,2616728,2617555,5,827
chr19,2619762,2620816,10,1054
chr19,2621984,2622930,33,946
chr19,2624455,2625193,8,738
chr19,2627565,2627718,6,153
chr19,2633571,2635991,20,2420
chr19,2639158,2639435,10,277
chr19,2642935,2643252,14,317
chr19,2650824,2650953,5,129
chr19,2654178,2654280,5,102
chr19,2666142,2667206,9,1064
chr19,2681520,2683965,20,2445
chr19,2687540,2688831,18,1291
chr19,2691791,2692813,6,1022
chr19,2697828,2698248,10,420
chr19,2702535,2703057,48,522
chr19,2705257,2706218,6,961
chr19,2716335,2718618,51,2283
chr19,2720041,2721743,62,1702
chr19,2723225,2724249,10,1024
chr19,2726036,2729582,24,3546
chr19,2730682,2733034,45,2352
chr19,2739216,2740220,46,1004
chr19,2750927,2751589,6,662
chr19,2754315,2757857,40,3542
chr19,2761694,2761738,6,44
chr19,2763247,2763554,9,307
chr19,2764727,2765390,10,663
chr19,2767086,2767329,15,243
chr19,2768337,2769010,7,673
chr19,2770400,2771910,12,1510
chr19,2776913,2777205,5,292
chr19,2783309,2783535,17,226
chr19,2785397,2786136,35,739
chr19,2801536,2801793,7,257
chr19,2803334,2804256,14,922
chr19,2815411,2815531,5,120
chr19,2816886,2816953,5,67
chr19,2819636,2820504,33,868
chr19,2838492,2839454,5,962
chr19,2840924,2842429,90,1505
chr19,2867372,2868222,10,850
chr19,2886143,2886201,5,58
chr19,2889154,2889271,10,117
chr19,2899372,2901681,69,2309
chr19,2905526,2905621,8,95
chr19,2908580,2908817,6,237
chr19,2921109,2921247,8,138
chr19,2926839,2926914,8,75
chr19,2944706,2945494,20,788
chr19,2950102,2950664,18,562
chr19,2952838,2954682,18,1844
chr19,2960378,2960821,12,443
chr19,2961967,2962103,7,136
chr19,2965969,2966871,5,902
chr19,2974712,2977633,33,2921
chr19,2979542,2982968,24,3426
chr19,2984072,2984382,16,310
chr19,2987122,2987490,7,368
chr19,2990528,2992657,11,2129
chr19,2993789,2993840,5,51
chr19,2994977,2996162,9,1185
chr19,2999981,3000766,15,785
chr19,3006578,3006653,10,75
chr19,3012376,3013625,8,1249
chr19,3028466,3029538,47,1072
chr19,3033980,3036619,43,2639
chr19,3038967,3039138,5,171
chr19,3042049,3043726,14,1677
chr19,3046354,3049838,27,3484
chr19,3052803,3053918,16,1115
chr19,3055747,3056186,10,439
chr19,3057416,3057566,7,150
chr19,3058665,3059663,16,998
chr19,3061277,3063099,51,1822
chr19,3065028,3065177,6,149
chr19,3068310,3070428,10,2118
chr19,3085021,3085336,6,315
chr19,3086991,3088341,16,1350
chr19,3092060,3092526,8,466
chr19,3093775,3096667,99,2892
chr19,3098619,3099541,19,922
chr19,3103952,3104219,10,267
chr19,3107160,3108564,12,1404
chr19,3110246,3111414,9,1168
chr19,3112748,3116852,43,4104
chr19,3117914,3119366,13,1452
chr19,3121927,3122989,34,1062
chr19,3126325,3127308,8,983
chr19,3128782,3128892,6,110
chr19,3130853,3131101,13,248
chr19,3132151,3133427,8,1276
chr19,3134928,3136967,33,2039
chr19,3138356,3138723,10,367
chr19,3147812,3148284,6,472
chr19,3163604,3164931,14,1327
chr19,3178380,3178812,22,432
chr19,3179845,3181000,21,1155
chr19,3184566,3187983,42,3417
chr19,3190037,3190892,7,855
chr19,3195925,3197178,24,1253
chr19,3198431,3199466,10,1035
chr19,3201093,3201675,13,582
chr19,3203232,3204412,9,1180
chr19,3206147,3208920,16,2773
chr19,3210345,3213888,26,3543
chr19,3214895,3215859,8,964
chr19,3217752,3218839,6,1087
chr19,3220172,3220319,7,147
chr19,3224442,3226231,51,1789
chr19,3227608,3229047,17,1439
chr19,3236913,3237204,5,291
chr19,3267251,3268302,6,1051
chr19,3270407,3271365,29,958
chr19,3275224,3275993,37,769
chr19,3281259,3281368,5,109
chr19,3284623,3286170,25,1547
chr19,3293238,3293751,16,513
chr19,3296073,3296658,15,585
chr19,3304588,3305080,13,492
chr19,3307109,3307833,7,724
chr19,3311379,3311518,10,139
chr19,3313040,3314884,42,1844
chr19,3317807,3317933,5,126
chr19,3319907,3320522,16,615
chr19,3325984,3326233,5,249
chr19,3329914,3330463,13,549
chr19,3343925,3344208,10,283
chr19,3346758,3346816,6,58
chr19,3358657,3361745,178,3088
chr19,3365480,3367935,78,2455
chr19,3369485,3371410,26,1925
chr19,3373963,3375576,14,1613
chr19,3379357,3379732,6,375
chr19,3381319,3381972,16,653
chr19,3384684,3385733,9,1049
chr19,3397390,3398847,15,1457
chr19,3403682,3405117,35,1435
chr19,3407176,3408239,15,1063
chr19,3409561,3409651,7,90
chr19,3411452,3411921,6,469
chr19,3416047,3416679,5,632
chr19,3421257,3421350,6,93
chr19,3428522,3429818,11,1296
chr19,3434881,3436229,35,1348
chr19,3437292,3437397,6,105
chr19,3439113,3440063,7,950
chr19,3441113,3441996,6,883
chr19,3444568,3445321,8,753
chr19,3449161,3450299,5,1138
chr19,3451509,3453697,26,2188
chr19,3454840,3456493,29,1653
chr19,3457544,3459045,12,1501
chr19,3462845,3464942,42,2097
chr19,3466173,3466765,7,592
chr19,3468900,3469210,5,310
chr19,3478584,3478664,6,80
chr19,3480365,3483803,62,3438
chr19,3486621,3486834,7,213
chr19,3491415,3492759,12,1344
chr19,3493787,3494161,11,374
chr19,3495833,3496104,5,271
chr19,3500422,3500736,27,314
chr19,3503698,3508663,83,4965
chr19,3510910,3512332,17,1422
chr19,3514893,3516930,25,2037
chr19,3524990,3526787,17,1797
chr19,3531685,3531945,8,260
chr19,3532955,3533408,6,453
chr19,3535117,3535242,8,125
chr19,3543629,3543910,14,281
chr19,3547160,3549212,12,2052
chr19,3550957,3554076,20,3119
chr19,3557050,3558017,38,967
chr19,3559730,3559975,12,245
chr19,3561168,3562026,10,858
chr19,3565558,3565696,8,138
chr19,3569498,3570692,11,1194
chr19,3571953,3579227,160,7274
chr19,3585191,3587776,68,2585
chr19,3594195,3596121,21,1926
chr19,3597524,3598065,10,541
chr19,3599925,3600676,9,751
chr19,3604256,3605249,10,993
chr19,3606297,3607818,38,1521
chr19,3610849,3610915,5,66
chr19,3612333,3613331,40,998
chr19,3617559,3619773,29,2214
chr19,3621434,3621926,8,492
chr19,3623453,3624105,12,652
chr19,3625622,3627814,39,2192
chr19,3631382,3633701,18,2319
chr19,3636603,3638582,24,1979
chr19,3640749,3641530,8,781
chr19,3644409,3645561,5,1152
chr19,3649862,3650451,6,589
chr19,3651524,3652334,7,810
chr19,3655684,3656582,20,898
chr19,3659284,3660075,12,791
chr19,3662044,3663251,7,1207
chr19,3664842,3665056,12,214
chr19,3669245,3672069,43,2824
chr19,3673611,3673885,9,274
chr19,3676302,3676384,6,82
chr19,3683813,3684756,10,943
chr19,3686219,3688876,27,2657
chr19,3693153,3694198,9,1045
chr19,3696315,3700451,113,4136
chr19,3705984,3706212,8,228
chr19,3708064,3710273,26,2209
chr19,3712543,3714210,9,1667
chr19,3717943,3718878,7,935
chr19,3720757,3722886,47,2129
chr19,3735387,3736972,11,1585
chr19,3740606,3742561,20,1955
chr19,3748001,3748088,7,87
chr19,3750815,3750979,5,164
chr19,3757995,3758943,8,948
chr19,3760286,3762772,30,2486
chr19,3764465,3767445,22,2980
chr19,3769262,3772271,34,3009
chr19,3775065,3775120,5,55
chr19,3783656,3786931,83,3275
chr19,3793019,3794293,5,1274
chr19,3801132,3802229,39,1097
chr19,3805980,3806100,7,120
chr19,3808587,3809339,7,752
chr19,3810445,3811156,7,711
chr19,3815316,3816337,9,1021
chr19,3818255,3820124,28,1869
chr19,3821348,3828613,88,7265
chr19,3832171,3832615,5,444
chr19,3840085,3841067,7,982
chr19,3853261,3853410,5,149
chr19,3863142,3863951,18,809
chr19,3868553,3868869,16,316
chr19,3871437,3872367,7,930
chr19,3880922,3881777,16,855
chr19,3885792,3885913,6,121
chr19,3887647,3888681,8,1034
chr19,3893525,3894440,5,915
chr19,3899750,3899867,7,117
chr19,3901863,3903965,16,2102
chr19,3907634,3907928,12,294
chr19,3912198,3912376,5,178
chr19,3914888,3915265,7,377
chr19,3925331,3925429,6,98
chr19,3926753,3930661,21,3908
chr19,3932836,3934674,43,1838
chr19,3936332,3938411,11,2079
chr19,3942051,3943259,10,1208
chr19,3947642,3948292,14,650
chr19,3950188,3952707,28,2519
chr19,3954536,3954712,5,176
chr19,3958318,3960703,27,2385
chr19,3963417,3964896,17,1479
chr19,3966275,3967409,16,1134
chr19,3971088,3971801,31,713
chr19,3976358,3976655,13,297
chr19,3978084,3979240,20,1156
chr19,3984705,3985500,31,795
chr19,3987388,3988526,12,1138
chr19,3991530,3991693,7,163
chr19,4005382,4006049,6,667
chr19,4007181,4008168,55,987
chr19,4009968,4010343,10,375
chr19,4018210,4018243,6,33
chr19,4019266,4020282,11,1016
chr19,4023384,4023612,7,228
chr19,4028371,4029176,21,805
chr19,4032952,4034439,37,1487
chr19,4037141,4038873,46,1732
chr19,4042482,4045800,18,3318
chr19,4046972,4047996,18,1024
chr19,4049782,4050016,6,234
chr19,4051725,4053257,16,1532
chr19,4054302,4054834,35,532
chr19,4056951,4057530,6,579
chr19,4058547,4062292,47,3745
chr19,4063522,4068752,238,5230
chr19,4072798,4072896,6,98
chr19,4078109,4078535,7,426
chr19,4086457,4088816,16,2359
chr19,4090638,4091916,16,1278
chr19,4093547,4095502,16,1955
chr19,4098578,4101588,41,3010
chr19,4103195,4103403,5,208
chr19,4108944,4109481,11,537
chr19,4110496,4110609,8,113
chr19,4117841,4118486,17,645
chr19,4121156,4121296,6,140
chr19,4123940,4126072,21,2132
chr19,4136653,4136752,5,99
chr19,4146028,4146158,5,130
chr19,4147279,4147444,6,165
chr19,4149936,4150894,6,958
chr19,4153981,4155015,7,1034
chr19,4162901,4163897,16,996
chr19,4167889,4168381,10,492
chr19,4172186,4176241,56,4055
chr19,4182158,4184534,46,2376
chr19,4191278,4191867,7,589
chr19,4196905,4198604,56,1699
chr19,4199800,4200022,10,222
chr19,4204056,4206372,13,2316
chr19,4210137,4210926,11,789
chr19,4217265,4219454,24,2189
chr19,4224779,4225494,5,715
chr19,4232917,4233132,9,215
chr19,4234789,4234930,7,141
chr19,4237143,4237464,5,321
chr19,4258875,4259472,15,597
chr19,4267587,4268391,11,804
chr19,4277240,4277381,5,141
chr19,4278856,4281166,92,2310
chr19,4282344,4284162,18,1818
chr19,4301835,4302496,6,661
chr19,4304669,4305067,7,398
chr19,4309840,4310687,6,847
chr19,4312415,4312619,6,204
chr19,4326954,4329466,37,2512
chr19,4330775,4331553,5,778
chr19,4338810,4339137,6,327
chr19,4342592,4346561,65,3969
chr19,4351786,4353751,9,1965
chr19,4364216,4365100,5,884
chr19,4368671,4369932,17,1261
chr19,4373588,4374702,16,1114
chr19,4376894,4377263,6,369
chr19,4389342,4389720,8,378
chr19,4400378,4401540,38,1162
chr19,4402551,4403084,33,533
chr19,4408317,4408457,10,140
chr19,4416098,4416374,7,276
chr19,4419532,4419813,5,281
chr19,4424877,4425321,6,444
chr19,4441539,4442367,13,828
chr19,4444107,4444257,7,150
chr19,4447465,4448391,22,926
chr19,4449461,4449575,5,114
chr19,4454851,4457962,59,3111
chr19,4472177,4473097,42,920
chr19,4474160,4474331,5,171
chr19,4478233,4479444,5,1211
chr19,4482855,4484592,26,1737
chr19,4490068,4490406,5,338
chr19,4493456,4494790,10,1334
chr19,4496520,4499845,36,3325
chr19,4503141,4503988,6,847
chr19,4505985,4507246,9,1261
chr19,4508342,4509259,9,917
chr19,4510297,4512126,22,1829
chr19,4513401,4514684,16,1283
chr19,4517621,4518703,9,1082
chr19,4523333,4523605,6,272
chr19,4534315,4535434,29,1119
chr19,4536820,4537001,5,181
chr19,4538440,4538596,5,156
chr19,4542827,4544039,25,1212
chr19,4548268,4550868,29,2600
chr19,4557045,4557885,7,840
chr19,4562752,4563244,7,492
chr19,4564576,4565062,8,486
chr19,4566593,4567350,13,757
chr19,4572336,4572368,5,32
chr19,4579764,4581894,87,2130
chr19,4583391,4585075,58,1684
chr19,4588673,4588869,6,196
chr19,4596258,4597343,11,1085
chr19,4605928,4607189,19,1261
chr19,4610919,4611798,6,879
chr19,4623667,4624191,8,524
chr19,4626161,4626231,5,70
chr19,4633653,4636448,19,2795
chr19,4638189,4639635,32,1446
chr19,4657367,4658139,9,772
chr19,4666831,4667432,8,601
chr19,4669474,4670581,54,1107
chr19,4675171,4677877,11,2706
chr19,4682038,4683417,15,1379
chr19,4684849,4685787,8,938
chr19,4692987,4693526,11,539
chr19,4694667,4694829,7,162
chr19,4702041,4702280,7,239
chr19,4704662,4704896,6,234
chr19,4706864,4707786,7,922
chr19,4713609,4714294,25,685
chr19,4716007,4716074,5,67
chr19,4717418,4717776,11,358
chr19,4723365,4725003,57,1638
chr19,4726526,4726778,8,252
chr19,4729303,4729973,13,670
chr19,4732164,4732280,6,116
chr19,4735476,4735673,6,197
chr19,4741318,4741767,6,449
chr19,4750676,4753748,14,3072
chr19,4754788,4755950,7,1162
chr19,4759721,4760034,16,313
chr19,4761423,4762022,5,599
chr19,4769648,4770783,10,1135
chr19,4787093,4787210,6,117
chr19,4790202,4794085,58,3883
chr19,4798157,4798283,7,126
chr19,4803589,4804531,6,942
chr19,4807028,4808203,7,1175
chr19,4809550,4809747,6,197
chr19,4824395,4826153,9,1758
chr19,4827927,4828207,5,280
chr19,4830415,4832192,24,1777
chr19,4837153,4837433,5,280
chr19,4841829,4842548,7,719
chr19,4851895,4852733,8,838
chr19,4867538,4868428,24,890
chr19,4870937,4872586,9,1649
chr19,4876203,4878672,23,2469
chr19,4880776,4881946,8,1170
chr19,4883397,4883429,5,32
chr19,4891879,4892173,5,294
chr19,4899870,4900233,6,363
chr19,4902675,4902938,6,263
chr19,4909446,4912211,101,2765
chr19,4918310,4918510,5,200
chr19,4931082,4933008,13,1926
chr19,4944420,4944466,5,46
chr19,4950432,4950876,5,444
chr19,4954843,4955145,7,302
chr19,4956684,4956838,7,154
chr19,4959846,4960420,7,574
chr19,4967785,4970556,70,2771
chr19,4974594,4975171,8,577
chr19,4977544,4977893,5,349
chr19,4983664,4984581,12,917
chr19,4985649,4986064,7,415
chr19,4988731,4988807,5,76
chr19,5004386,5004471,7,85
chr19,5011633,5013979,13,2346
chr19,5016854,5017037,6,183
chr19,5027302,5027601,5,299
chr19,5035466,5035823,10,357
chr19,5038076,5038513,16,437
chr19,5040883,5042007,15,1124
chr19,5046584,5049154,32,2570
chr19,5051780,5051936,5,156
chr19,5054703,5057349,22,2646
chr19,5063860,5064080,8,220
chr19,5065629,5067819,14,2190
chr19,5070546,5070733,10,187
chr19,5074449,5075281,7,832
chr19,5077377,5077515,9,138
chr19,5083543,5083938,11,395
chr19,5090921,5091552,5,631
chr19,5101641,5103386,22,1745
chr19,5104780,5105023,7,243
chr19,5110535,5111728,16,1193
chr19,5118315,5118562,6,247
chr19,5123399,5123510,5,111
chr19,5126406,5128917,25,2511
chr19,5130456,5131223,11,767
chr19,5136544,5137312,5,768
chr19,5141081,5145724,28,4643
chr19,5148064,5149188,14,1124
chr19,5151436,5154734,25,3298
chr19,5189171,5189415,6,244
chr19,5216610,5216736,5,126
chr19,5222541,5224290,29,1749
chr19,5231159,5231467,10,308
chr19,5236815,5237476,10,661
chr19,5239902,5240795,18,893
chr19,5244067,5245072,15,1005
chr19,5250406,5251546,15,1140
chr19,5257893,5257953,5,60
chr19,5281524,5281998,6,474
chr19,5292835,5294382,59,1547
chr19,5298139,5298658,9,519
chr19,5307841,5308902,5,1061
chr19,5313239,5313433,5,194
chr19,5319736,5320316,16,580
chr19,5322392,5322735,18,343
chr19,5335736,5336752,11,1016
chr19,5337976,5342520,94,4544
chr19,5343898,5344845,6,947
chr19,5360741,5361191,7,450
chr19,5395250,5396052,12,802
chr19,5413855,5413923,5,68
chr19,5420576,5421274,11,698
chr19,5437218,5438250,7,1032
chr19,5441514,5442906,11,1392
chr19,5455548,5457065,10,1517
chr19,5478393,5478507,7,114
chr19,5496673,5496916,6,243
chr19,5507479,5508850,13,1371
chr19,5510834,5513183,22,2349
chr19,5521946,5522482,6,536
chr19,5526885,5527173,6,288
chr19,5536465,5536835,20,370
chr19,5542933,5543394,5,461
chr19,5559241,5560705,10,1464
chr19,5563839,5564304,7,465
chr19,5567571,5568182,26,611
chr19,5582048,5583221,12,1173
chr19,5585884,5586342,15,458
chr19,5591072,5591944,11,872
chr19,5594113,5594476,9,363
chr19,5621532,5624060,91,2528
chr19,5656436,5656863,6,427
chr19,5661836,5663296,15,1460
chr19,5668193,5669018,11,825
chr19,5680172,5681401,43,1229
chr19,5684379,5687935,59,3556
chr19,5690136,5690465,26,329
chr19,5691503,5692068,22,565
chr19,5696600,5696732,11,132
chr19,5698165,5699440,21,1275
chr19,5703600,5704709,7,1109
chr19,5705780,5706028,7,248
chr19,5707624,5707893,12,269
chr19,5711887,5712035,10,148
chr19,5719447,5721091,82,1644
chr19,5740221,5740721,9,500
chr19,5744902,5745447,7,545
chr19,5750308,5751458,8,1150
chr19,5759706,5760486,8,780
chr19,5773872,5774128,5,256
chr19,5781267,5783872,17,2605
chr19,5789360,5791996,32,2636
chr19,5799299,5799511,15,212
chr19,5801474,5802932,13,1458
chr19,5803947,5805437,69,1490
chr19,5808238,5808495,7,257
chr19,5825101,5829454,87,4353
chr19,5833717,5834871,10,1154
chr19,5837690,5839044,18,1354
chr19,5881481,5882014,8,533
chr19,5891014,5892678,7,1664
chr19,5893693,5895311,25,1618
chr19,5896360,5897649,12,1289
chr19,5903857,5905070,29,1213
chr19,5908957,5910747,17,1790
chr19,5914458,5914582,6,124
chr19,5915608,5916088,5,480
chr19,5953761,5953953,6,192
chr19,5977648,5978764,80,1116
chr19,5993879,5994763,15,884
chr19,5995929,5997263,22,1334
chr19,5998433,5998760,12,327
chr19,6002703,6002797,6,94
chr19,6007887,6008061,8,174
chr19,6010166,6010230,6,64
chr19,6019235,6019786,6,551
chr19,6022297,6022595,6,298
chr19,6042026,6042115,6,89
chr19,6056974,6057867,10,893
chr19,6060956,6061688,7,732
chr19,6065571,6065716,5,145
chr19,6066776,6067521,7,745
chr19,6092012,6092983,7,971
chr19,6100651,6100711,5,60
chr19,6108836,6111050,61,2214
chr19,6145964,6146219,5,255
chr19,6200265,6201106,8,841
chr19,6207554,6207603,5,49
chr19,6210945,6213377,19,2432
chr19,6214904,6215221,6,317
chr19,6219627,6223400,28,3773
chr19,6228611,6228747,10,136
chr19,6232891,6233209,11,318
chr19,6234225,6234384,5,159
chr19,6236480,6236936,5,456
chr19,6239176,6239352,7,176
chr19,6240457,6241140,7,683
chr19,6245378,6245537,6,159
chr19,6246691,6246771,5,80
chr19,6249329,6249740,5,411
chr19,6261320,6262164,17,844
chr19,6265903,6266002,7,99
chr19,6269717,6271988,16,2271
chr19,6273102,6274799,35,1697
chr19,6279052,6280377,76,1325
chr19,6283977,6284325,11,348
chr19,6296284,6297163,5,879
chr19,6306736,6308349,8,1613
chr19,6310277,6311398,10,1121
chr19,6329931,6330882,5,951
chr19,6333179,6333630,5,451
chr19,6361612,6363787,46,2175
chr19,6371240,6375187,24,3947
chr19,6376198,6376618,9,420
chr19,6378346,6378805,6,459
chr19,6382092,6383882,6,1790
chr19,6385722,6386069,8,347
chr19,6387434,6388344,5,910
chr19,6392746,6393768,28,1022
chr19,6398149,6401271,19,3122
chr19,6411770,6412619,16,849
chr19,6414432,6418018,52,3586
chr19,6424119,6425809,52,1690
chr19,6441967,6442075,5,108
chr19,6459024,6459733,23,709
chr19,6461033,6461357,5,324
chr19,6464255,6464713,23,458
chr19,6471490,6471735,6,245
chr19,6475274,6475607,16,333
chr19,6477107,6477989,14,882
chr19,6481636,6481821,5,185
chr19,6483117,6483986,5,869
chr19,6495546,6496456,21,910
chr19,6497624,6498038,5,414
chr19,6501034,6502779,50,1745
chr19,6516744,6517918,23,1174
chr19,6528036,6529357,13,1321
chr19,6530748,6531817,33,1069
chr19,6551811,6552187,5,376
chr19,6557815,6557868,7,53
chr19,6590486,6593316,38,2830
chr19,6596222,6597835,22,1613
chr19,6657291,6657994,9,703
chr19,6661014,6661282,6,268
chr19,6688223,6688294,5,71
chr19,6696141,6696406,5,265
chr19,6697434,6697578,5,144
chr19,6707778,6707854,6,76
chr19,6709761,6710908,8,1147
chr19,6714306,6714861,8,555
chr19,6718031,6718476,8,445
chr19,6731448,6731970,9,522
chr19,6733305,6734296,7,991
chr19,6735418,6740970,92,5552
chr19,6743317,6743521,5,204
chr19,6744846,6746013,21,1167
chr19,6752566,6755282,56,2716
chr19,6758403,6758463,5,60
chr19,6766994,6769119,19,2125
chr19,6772850,6772919,5,69
chr19,6782779,6782882,6,103
chr19,6801219,6801397,6,178
chr19,6822333,6822369,5,36
chr19,6857154,6857245,6,91
chr19,6861010,6862291,14,1281
chr19,6865053,6866424,17,1371
chr19,6919125,6919984,6,859
chr19,6997657,6997890,5,233
chr19,7069236,7069956,25,720
chr19,7098807,7099648,34,841
chr19,7101051,7101616,9,565
chr19,7131855,7132660,8,805
chr19,7134110,7135002,8,892
chr19,7142832,7142982,8,150
chr19,7149746,7150133,6,387
chr19,7180846,7181033,5,187
chr19,7198279,7198672,20,393
chr19,7221072,7221230,8,158
chr19,7227568,7227688,5,120
chr19,7252971,7253398,14,427
chr19,7266242,7268348,36,2106
chr19,7277298,7277681,8,383
chr19,7290704,7290927,5,223
chr19,7291994,7295078,105,3084
chr19,7302591,7302641,5,50
chr19,7312234,7313206,8,972
chr19,7340705,7342863,14,2158
chr19,7394995,7395640,28,645
chr19,7407012,7407789,6,777
chr19,7410034,7410282,5,248
chr19,7423144,7423608,8,464
chr19,7440096,7440873,22,777
chr19,7448592,7448786,7,194
chr19,7462119,7462617,6,498
chr19,7470001,7470661,13,660
chr19,7474195,7474539,5,344
chr19,7477194,7477326,9,132
chr19,7478447,7479554,16,1107
chr19,7483012,7484663,16,1651
chr19,7488972,7489134,21,162
chr19,7500893,7501543,70,650
chr19,7504319,7506603,21,2284
chr19,7516022,7516472,34,450
chr19,7519355,7521081,46,1726
chr19,7522422,7522640,15,218
chr19,7533417,7536500,113,3083
chr19,7548992,7551729,39,2737
chr19,7554434,7556986,53,2552
chr19,7561972,7562151,5,179
chr19,7571742,7572290,8,548
chr19,7582691,7583048,6,357
chr19,7590612,7591115,11,503
chr19,7594940,7596955,45,2015
chr19,7603331,7604053,6,722
chr19,7605137,7605435,12,298
chr19,7608297,7609461,7,1164
chr19,7610888,7612770,17,1882
chr19,7615398,7615837,23,439
chr19,7619747,7621075,47,1328
chr19,7629380,7630232,13,852
chr19,7637120,7637794,34,674
chr19,7641768,7642508,17,740
chr19,7644678,7647557,26,2879
chr19,7652011,7652237,16,226
chr19,7658256,7659193,8,937
chr19,7662535,7662919,6,384
chr19,7668688,7669085,6,397
chr19,7670250,7670482,24,232
chr19,7674478,7674952,6,474
chr19,7677038,7677584,8,546
chr19,7680956,7681207,12,251
chr19,7689335,7690464,17,1129
chr19,7696074,7696192,7,118
chr19,7721867,7723032,10,1165
chr19,7730395,7732072,13,1677
chr19,7774139,7774679,6,540
chr19,7786273,7786333,5,60
chr19,7787352,7789282,19,1930
chr19,7790433,7790769,7,336
chr19,7796970,7799066,14,2096
chr19,7800133,7801090,20,957
chr19,7805476,7805951,10,475
chr19,7830290,7830692,41,402
chr19,7843992,7844256,7,264
chr19,7848962,7849274,18,312
chr19,7850631,7854003,16,3372
chr19,7855937,7858606,33,2669
chr19,7862098,7864854,65,2756
chr19,7867623,7869989,78,2366
chr19,7871834,7875527,75,3693
chr19,7885245,7885276,5,31
chr19,7888495,7888704,17,209
chr19,7892262,7893695,9,1433
chr19,7895063,7896030,7,967
chr19,7897262,7899883,16,2621
chr19,7902840,7904293,38,1453
chr19,7907380,7907668,10,288
chr19,7910385,7910467,6,82
chr19,7913277,7914325,12,1048
chr19,7916099,7921455,166,5356
chr19,7924637,7928052,101,3415
chr19,7930917,7934909,42,3992
chr19,7941478,7944712,38,3234
chr19,7950717,7953866,15,3149
chr19,7960062,7960199,5,137
chr19,7987039,7987271,6,232
chr19,8002575,8002664,6,89
chr19,8004677,8006061,69,1384
chr19,8022162,8023696,10,1534
chr19,8025735,8026795,11,1060
chr19,8030091,8031153,7,1062
chr19,8050164,8052059,25,1895
chr19,8055181,8056032,9,851
chr19,8062249,8063574,13,1325
chr19,8071902,8073150,8,1248
chr19,8085441,8086549,12,1108
chr19,8123816,8124630,18,814
chr19,8125992,8126923,6,931
chr19,8131047,8131603,10,556
chr19,8146304,8149859,47,3555
chr19,8161728,8162026,7,298
chr19,8169050,8170032,8,982
chr19,8171370,8172197,7,827
chr19,8180331,8180999,5,668
chr19,8190023,8190190,5,167
chr19,8207943,8210079,97,2136
chr19,8225866,8226111,6,245
chr19,8254247,8254521,6,274
chr19,8264895,8264995,6,100
chr19,8273724,8273768,5,44
chr19,8302267,8302849,5,582
chr19,8320989,8322052,59,1063
chr19,8329027,8329405,12,378
chr19,8333536,8336330,131,2794
chr19,8340857,8341018,6,161
chr19,8342452,8343625,47,1173
chr19,8347021,8348091,8,1070
chr19,8359466,8359625,10,159
chr19,8362737,8365093,19,2356
chr19,8366293,8366346,5,53
chr19,8367525,8367605,6,80
chr19,8375780,8375818,5,38
chr19,8377018,8377286,6,268
chr19,8389919,8393067,56,3148
chr19,8398983,8399045,6,62
chr19,8403776,8404000,9,224
chr19,8412735,8413577,26,842
chr19,8419632,8419985,5,353
chr19,8426043,8426668,6,625
chr19,8444604,8446765,69,2161
chr19,8480865,8480933,6,68
chr19,8488819,8490556,21,1737
chr19,8498353,8500308,17,1955
chr19,8504963,8506641,45,1678
chr19,8510854,8511786,24,932
chr19,8513074,8514323,32,1249
chr19,8551098,8551212,7,114
chr19,8554438,8555687,10,1249
chr19,8562150,8563601,11,1451
chr19,8576735,8577712,5,977
chr19,8580560,8581887,15,1327
chr19,8589727,8589894,5,167
chr19,8591905,8592928,20,1023
chr19,8605770,8606762,5,992
chr19,8609358,8610880,52,1522
chr19,8616947,8617671,8,724
chr19,8630323,8631264,7,941
chr19,8640183,8640562,6,379
chr19,8679861,8680068,5,207
chr19,8698575,8698750,8,175
chr19,8822700,8823201,7,501
chr19,8831887,8832659,29,772
chr19,8879576,8879804,7,228
chr19,8984067,8984919,6,852
chr19,9016724,9016987,5,263
chr19,9018395,9018539,11,144
chr19,9028449,9029024,5,575
chr19,9048986,9050199,6,1213
chr19,9054131,9054210,5,79
chr19,9060286,9060473,7,187
chr19,9081910,9083138,9,1228
chr19,9105063,9105131,5,68
chr19,9121421,9121779,5,358
chr19,9136517,9136557,5,40
chr19,9138300,9138448,7,148
chr19,9160380,9162597,37,2217
chr19,9200512,9200667,6,155
chr19,9221128,9221443,11,315
chr19,9254497,9255455,13,958
chr19,9259483,9261850,33,2367
chr19,9283736,9283867,9,131
chr19,9309597,9309726,16,129
chr19,9321369,9321511,11,142
chr19,9322620,9322792,6,172
chr19,9323987,9324515,23,528
chr19,9362595,9363221,17,626
chr19,9406949,9407081,7,132
chr19,9435379,9436261,24,882
chr19,9518231,9518770,7,539
chr19,9538291,9538631,16,340
chr19,9584088,9584697,30,609
chr19,9594941,9594990,5,49
chr19,9600446,9600773,8,327
chr19,9620764,9621567,24,803
chr19,9674439,9675627,32,1188
chr19,9700032,9700733,9,701
chr19,9767157,9769208,42,2051
chr19,9783892,9786529,24,2637
chr19,9792906,9793171,21,265
chr19,9802411,9803443,20,1032
chr19,9818450,9819469,55,1019
chr19,9826569,9828470,65,1901
chr19,9835206,9835779,21,573
chr19,9851786,9851934,6,148
chr19,9854169,9854448,10,279
chr19,9856816,9856896,7,80
chr19,9865954,9866131,7,177
chr19,9870703,9870961,9,258
chr19,9900141,9900536,5,395
chr19,9905381,9905603,6,222
chr19,9913160,9915610,97,2450
chr19,9930567,9930777,9,210
chr19,9936154,9937348,29,1194
chr19,9959418,9960652,12,1234
chr19,9966213,9966706,23,493
chr19,9991475,9992755,7,1280
chr19,9996662,9998476,7,1814
chr19,10006039,10006249,6,210
chr19,10010260,10010349,6,89
chr19,10013110,10013591,5,481
chr19,10027763,10028029,12,266
chr19,10049287,10049386,6,99
chr19,10061996,10062105,5,109
chr19,10083740,10083901,6,161
chr19,10085712,10087330,32,1618
chr19,10091277,10091624,10,347
chr19,10095461,10096764,31,1303
chr19,10101133,10102234,10,1101
chr19,10104890,10107165,65,2275
chr19,10113301,10113767,5,466
chr19,10115952,10116064,6,112
chr19,10118613,10119891,30,1278
chr19,10137909,10137979,8,70
chr19,10139800,10140039,10,239
chr19,10143815,10143913,5,98
chr19,10156376,10157202,6,826
chr19,10160004,10160172,5,168
chr19,10194422,10195073,35,651
chr19,10217541,10217733,8,192
chr19,10223951,10224028,9,77
chr19,10226653,10228266,18,1613
chr19,10230478,10231398,46,920
chr19,10237648,10238018,7,370
chr19,10240830,10240951,5,121
chr19,10242235,10243292,8,1057
chr19,10250811,10253619,39,2808
chr19,10256653,10259543,22,2890
chr19,10264540,10265313,5,773
chr19,10269268,10271272,56,2004
chr19,10273348,10276024,18,2676
chr19,10283909,10285296,16,1387
chr19,10286928,10292729,164,5801
chr19,10293862,10298479,66,4617
chr19,10299506,10299737,5,231
chr19,10309344,10312994,27,3650
chr19,10315376,10318655,37,3279
chr19,10320845,10321197,5,352
chr19,10328679,10328756,6,77
chr19,10332819,10335969,81,3150
chr19,10351860,10352407,9,547
chr19,10359894,10362103,16,2209
chr19,10364438,10365836,26,1398
chr19,10373873,10374814,8,941
chr19,10380209,10381598,22,1389
chr19,10384316,10385280,7,964
chr19,10387785,10388550,11,765
chr19,10402647,10406193,54,3546
chr19,10416535,10421027,108,4492
chr19,10424559,10425517,30,958
chr19,10430595,10432556,77,1961
chr19,10445443,10446384,5,941
chr19,10449100,10449452,5,352
chr19,10460178,10461511,14,1333
chr19,10466369,10468239,11,1870
chr19,10469934,10470642,5,708
chr19,10479279,10480768,14,1489
chr19,10481781,10483815,15,2034
chr19,10486203,10487580,10,1377
chr19,10491854,10492440,7,586
chr19,10494997,10495122,6,125
chr19,10502291,10504111,47,1820
chr19,10510403,10510493,7,90
chr19,10513883,10514292,21,409
chr19,10517318,10519523,36,2205
chr19,10520677,10522320,9,1643
chr19,10530642,10530748,5,106
chr19,10543900,10545466,46,1566
chr19,10546922,10547015,8,93
chr19,10553321,10554232,8,911
chr19,10557604,10557769,12,165
chr19,10564924,10566701,52,1777
chr19,10568357,10570255,47,1898
chr19,10571589,10573037,13,1448
chr19,10576252,10576423,5,171
chr19,10586379,10587402,15,1023
chr19,10598469,10598646,7,177
chr19,10602188,10603207,49,1019
chr19,10607285,10607918,5,633
chr19,10610524,10611135,6,611
chr19,10616353,10619287,17,2934
chr19,10625407,10626506,19,1099
chr19,10632967,10635027,11,2060
chr19,10653656,10655304,72,1648
chr19,10659430,10659486,6,56
chr19,10666577,10666848,5,271
chr19,10683729,10683872,9,143
chr19,10686715,10687665,9,950
chr19,10693282,10693871,7,589
chr19,10699314,10699786,9,472
chr19,10701164,10701778,29,614
chr19,10705604,10708826,26,3222
chr19,10713068,10714170,13,1102
chr19,10718139,10718557,23,418
chr19,10728044,10728136,5,92
chr19,10731290,10732290,6,1000
chr19,10735592,10735674,7,82
chr19,10750034,10750335,6,301
chr19,10764886,10767091,13,2205
chr19,10793804,10793867,6,63
chr19,10796598,10797220,12,622
chr19,10819739,10819863,5,124
chr19,10870414,10872353,141,1939
chr19,10892332,10892457,5,125
chr19,10897292,10899813,16,2521
chr19,10911011,10912004,9,993
chr19,10915987,10916091,5,104
chr19,10920887,10924320,20,3433
chr19,10927060,10929037,62,1977
chr19,10949668,10949987,10,319
chr19,10957365,10957644,8,279
chr19,10960050,10961608,71,1558
chr19,10966596,10967969,14,1373
chr19,10986274,10986954,11,680
chr19,10989175,10989365,5,190
chr19,10994424,10994485,5,61
chr19,11003063,11003265,7,202
chr19,11011285,11011385,5,100
chr19,11019563,11019798,11,235
chr19,11033537,11034167,14,630
chr19,11059966,11060203,14,237
chr19,11064315,11064914,5,599
chr19,11078716,11079776,7,1060
chr19,11089241,11093488,56,4247
chr19,11107782,11108335,6,553
chr19,11110559,11112201,17,1642
chr19,11140724,11140955,7,231
chr19,11142799,11143006,7,207
chr19,11155110,11155572,5,462
chr19,11159577,11161872,17,2295
chr19,11169657,11170022,7,365
chr19,11174595,11174764,10,169
chr19,11178386,11181035,24,2649
chr19,11191318,11191519,5,201
chr19,11193117,11195252,19,2135
chr19,11196863,11198032,50,1169
chr19,11201908,11202049,16,141
chr19,11215424,11215490,8,66
chr19,11217015,11218239,7,1224
chr19,11235602,11236968,13,1366
chr19,11262014,11263026,46,1012
chr19,11264596,11265070,7,474
chr19,11270967,11271069,5,102
chr19,11293143,11294448,29,1305
chr19,11314880,11315160,7,280
chr19,11319522,11320070,11,548
chr19,11323947,11324606,5,659
chr19,11339218,11339659,8,441
chr19,11345607,11347373,29,1766
chr19,11354823,11355702,32,879
chr19,11357540,11359719,7,2179
chr19,11361278,11361372,9,94
chr19,11374760,11375708,21,948
chr19,11381157,11384257,48,3100
chr19,11393734,11394585,9,851
chr19,11397181,11397558,7,377
chr19,11405110,11406476,20,1366
chr19,11418407,11419411,27,1004
chr19,11420640,11424118,32,3478
chr19,11426487,11427956,9,1469
chr19,11435425,11436294,27,869
chr19,11439723,11440538,10,815
chr19,11448728,11449403,6,675
chr19,11451006,11452888,19,1882
chr19,11457968,11458103,6,135
chr19,11462497,11462590,6,93
chr19,11467127,11467160,6,33
chr19,11479281,11483932,168,4651
chr19,11504994,11507711,16,2717
chr19,11520264,11520898,13,634
chr19,11528800,11529370,23,570
chr19,11536157,11536366,23,209
chr19,11538090,11540861,26,2771
chr19,11541888,11542353,5,465
chr19,11547321,11549593,26,2272
chr19,11550623,11552271,20,1648
chr19,11559017,11560234,24,1217
chr19,11566814,11567832,12,1018
chr19,11577186,11579979,48,2793
chr19,11584150,11584721,5,571
chr19,11595140,11596431,10,1291
chr19,11597441,11597999,40,558
chr19,11621999,11622210,5,211
chr19,11629215,11629664,5,449
chr19,11639546,11640127,7,581
chr19,11662279,11662645,17,366
chr19,11674264,11674373,8,109
chr19,11694352,11694823,34,471
chr19,11731034,11731226,6,192
chr19,11732297,11732566,10,269
chr19,11737890,11739318,12,1428
chr19,11748763,11748856,5,93
chr19,11766425,11767960,46,1535
chr19,11797649,11799143,34,1494
chr19,11814149,11814760,26,611
chr19,11820408,11820504,7,96
chr19,11848945,11849458,21,513
chr19,11858180,11858382,5,202
chr19,11879823,11881031,9,1208
chr19,11887856,11888037,8,181
chr19,11902143,11902277,5,134
chr19,11918706,11918988,5,282
chr19,11924325,11926481,30,2156
chr19,11964613,11965441,24,828
chr19,11987528,11988962,26,1434
chr19,12035669,12036802,27,1133
chr19,12051020,12052543,22,1523
chr19,12056408,12056972,16,564
chr19,12059564,12061235,9,1671
chr19,12064750,12065184,23,434
chr19,12091946,12094446,18,2500
chr19,12117793,12118185,9,392
chr19,12139691,12140494,28,803
chr19,12156330,12157836,28,1506
chr19,12161430,12163431,34,2001
chr19,12168768,12169887,12,1119
chr19,12194818,12195443,22,625
chr19,12237239,12237371,10,132
chr19,12257569,12257863,9,294
chr19,12294337,12296242,25,1905
chr19,12312809,12313047,6,238
chr19,12332852,12333487,18,635
chr19,12364299,12365694,36,1395
chr19,12400502,12401447,20,945
chr19,12406094,12406831,6,737
chr19,12412909,12413983,11,1074
chr19,12440293,12441419,14,1126
chr19,12483670,12485131,27,1461
chr19,12495197,12495953,33,756
chr19,12513398,12513751,14,353
chr19,12517592,12517686,6,94
chr19,12537662,12538025,7,363
chr19,12550580,12552146,32,1566
chr19,12555453,12556626,36,1173
chr19,12566998,12567058,5,60
chr19,12610737,12611504,20,767
chr19,12613118,12613304,6,186
chr19,12636220,12637127,8,907
chr19,12638589,12640450,20,1861
chr19,12642139,12642747,18,608
chr19,12643891,12644022,7,131
chr19,12648143,12648259,11,116
chr19,12656941,12657137,18,196
chr19,12658210,12658270,6,60
chr19,12660883,12661363,7,480
chr19,12662862,12663031,5,169
chr19,12664496,12664735,5,239
chr19,12666026,12667233,26,1207
chr19,12668785,12671276,45,2491
chr19,12680722,12682424,53,1702
chr19,12683525,12683737,5,212
chr19,12689582,12690154,13,572
chr19,12692521,12692614,6,93
chr19,12696109,12697613,31,1504
chr19,12700881,12702191,9,1310
chr19,12720860,12722784,46,1924
chr19,12724892,12725843,14,951
chr19,12734054,12734687,40,633
chr19,12736896,12737904,21,1008
chr19,12740038,12740601,6,563
chr19,12751822,12752776,10,954
chr19,12756999,12758133,24,1134
chr19,12760208,12761625,12,1417
chr19,12764382,12767795,19,3413
chr19,12768957,12769855,16,898
chr19,12771012,12771738,11,726
chr19,12775353,12775677,19,324
chr19,12777394,12778456,36,1062
chr19,12780902,12781412,8,510
chr19,12782513,12783495,35,982
chr19,12786375,12786649,6,274
chr19,12789035,12793920,162,4885
chr19,12800238,12802078,80,1840
chr19,12816790,12816997,6,207
chr19,12818458,12818785,5,327
chr19,12825888,12826415,15,527
chr19,12827953,12828320,7,367
chr19,12832639,12834194,58,1555
chr19,12835220,12836451,22,1231
chr19,12838287,12838685,22,398
chr19,12847989,12848679,13,690
chr19,12858406,12858477,6,71
chr19,12867546,12867991,14,445
chr19,12870105,12870518,20,413
chr19,12873346,12874860,57,1514
chr19,12880988,12882173,38,1185
chr19,12884991,12886107,68,1116
chr19,12891080,12891730,24,650
chr19,12896937,12897824,7,887
chr19,12906865,12907147,6,282
chr19,12918875,12919360,22,485
chr19,12929177,12930682,13,1505
chr19,12932997,12933724,30,727
chr19,12938813,12939219,11,406
chr19,12945015,12946029,30,1014
chr19,12956403,12957659,28,1256
chr19,12965139,12966175,29,1036
chr19,12971339,12971683,6,344
chr19,12983267,12983608,10,341
chr19,12995377,12996644,85,1267
chr19,12997797,12997846,5,49
chr19,13001322,13001475,10,153
chr19,13010020,13014444,110,4424
chr19,13017191,13018828,7,1637
chr19,13022551,13025550,64,2999
chr19,13036250,13036566,9,316
chr19,13058774,13061258,24,2484
chr19,13070703,13070734,5,31
chr19,13077268,13077347,5,79
chr19,13078706,13079731,9,1025
chr19,13081649,13082019,6,370
chr19,13087892,13088346,17,454
chr19,13092796,13092901,5,105
chr19,13096618,13099752,122,3134
chr19,13102495,13103308,41,813
chr19,13104445,13105583,28,1138
chr19,13107636,13107856,7,220
chr19,13115279,13119015,69,3736
chr19,13120818,13121584,6,766
chr19,13135345,13136253,8,908
chr19,13137254,13137714,21,460
chr19,13147389,13147922,8,533
chr19,13149268,13150388,36,1120
chr19,13151697,13156622,149,4925
chr19,13157824,13157914,5,90
chr19,13162029,13163130,10,1101
chr19,13167589,13167822,9,233
chr19,13172341,13172843,10,502
chr19,13174114,13174529,8,415
chr19,13178603,13178907,7,304
chr19,13187044,13187070,6,26
chr19,13194159,13194351,5,192
chr19,13203422,13203561,6,139
chr19,13207233,13208974,77,1741
chr19,13210527,13211329,10,802
chr19,13222153,13224541,9,2388
chr19,13226347,13227414,10,1067
chr19,13236164,13236284,8,120
chr19,13241521,13241646,6,125
chr19,13281302,13281456,5,154
chr19,13298580,13299236,77,656
chr19,13372293,13372719,5,426
chr19,13444860,13445900,7,1040
chr19,13459292,13459802,7,510
chr19,13505612,13507667,89,2055
chr19,13589384,13589610,5,226
chr19,13630618,13631453,9,835
chr19,13702699,13702732,5,33
chr19,13708665,13708706,5,41
chr19,13715207,13715379,11,172
chr19,13727122,13727360,5,238
chr19,13731071,13731661,13,590
chr19,13732672,13733090,9,418
chr19,13747492,13748718,43,1226
chr19,13758725,13759141,7,416
chr19,13762657,13763147,18,490
chr19,13764808,13765912,38,1104
chr19,13768556,13769530,7,974
chr19,13774389,13774975,36,586
chr19,13777932,13778757,6,825
chr19,13781266,13782041,8,775
chr19,13784775,13785648,8,873
chr19,13794126,13795676,33,1550
chr19,13799729,13799855,13,126
chr19,13804743,13805831,7,1088
chr19,13808663,13809386,17,723
chr19,13818226,13819456,14,1230
chr19,13830720,13831907,21,1187
chr19,13833345,13837156,40,3811
chr19,13839174,13839518,8,344
chr19,13841417,13843747,59,2330
chr19,13844907,13845433,5,526
chr19,13846725,13847842,18,1117
chr19,13849260,13850737,26,1477
chr19,13854569,13854824,6,255
chr19,13860307,13862631,25,2324
chr19,13864237,13866089,128,1852
chr19,13872856,13874925,51,2069
chr19,13877421,13878331,9,910
chr19,13879950,13881664,19,1714
chr19,13892899,13893191,6,292
chr19,13905904,13906701,32,797
chr19,13912377,13912635,5,258
chr19,13916355,13917397,5,1042
chr19,13923149,13923752,7,603
chr19,13927194,13927981,8,787
chr19,13930131,13931825,18,1694
chr19,13933004,13933357,7,353
chr19,13935729,13935802,5,73
chr19,13937824,13938523,16,699
chr19,13952419,13952850,33,431
chr19,13954251,13954370,5,119
chr19,13955706,13955868,5,162
chr19,13959320,13959454,7,134
chr19,13961516,13963508,66,1992
chr19,13965530,13965781,7,251
chr19,13966857,13967637,5,780
chr19,13971930,13972025,7,95
chr19,13978854,13979498,41,644
chr19,13983448,13985270,10,1822
chr19,13986498,13987175,11,677
chr19,14005508,14007077,68,1569
chr19,14028280,14028355,8,75
chr19,14031692,14032720,46,1028
chr19,14035368,14035488,6,120
chr19,14045049,14046020,6,971
chr19,14049869,14050114,5,245
chr19,14056692,14058039,28,1347
chr19,14062049,14062762,12,713
chr19,14070644,14070803,11,159
chr19,14071808,14076854,96,5046
chr19,14081154,14081740,32,586
chr19,14084689,14085716,13,1027
chr19,14088524,14092073,183,3549
chr19,14104261,14104787,7,526
chr19,14113115,14113984,9,869
chr19,14117372,14118425,50,1053
chr19,14128901,14129124,5,223
chr19,14130215,14131371,7,1156
chr19,14136329,14137892,41,1563
chr19,14143402,14143989,5,587
chr19,14148334,14149784,18,1450
chr19,14150997,14151562,13,565
chr19,14163938,14164774,5,836
chr19,14173807,14174093,6,286
chr19,14177661,14177705,5,44
chr19,14204573,14208908,103,4335
chr19,14211064,14212477,11,1413
chr19,14216824,14217889,23,1065
chr19,14220992,14223224,17,2232
chr19,14233879,14235655,10,1776
chr19,14246050,14250477,24,4427
chr19,14254080,14254777,6,697
chr19,14265297,14266708,25,1411
chr19,14277203,14277955,10,752
chr19,14284691,14284903,5,212
chr19,14289420,14289995,7,575
chr19,14306958,14307132,5,174
chr19,14333155,14333821,15,666
chr19,14347405,14348784,22,1379
chr19,14356254,14357002,7,748
chr19,14358848,14359198,5,350
chr19,14363062,14363638,9,576
chr19,14375933,14376780,13,847
chr19,14386303,14387932,11,1629
chr19,14389592,14389969,5,377
chr19,14400620,14402055,9,1435
chr19,14405182,14406214,10,1032
chr19,14407902,14409350,15,1448
chr19,14412637,14412788,5,151
chr19,14417343,14419634,52,2291
chr19,14420817,14421048,5,231
chr19,14432097,14434963,93,2866
chr19,14440281,14440490,5,209
chr19,14460529,14460648,6,119
chr19,14463890,14463966,5,76
chr19,14471422,14473769,56,2347
chr19,14475182,14475334,7,152
chr19,14476706,14479437,24,2731
chr19,14480484,14480568,5,84
chr19,14487424,14487890,5,466
chr19,14491792,14491867,5,75
chr19,14495907,14496666,42,759
chr19,14501304,14501905,5,601
chr19,14517623,14519317,79,1694
chr19,14527993,14529493,15,1500
chr19,14544619,14545377,5,758
chr19,14553683,14554397,11,714
chr19,14556784,14557848,12,1064
chr19,14561550,14562620,18,1070
chr19,14563653,14563871,8,218
chr19,14565725,14567624,22,1899
chr19,14572010,14572145,7,135
chr19,14689811,14690433,38,622
chr19,14746241,14746497,6,256
chr19,14758809,14759004,9,195
chr19,14776640,14776920,10,280
chr19,14979796,14980120,17,324
chr19,15010806,15011688,9,882
chr19,15021465,15021897,15,432
chr19,15026429,15026524,5,95
chr19,15072990,15073116,5,126
chr19,15082886,15083034,5,148
chr19,15091583,15091911,10,328
chr19,15107220,15107805,43,585
chr19,15109759,15110495,16,736
chr19,15113768,15114103,21,335
chr19,15115320,15115397,6,77
chr19,15125426,15125809,27,383
chr19,15130284,15130477,7,193
chr19,15160962,15162074,16,1112
chr19,15173346,15173546,6,200
chr19,15176582,15178720,33,2138
chr19,15195507,15196286,26,779
chr19,15199931,15201442,93,1511
chr19,15211574,15211633,5,59
chr19,15212775,15213431,5,656
chr19,15217477,15217612,8,135
chr19,15219794,15220933,11,1139
chr19,15222670,15223865,37,1195
chr19,15232534,15234344,37,1810
chr19,15309771,15310446,10,675
chr19,15312791,15313327,14,536
chr19,15315327,15316356,8,1029
chr19,15328961,15329064,5,103
chr19,15331231,15332425,77,1194
chr19,15333730,15333911,11,181
chr19,15346732,15347963,13,1231
chr19,15368550,15369141,14,591
chr19,15373191,15374167,6,976
chr19,15378061,15380472,94,2411
chr19,15401245,15401398,9,153
chr19,15418655,15419210,14,555
chr19,15424285,15424757,7,472
chr19,15427157,15428383,18,1226
chr19,15432107,15434182,50,2075
chr19,15439811,15440876,5,1065
chr19,15448174,15450082,47,1908
chr19,15452744,15453213,10,469
chr19,15456532,15458124,30,1592
chr19,15469537,15470389,22,852
chr19,15471716,15471872,9,156
chr19,15513465,15513525,6,60
chr19,15518573,15519191,7,618
chr19,15551238,15551397,9,159
chr19,15555245,15556410,11,1165
chr19,15583811,15585653,30,1842
chr19,15587885,15588217,5,332
chr19,15629145,15629427,12,282
chr19,15723364,15723605,6,241
chr19,15760206,15761094,15,888
chr19,15797590,15799231,10,1641
chr19,15827539,15828624,8,1085
chr19,15836517,15837096,27,579
chr19,15863631,15864503,11,872
chr19,15878838,15879814,8,976
chr19,15899652,15899879,17,227
chr19,15911713,15912039,22,326
chr19,16019650,16020418,10,768
chr19,16022438,16022882,5,444
chr19,16025055,16026660,12,1605
chr19,16067186,16067765,13,579
chr19,16070516,16070597,6,81
chr19,16076508,16077386,47,878
chr19,16086274,16087392,6,1118
chr19,16088450,16088998,10,548
chr19,16107048,16107939,5,891
chr19,16109184,16111684,46,2500
chr19,16125178,16125521,7,343
chr19,16127940,16128100,9,160
chr19,16129397,16129819,8,422
chr19,16132287,16132421,8,134
chr19,16157766,16158579,9,813
chr19,16182426,16182958,16,532
chr19,16185208,16186027,21,819
chr19,16197910,16198900,25,990
chr19,16239553,16239887,7,334
chr19,16258680,16259940,11,1260
chr19,16263229,16263832,7,603
chr19,16277718,16278687,7,969
chr19,16283495,16283830,19,335
chr19,16296564,16297184,7,620
chr19,16305743,16307084,21,1341
chr19,16310900,16311901,5,1001
chr19,16324453,16327306,127,2853
chr19,16332676,16333050,5,374
chr19,16335456,16335613,7,157
chr19,16343555,16344077,11,522
chr19,16350506,16350619,6,113
chr19,16363188,16364636,19,1448
chr19,16366736,16367615,11,879
chr19,16371020,16371946,9,926
chr19,16383295,16383931,5,636
chr19,16391533,16392280,12,747
chr19,16393573,16393926,10,353
chr19,16398019,16398307,5,288
chr19,16400875,16401119,9,244
chr19,16404620,16404727,6,107
chr19,16441328,16443988,16,2660
chr19,16446712,16447119,5,407
chr19,16470634,16472096,47,1462
chr19,16479307,16480158,10,851
chr19,16487428,16487465,6,37
chr19,16495150,16498039,20,2889
chr19,16503315,16503724,6,409
chr19,16507386,16507584,5,198
chr19,16512472,16513426,6,954
chr19,16516612,16516687,5,75
chr19,16519156,16519280,7,124
chr19,16530770,16531000,12,230
chr19,16533925,16534146,6,221
chr19,16541808,16542850,58,1042
chr19,16553725,16555116,23,1391
chr19,16565811,16566095,5,284
chr19,16569730,16570215,7,485
chr19,16571847,16573344,76,1497
chr19,16575975,16577839,41,1864
chr19,16597883,16598240,5,357
chr19,16627465,16628827,86,1362
chr19,16629855,16630061,7,206
chr19,16638198,16638452,6,254
chr19,16659613,16661952,65,2339
chr19,16719802,16720943,8,1141
chr19,16749200,16750385,11,1185
chr19,16806909,16807812,5,903
chr19,16829540,16829994,24,454
chr19,16851317,16851473,10,156
chr19,16861687,16864114,13,2427
chr19,16865517,16865577,7,60
chr19,16868932,16869706,5,774
chr19,16878416,16878879,7,463
chr19,16885514,16887324,10,1810
chr19,16889021,16889139,10,118
chr19,16892577,16894063,26,1486
chr19,16896265,16898026,43,1761
chr19,16906623,16906802,5,179
chr19,17009225,17011434,17,2209
chr19,17026537,17027202,35,665
chr19,17041395,17041892,10,497
chr19,17049944,17050072,8,128
chr19,17075162,17077316,27,2154
chr19,17099742,17099977,9,235
chr19,17107805,17108902,8,1097
chr19,17110021,17110207,7,186
chr19,17126727,17129356,8,2629
chr19,17135491,17135661,14,170
chr19,17172450,17172765,8,315
chr19,17173893,17175957,19,2064
chr19,17192794,17193074,14,280
chr19,17195300,17195432,7,132
chr19,17200646,17200844,5,198
chr19,17208980,17212985,34,4005
chr19,17215017,17215997,53,980
chr19,17225716,17226945,26,1229
chr19,17228304,17228784,11,480
chr19,17235370,17237503,69,2133
chr19,17239382,17240948,13,1566
chr19,17244057,17246927,82,2870
chr19,17249231,17249324,8,93
chr19,17254271,17254890,9,619
chr19,17263728,17264714,9,986
chr19,17268554,17270023,8,1469
chr19,17272498,17272740,6,242
chr19,17278114,17279471,8,1357
chr19,17281453,17282873,40,1420
chr19,17289024,17289705,18,681
chr19,17293285,17294887,14,1602
chr19,17303079,17303834,27,755
chr19,17305575,17306302,32,727
chr19,17308269,17310121,33,1852
chr19,17320079,17320390,6,311
chr19,17323642,17326057,32,2415
chr19,17328123,17329479,70,1356
chr19,17333880,17335295,56,1415
chr19,17336677,17338381,41,1704
chr19,17339605,17339839,5,234
chr19,17341976,17342360,6,384
chr19,17346084,17346866,10,782
chr19,17354146,17354489,6,343
chr19,17363641,17364013,8,372
chr19,17365502,17366184,14,682
chr19,17372333,17372549,6,216
chr19,17374188,17374237,5,49
chr19,17376535,17378953,17,2418
chr19,17390585,17391842,20,1257
chr19,17393823,17395067,17,1244
chr19,17397687,17397744,6,57
chr19,17414205,17414423,6,218
chr19,17419689,17420191,30,502
chr19,17425215,17425381,7,166
chr19,17448117,17449341,41,1224
chr19,17453887,17453995,5,108
chr19,17455396,17456875,16,1479
chr19,17458345,17458694,6,349
chr19,17462043,17462113,5,70
chr19,17468635,17471254,58,2619
chr19,17497219,17497596,20,377
chr19,17499183,17500716,10,1533
chr19,17510975,17512385,63,1410
chr19,17519238,17521262,16,2024
chr19,17523299,17523451,7,152
chr19,17527079,17527380,6,301
chr19,17539089,17540088,29,999
chr19,17542125,17542208,7,83
chr19,17545978,17546718,9,740
chr19,17550559,17552121,8,1562
chr19,17554753,17556495,41,1742
chr19,17563351,17563510,6,159
chr19,17577249,17578012,10,763
chr19,17614748,17614867,6,119
chr19,17616143,17616340,5,197
chr19,17630393,17630765,7,372
chr19,17634448,17635031,9,583
chr19,17646313,17647581,22,1268
chr19,17648827,17649114,7,287
chr19,17653887,17653919,5,32
chr19,17679895,17680410,21,515
chr19,17686759,17688463,21,1704
chr19,17690399,17690452,5,53
chr19,17694759,17694993,7,234
chr19,17712964,17714090,10,1126
chr19,17719163,17720941,50,1778
chr19,17725774,17729055,36,3281
chr19,17747855,17747964,16,109
chr19,17762887,17763650,6,763
chr19,17765212,17765529,6,317
chr19,17768648,17769403,7,755
chr19,17778266,17778803,11,537
chr19,17783327,17785758,17,2431
chr19,17791172,17791433,7,261
chr19,17792864,17793751,6,887
chr19,17794988,17795650,28,662
chr19,17807932,17808124,13,192
chr19,17820085,17820974,7,889
chr19,17826817,17827072,5,255
chr19,17840619,17843071,25,2452
chr19,17845978,17846308,11,330
chr19,17847602,17848237,23,635
chr19,17859275,17860736,35,1461
chr19,17869740,17870375,8,635
chr19,17871907,17874626,61,2719
chr19,17892025,17892716,10,691
chr19,17896632,17896740,6,108
chr19,17933274,17933780,10,506
chr19,17942785,17944725,20,1940
chr19,17946842,17949196,76,2354
chr19,17950318,17953118,92,2800
chr19,17954313,17956030,7,1717
chr19,17966716,17968168,35,1452
chr19,17973827,17975176,15,1349
chr19,17979357,17979601,7,244
chr19,17981141,17982056,10,915
chr19,17992798,17993540,12,742
chr19,17996969,17998644,20,1675
chr19,18000550,18004855,80,4305
chr19,18007495,18008407,58,912
chr19,18014088,18014796,5,708
chr19,18045726,18046412,5,686
chr19,18051649,18053398,33,1749
chr19,18058083,18058903,8,820
chr19,18061426,18062541,5,1115
chr19,18066295,18067585,8,1290
chr19,18069562,18069984,10,422
chr19,18072675,18072774,5,99
chr19,18074555,18075353,10,798
chr19,18086900,18087816,7,916
chr19,18097263,18099729,50,2466
chr19,18100923,18101218,5,295
chr19,18109828,18111290,50,1462
chr19,18117539,18118293,57,754
chr19,18122047,18123638,10,1591
chr19,18133879,18135913,9,2034
chr19,18138440,18138590,5,150
chr19,18141908,18142968,11,1060
chr19,18146625,18147721,25,1096
chr19,18152410,18154594,28,2184
chr19,18156913,18158210,12,1297
chr19,18161173,18162782,36,1609
chr19,18168407,18170037,35,1630
chr19,18174311,18174467,5,156
chr19,18179240,18180012,5,772
chr19,18186922,18191349,31,4427
chr19,18193039,18194657,62,1618
chr19,18195768,18196238,6,470
chr19,18202368,18204971,36,2603
chr19,18207654,18209344,23,1690
chr19,18215885,18215990,6,105
chr19,18223042,18226762,56,3720
chr19,18232939,18233744,30,805
chr19,18257757,18257986,16,229
chr19,18265776,18267292,15,1516
chr19,18268886,18269022,5,136
chr19,18279728,18280367,18,639
chr19,18281574,18282627,11,1053
chr19,18283958,18284173,6,215
chr19,18286426,18287989,11,1563
chr19,18291318,18293011,53,1693
chr19,18300014,18300223,6,209
chr19,18304655,18307575,26,2920
chr19,18308998,18309994,9,996
chr19,18311758,18312285,8,527
chr19,18314685,18315045,12,360
chr19,18317626,18318431,5,805
chr19,18322893,18323298,40,405
chr19,18340382,18340930,26,548
chr19,18343160,18343351,5,191
chr19,18344645,18345162,8,517
chr19,18348218,18349274,6,1056
chr19,18352196,18352336,5,140
chr19,18357502,18357600,5,98
chr19,18368965,18369999,14,1034
chr19,18374494,18375057,5,563
chr19,18386195,18386429,16,234
chr19,18388629,18388872,21,243
chr19,18396324,18397324,16,1000
chr19,18414450,18417838,58,3388
chr19,18419159,18420140,59,981
chr19,18423777,18424258,5,481
chr19,18428662,18429609,43,947
chr19,18433154,18438242,196,5088
chr19,18439644,18440602,9,958
chr19,18450448,18450923,10,475
chr19,18469249,18469436,10,187
chr19,18498298,18498640,5,342
chr19,18520528,18522674,65,2146
chr19,18537827,18538907,5,1080
chr19,18543356,18543720,16,364
chr19,18557288,18558516,17,1228
chr19,18560073,18560676,6,603
chr19,18562073,18562307,8,234
chr19,18570604,18572398,54,1794
chr19,18587508,18589632,67,2124
chr19,18594379,18597631,60,3252
chr19,18600323,18600461,5,138
chr19,18603051,18605372,21,2321
chr19,18606443,18607884,104,1441
chr19,18610613,18612954,54,2341
chr19,18631905,18632038,5,133
chr19,18636175,18637116,44,941
chr19,18649673,18650369,20,696
chr19,18659378,18659753,16,375
chr19,18664612,18665149,8,537
chr19,18667982,18669455,24,1473
chr19,18672558,18672762,7,204
chr19,18683584,18684008,26,424
chr19,18695805,18696091,7,286
chr19,18699498,18701207,8,1709
chr19,18711327,18711663,12,336
chr19,18719444,18719890,11,446
chr19,18743741,18746566,28,2825
chr19,18757530,18758314,8,784
chr19,18761308,18762295,5,987
chr19,18764135,18764336,10,201
chr19,18775067,18779280,74,4213
chr19,18783758,18791718,189,7960
chr19,18795613,18796710,16,1097
chr19,18798770,18799231,6,461
chr19,18808212,18808318,7,106
chr19,18831766,18833059,31,1293
chr19,18838572,18839184,8,612
chr19,18840207,18841813,7,1606
chr19,18850010,18852796,17,2786
chr19,18854050,18854530,5,480
chr19,18856274,18858128,11,1854
chr19,18862956,18864409,21,1453
chr19,18866963,18870938,127,3975
chr19,18882489,18882778,7,289
chr19,18884260,18884597,7,337
chr19,18894286,18896542,70,2256
chr19,18903612,18904058,7,446
chr19,18909050,18909129,7,79
chr19,18915425,18915511,6,86
chr19,18919337,18919968,33,631
chr19,18922279,18922458,9,179
chr19,18924394,18925509,19,1115
chr19,18926997,18927788,6,791
chr19,18932967,18933009,5,42
chr19,18938116,18938319,5,203
chr19,18940186,18941367,56,1181
chr19,18952717,18953225,9,508
chr19,18961523,18963405,20,1882
chr19,18971558,18971765,6,207
chr19,19007646,19009004,8,1358
chr19,19010127,19010199,7,72
chr19,19029469,19029550,6,81
chr19,19032943,19034884,76,1941
chr19,19063631,19063679,5,48
chr19,19064956,19065254,10,298
chr19,19068539,19068694,6,155
chr19,19097277,19097439,5,162
chr19,19106793,19106887,7,94
chr19,19110267,19110686,19,419
chr19,19137610,19138600,19,990
chr19,19141412,19141464,5,52
chr19,19145037,19146227,16,1190
chr19,19147722,19148804,9,1082
chr19,19160595,19160677,6,82
chr19,19163058,19163540,7,482
chr19,19170401,19170658,6,257
chr19,19182640,19182716,8,76
chr19,19188220,19188496,6,276
chr19,19191541,19192954,42,1413
chr19,19203121,19205364,36,2243
chr19,19211987,19212498,14,511
chr19,19213856,19215326,9,1470
chr19,19224466,19225626,26,1160
chr19,19228418,19229122,5,704
chr19,19238318,19239227,9,909
chr19,19243963,19244821,7,858
chr19,19247354,19248882,12,1528
chr19,19258164,19258660,18,496
chr19,19260840,19263642,46,2802
chr19,19272747,19273401,35,654
chr19,19280896,19280939,5,43
chr19,19297075,19297235,10,160
chr19,19298585,19299884,9,1299
chr19,19308589,19309994,12,1405
chr19,19312846,19314030,6,1184
chr19,19320677,19322556,30,1879
chr19,19325582,19326093,6,511
chr19,19344885,19345218,6,333
chr19,19348400,19348510,5,110
chr19,19353870,19354858,7,988
chr19,19361143,19361481,6,338
chr19,19384419,19386770,66,2351
chr19,19405427,19406564,84,1137
chr19,19501150,19503079,10,1929
chr19,19512765,19516387,97,3622
chr19,19522236,19522571,6,335
chr19,19528928,19529266,13,338
chr19,19534779,19535102,12,323
chr19,19537341,19538698,47,1357
chr19,19539957,19545627,123,5670
chr19,19546628,19546852,8,224
chr19,19554337,19554555,9,218
chr19,19561708,19562416,5,708
chr19,19564933,19565093,5,160
chr19,19609473,19610579,12,1106
chr19,19618015,19618053,5,38
chr19,19627607,19630028,93,2421
chr19,19634919,19635091,5,172
chr19,19636925,19638216,14,1291
chr19,19642571,19643911,8,1340
chr19,19647708,19647785,8,77
chr19,19649886,19650714,6,828
chr19,19652620,19652716,7,96
chr19,19657025,19657279,9,254
chr19,19663271,19665669,68,2398
chr19,19667785,19668952,18,1167
chr19,19670401,19671660,12,1259
chr19,19699286,19699339,5,53
chr19,19720893,19721050,5,157
chr19,19732535,19733682,34,1147
chr19,19740121,19741036,16,915
chr19,19760998,19761712,8,714
chr19,19785572,19785656,6,84
chr19,19796041,19796496,5,455
chr19,19815184,19815323,6,139
chr19,19821194,19822085,20,891
chr19,19860822,19860994,10,172
chr19,19865797,19866820,15,1023
chr19,19900912,19902829,24,1917
chr19,19929862,19930014,6,152
chr19,20039113,20040409,20,1296
chr19,20068093,20068288,5,195
chr19,20072679,20073046,8,367
chr19,20078120,20078840,15,720
chr19,20144079,20144111,5,32
chr19,20150130,20150873,6,743
chr19,20166431,20167951,18,1520
chr19,20237877,20238418,10,541
chr19,20260451,20260624,6,173
chr19,20284500,20284638,5,138
chr19,20290167,20290261,8,94
chr19,20312842,20313737,10,895
chr19,20355742,20355981,5,239
chr19,20362621,20363178,6,557
chr19,20371715,20371928,5,213
chr19,20423412,20424261,14,849
chr19,20565037,20565769,12,732
chr19,20611427,20611702,6,275
chr19,20613896,20614204,6,308
chr19,20659996,20661589,23,1593
chr19,20776474,20776836,10,362
chr19,20923237,20923910,8,673
chr19,20999826,21001338,14,1512
chr19,21020647,21021355,13,708
chr19,21068942,21069353,8,411
chr19,21082462,21082626,12,164
chr19,21141681,21142161,10,480
chr19,21211738,21211782,6,44
chr19,21328610,21329019,9,409
chr19,21358264,21361230,30,2966
chr19,21396420,21397320,7,900
chr19,21464318,21465626,14,1308
chr19,21474834,21475435,22,601
chr19,21505620,21506929,18,1309
chr19,21585659,21586867,38,1208
chr19,21678056,21678298,12,242
chr19,21697333,21697906,8,573
chr19,21708056,21708105,5,49
chr19,21709644,21709704,5,60
chr19,21750907,21750948,5,41
chr19,21766851,21767557,7,706
chr19,21828771,21828905,8,134
chr19,21834683,21836019,20,1336
chr19,21851398,21852084,24,686
chr19,21856416,21856728,8,312
chr19,21940956,21940986,6,30
chr19,22010109,22010922,5,813
chr19,22214965,22216359,9,1394
chr19,22286405,22286878,7,473
chr19,22367947,22368131,7,184
chr19,22416068,22416497,12,429
chr19,22422023,22422324,12,301
chr19,22427367,22428698,28,1331
chr19,22441342,22441983,8,641
chr19,22517391,22518365,39,974
chr19,22519666,22519776,7,110
chr19,22525298,22525657,9,359
chr19,22539898,22542083,15,2185
chr19,22595627,22596064,9,437
chr19,22601537,22601657,5,120
chr19,22617827,22617985,11,158
chr19,22622613,22624289,18,1676
chr19,22634310,22634485,7,175
chr19,22689539,22689633,6,94
chr19,22709085,22709502,15,417
chr19,22766632,22766744,6,112
chr19,22782732,22784485,30,1753
chr19,22806522,22807800,35,1278
chr19,22831832,22832543,17,711
chr19,22893854,22893969,11,115
chr19,22901593,22901780,5,187
chr19,23002987,23003844,19,857
chr19,23070385,23071442,26,1057
chr19,23074800,23075824,27,1024
chr19,23116716,23117187,14,471
chr19,23134357,23134462,6,105
chr19,23160896,23161283,5,387
chr19,23191674,23192826,8,1152
chr19,23197800,23198084,9,284
chr19,23203875,23204714,26,839
chr19,23248792,23250572,30,1780
chr19,23273829,23274921,40,1092
chr19,23289984,23290410,10,426
chr19,23374453,23375320,5,867
chr19,23384351,23384857,5,506
chr19,23395137,23396975,25,1838
chr19,23415980,23416078,7,98
chr19,23470356,23471472,31,1116
chr19,23512349,23512642,7,293
chr19,23571982,23572068,6,86
chr19,23624338,23625754,6,1416
chr19,23686514,23687367,22,853
chr19,23708296,23708608,5,312
chr19,23719019,23719647,7,628
chr19,23758265,23758900,26,635
chr19,23763194,23763424,16,230
chr19,23790159,23790292,5,133
chr19,23914495,23915355,31,860
chr19,23964246,23964525,5,279
chr19,23971511,23972606,10,1095
chr19,24011691,24011910,9,219
chr19,24033049,24033780,24,731
chr19,27747192,27747275,8,83
chr19,27752794,27753803,5,1009
chr19,27793933,27794044,7,111
chr19,27802313,27802421,6,108
chr19,27806429,27806657,6,228
chr19,27851022,27851368,20,346
chr19,27910715,27911324,6,609
chr19,28104571,28104702,5,131
chr19,28727159,28727716,33,557
chr19,28793359,28794079,76,720
chr19,28827003,28827554,6,551
chr19,28888277,28888451,8,174
chr19,29050493,29050894,6,401
chr19,29087618,29088405,6,787
chr19,29093082,29093105,5,23
chr19,29212847,29213407,34,560
chr19,29311458,29312235,8,777
chr19,29439999,29440613,8,614
chr19,29515867,29516215,6,348
chr19,29524961,29529873,142,4912
chr19,29538008,29538319,5,311
chr19,29562557,29562637,5,80
chr19,29606225,29606620,23,395
chr19,29639054,29640106,8,1052
chr19,29644053,29644990,9,937
chr19,29664614,29665817,57,1203
chr19,29678497,29679420,7,923
chr19,29697211,29697701,7,490
chr19,29715035,29715710,36,675
chr19,29723732,29724929,36,1197
chr19,29752893,29755220,8,2327
chr19,29771537,29771923,6,386
chr19,29775673,29775995,7,322
chr19,29781715,29781849,5,134
chr19,29796145,29796560,6,415
chr19,29811295,29812651,120,1356
chr19,29842779,29845348,56,2569
chr19,29872609,29875216,65,2607
chr19,29942238,29942761,38,523
chr19,29989484,29989516,5,32
chr19,30062835,30065253,16,2418
chr19,30071391,30072389,27,998
chr19,30087642,30088190,8,548
chr19,30091105,30091608,5,503
chr19,30102869,30103375,9,506
chr19,30115111,30115766,5,655
chr19,30117198,30118265,10,1067
chr19,30122915,30123003,5,88
chr19,30150653,30150915,5,262
chr19,30153736,30153930,6,194
chr19,30166502,30167484,7,982
chr19,30213094,30214025,11,931
chr19,30222520,30228752,199,6232
chr19,30235419,30236240,6,821
chr19,30253677,30253736,6,59
chr19,30256396,30256787,5,391
chr19,30264187,30264892,5,705
chr19,30282404,30282475,5,71
chr19,30319129,30319205,5,76
chr19,30373753,30375679,90,1926
chr19,30444894,30445683,15,789
chr19,30449979,30451494,10,1515
chr19,30479184,30480464,6,1280
chr19,30498865,30498905,5,40
chr19,30548591,30549371,10,780
chr19,30566666,30567009,7,343
chr19,30570307,30570412,6,105
chr19,30576240,30577154,6,914
chr19,30615007,30615039,5,32
chr19,30631148,30631386,5,238
chr19,30666346,30666504,6,158
chr19,30669312,30669434,5,122
chr19,30682703,30683189,11,486
chr19,30690207,30691955,10,1748
chr19,30696197,30696525,7,328
chr19,30718575,30719784,28,1209
chr19,30740433,30740616,6,183
chr19,30848244,30848348,5,104
chr19,30860884,30862668,7,1784
chr19,30920351,30920699,10,348
chr19,31076349,31076839,5,490
chr19,31096000,31096286,9,286
chr19,31109221,31112350,8,3129
chr19,31145075,31145737,8,662
chr19,31149320,31150274,18,954
chr19,31273990,31275181,6,1191
chr19,31286658,31286866,6,208
chr19,31299051,31299181,6,130
chr19,31301627,31301929,5,302
chr19,31303221,31303370,7,149
chr19,31348454,31351767,218,3313
chr19,31353472,31355162,16,1690
chr19,31502956,31503041,5,85
chr19,31516530,31517595,9,1065
chr19,31631356,31632778,8,1422
chr19,31783018,31783323,12,305
chr19,31839671,31840262,6,591
chr19,32070216,32070332,5,116
chr19,32181633,32181786,5,153
chr19,32221156,32221216,5,60
chr19,32223988,32224800,37,812
chr19,32310092,32310887,13,795
chr19,32345508,32346367,31,859
chr19,32402535,32402601,5,66
chr19,32405207,32406274,89,1067
chr19,32515183,32515309,6,126
chr19,32523239,32523431,5,192
chr19,32550197,32550463,5,266
chr19,32562036,32562099,5,63
chr19,32580574,32581816,35,1242
chr19,32657387,32657579,8,192
chr19,32674509,32677983,95,3474
chr19,32691902,32692227,37,325
chr19,32708073,32708299,5,226
chr19,32719098,32719835,21,737
chr19,32720912,32721047,14,135
chr19,32733992,32734052,5,60
chr19,32824883,32825329,6,446
chr19,32864579,32864909,5,330
chr19,32868154,32868925,7,771
chr19,32881454,32881630,5,176
chr19,32889721,32889864,5,143
chr19,32971159,32972293,45,1134
chr19,33000458,33000543,5,85
chr19,33002359,33003886,6,1527
chr19,33007986,33008076,5,90
chr19,33063677,33066821,57,3144
chr19,33081047,33081277,16,230
chr19,33108037,33108147,5,110
chr19,33109960,33110052,6,92
chr19,33132166,33132259,10,93
chr19,33134636,33134697,8,61
chr19,33144155,33144918,11,763
chr19,33163732,33164706,7,974
chr19,33176546,33177807,43,1261
chr19,33187435,33187686,5,251
chr19,33194211,33196029,79,1818
chr19,33206423,33206743,6,320
chr19,33217476,33221884,40,4408
chr19,33225469,33227357,59,1888
chr19,33230388,33230553,9,165
chr19,33235293,33236257,16,964
chr19,33240555,33242129,5,1574
chr19,33249186,33249525,14,339
chr19,33266972,33268053,8,1081
chr19,33270307,33270422,5,115
chr19,33280822,33282217,9,1395
chr19,33284544,33284864,5,320
chr19,33293053,33293962,6,909
chr19,33298279,33299073,7,794
chr19,33301081,33304661,165,3580
chr19,33372222,33374084,58,1862
chr19,33389308,33390824,10,1516
chr19,33393197,33394476,23,1279
chr19,33402273,33402942,6,669
chr19,33407781,33407920,5,139
chr19,33411712,33411761,5,49
chr19,33417980,33418085,6,105
chr19,33426661,33426991,6,330
chr19,33435028,33435288,12,260
chr19,33446415,33448198,11,1783
chr19,33467917,33468192,8,275
chr19,33470819,33471990,6,1171
chr19,33486990,33487177,7,187
chr19,33491374,33492312,9,938
chr19,33495814,33496338,5,524
chr19,33505295,33505488,6,193
chr19,33509153,33509234,5,81
chr19,33512610,33512658,5,48
chr19,33521151,33522113,42,962
chr19,33621205,33624138,168,2933
chr19,33630975,33632202,5,1227
chr19,33675863,33676598,6,735
chr19,33684146,33684992,15,846
chr19,33687484,33687831,7,347
chr19,33689138,33689259,6,121
chr19,33699704,33700140,5,436
chr19,33752193,33752558,6,365
chr19,33755400,33755658,5,258
chr19,33772205,33773206,21,1001
chr19,33777371,33778226,9,855
chr19,33779315,33779785,8,470
chr19,33781040,33781314,8,274
chr19,33794882,33798506,169,3624
chr19,33806933,33806994,6,61
chr19,33809004,33809410,5,406
chr19,33819595,33821129,62,1534
chr19,33878995,33881183,10,2188
chr19,33905372,33906882,61,1510
chr19,33944291,33944384,6,93
chr19,34030731,34030996,10,265
chr19,34047859,34047919,6,60
chr19,34067113,34067652,13,539
chr19,34095700,34096684,11,984
chr19,34128045,34128479,7,434
chr19,34134499,34135497,20,998
chr19,34171953,34173348,62,1395
chr19,34251607,34252225,7,618
chr19,34253859,34256339,49,2480
chr19,34286553,34286661,8,108
chr19,34347851,34347960,7,109
chr19,34359235,34360043,35,808
chr19,34364629,34366099,44,1470
chr19,34404016,34405830,23,1814
chr19,34428226,34428857,36,631
chr19,34453616,34453736,6,120
chr19,34481150,34482719,129,1569
chr19,34498303,34502047,32,3744
chr19,34557504,34558401,13,897
chr19,34577277,34577710,14,433
chr19,34667629,34668293,13,664
chr19,34677318,34678387,63,1069
chr19,34733833,34734382,43,549
chr19,34772744,34773260,26,516
chr19,34832644,34833269,24,625
chr19,34838921,34839276,17,355
chr19,34904870,34905613,30,743
chr19,34926917,34927130,15,213
chr19,34963779,34964051,10,272
chr19,34973230,34974017,11,787
chr19,34999425,35001065,84,1640
chr19,35009168,35009981,8,813
chr19,35029468,35032230,83,2762
chr19,35036813,35037478,7,665
chr19,35040331,35041661,25,1330
chr19,35046305,35046897,6,592
chr19,35059653,35060634,15,981
chr19,35066300,35066366,6,66
chr19,35071767,35072197,5,430
chr19,35078623,35080757,12,2134
chr19,35090033,35091080,14,1047
chr19,35098371,35099088,11,717
chr19,35109686,35109906,6,220
chr19,35112345,35113452,7,1107
chr19,35114708,35115498,9,790
chr19,35118692,35119508,7,816
chr19,35126407,35126712,12,305
chr19,35139186,35139664,13,478
chr19,35143286,35143638,21,352
chr19,35153830,35155801,47,1971
chr19,35224745,35224861,5,116
chr19,35248043,35250638,77,2595
chr19,35254752,35255900,6,1148
chr19,35267134,35269999,138,2865
chr19,35290094,35290410,8,316
chr19,35295221,35296029,16,808
chr19,35299370,35300262,19,892
chr19,35330731,35331346,5,615
chr19,35336229,35336353,5,124
chr19,35337851,35338722,21,871
chr19,35340790,35341873,6,1083
chr19,35346186,35347559,13,1373
chr19,35350330,35352968,30,2638
chr19,35448896,35449618,8,722
chr19,35460304,35461591,6,1287
chr19,35494503,35495720,14,1217
chr19,35509615,35511006,11,1391
chr19,35533608,35534058,13,450
chr19,35544911,35546970,74,2059
chr19,35550863,35551352,8,489
chr19,35556914,35557094,9,180
chr19,35558357,35558832,34,475
chr19,35612874,35613441,7,567
chr19,35628645,35629363,18,718
chr19,35642129,35644860,82,2731
chr19,35647634,35648891,22,1257
chr19,35665454,35665553,5,99
chr19,35671318,35671543,6,225
chr19,35673314,35674339,24,1025
chr19,35675442,35676283,11,841
chr19,35691389,35692162,11,773
chr19,35702179,35702721,7,542
chr19,35716213,35722691,144,6478
chr19,35723865,35723957,5,92
chr19,35728115,35729003,15,888
chr19,35737153,35737244,5,91
chr19,35740314,35741837,51,1523
chr19,35743163,35746716,48,3553
chr19,35747742,35749394,31,1652
chr19,35755155,35758760,84,3605
chr19,35775415,35776045,30,630
chr19,35784218,35785064,18,846
chr19,35806723,35806995,8,272
chr19,35812429,35812798,9,369
chr19,35817659,35817878,9,219
chr19,35827388,35828916,15,1528
chr19,35845374,35845976,21,602
chr19,35856525,35856890,20,365
chr19,35859905,35863796,50,3891
chr19,35868348,35869775,38,1427
chr19,35870903,35871281,7,378
chr19,35877107,35877413,5,306
chr19,35898587,35900757,40,2170
chr19,35918643,35919473,5,830
chr19,35931488,35931828,30,340
chr19,35935446,35936877,35,1431
chr19,35940068,35940128,5,60
chr19,35944934,35945288,13,354
chr19,35959187,35960278,51,1091
chr19,35986280,35987464,8,1184
chr19,35992668,35998067,64,5399
chr19,36004717,36005343,7,626
chr19,36008622,36009627,23,1005
chr19,36032447,36033164,22,717
chr19,36054245,36055336,67,1091
chr19,36113913,36115710,36,1797
chr19,36124345,36124636,5,291
chr19,36127385,36128515,26,1130
chr19,36136254,36136655,5,401
chr19,36139303,36141119,37,1816
chr19,36143719,36144264,5,545
chr19,36151963,36152726,13,763
chr19,36189617,36189926,6,309
chr19,36214389,36214641,13,252
chr19,36244309,36245946,45,1637
chr19,36255504,36258366,52,2862
chr19,36266285,36267834,35,1549
chr19,36272210,36272254,6,44
chr19,36326114,36326555,5,441
chr19,36331566,36332101,15,535
chr19,36341835,36342146,8,311
chr19,36377702,36379604,33,1902
chr19,36417731,36418658,31,927
chr19,36421231,36421978,28,747
chr19,36487014,36489952,28,2938
chr19,36528317,36528622,12,305
chr19,36529687,36529928,10,241
chr19,36570072,36571412,5,1340
chr19,36573298,36574669,23,1371
chr19,36575740,36575941,5,201
chr19,36578406,36578701,9,295
chr19,36591577,36592368,9,791
chr19,36604904,36605573,34,669
chr19,36666295,36667742,41,1447
chr19,36687379,36688041,33,662
chr19,36770439,36773384,34,2945
chr19,36775758,36776682,8,924
chr19,36790931,36791008,5,77
chr19,36795823,36797908,67,2085
chr19,36838235,36838421,7,186
chr19,36850094,36850359,20,265
chr19,36915721,36916462,19,741
chr19,36972621,36973772,35,1151
chr19,37007719,37008048,30,329
chr19,37010002,37010670,13,668
chr19,37012922,37015566,18,2644
chr19,37057167,37057925,6,758
chr19,37059143,37059589,13,446
chr19,37078093,37078638,41,545
chr19,37193019,37193694,6,675
chr19,37217773,37217954,5,181
chr19,37221665,37221812,6,147
chr19,37228121,37228202,6,81
chr19,37239885,37240015,5,130
chr19,37252076,37252126,6,50
chr19,37293459,37293542,6,83
chr19,37303603,37307092,61,3489
chr19,37312867,37312919,5,52
chr19,37316257,37317987,34,1730
chr19,37334107,37334839,15,732
chr19,37403643,37403755,9,112
chr19,37448656,37448724,9,68
chr19,37466878,37469512,58,2634
chr19,37506591,37506934,7,343
chr19,37548493,37548907,23,414
chr19,37550623,37551479,28,856
chr19,37577887,37577988,6,101
chr19,37594654,37595151,17,497
chr19,37629573,37629689,5,116
chr19,37654740,37655622,27,882
chr19,37692049,37692298,17,249
chr19,37719281,37719790,27,509
chr19,37779447,37779906,8,459
chr19,37788773,37789780,9,1007
chr19,37791658,37791939,6,281
chr19,37817623,37817755,11,132
chr19,37844693,37845050,5,357
chr19,37854001,37855927,32,1926
chr19,37906104,37907603,99,1499
chr19,37921016,37921229,7,213
chr19,37932757,37932960,5,203
chr19,38006719,38007409,7,690
chr19,38023982,38024534,5,552
chr19,38028484,38028849,6,365
chr19,38037249,38037393,5,144
chr19,38062956,38063722,6,766
chr19,38081954,38083027,51,1073
chr19,38088846,38088967,5,121
chr19,38157832,38159261,5,1429
chr19,38173026,38173627,8,601
chr19,38195809,38195928,5,119
chr19,38201569,38202104,15,535
chr19,38207102,38207767,13,665
chr19,38209438,38212147,38,2709
chr19,38217327,38219021,22,1694
chr19,38220045,38220142,5,97
chr19,38222454,38225102,44,2648
chr19,38228486,38229820,73,1334
chr19,38233581,38234180,8,599
chr19,38243300,38243420,6,120
chr19,38247516,38247699,8,183
chr19,38251089,38251634,13,545
chr19,38252798,38253215,11,417
chr19,38255270,38257221,46,1951
chr19,38261782,38261852,8,70
chr19,38264430,38265007,31,577
chr19,38266300,38267315,9,1015
chr19,38283605,38283934,9,329
chr19,38286169,38287974,7,1805
chr19,38290247,38291961,14,1714
chr19,38295609,38296085,6,476
chr19,38300441,38304418,23,3977
chr19,38305454,38305791,10,337
chr19,38308205,38309541,15,1336
chr19,38314980,38316234,25,1254
chr19,38319775,38320651,39,876
chr19,38326855,38326936,5,81
chr19,38335813,38337150,36,1337
chr19,38345567,38345983,5,416
chr19,38361752,38362831,66,1079
chr19,38374659,38375039,36,380
chr19,38385780,38389353,100,3573
chr19,38394864,38396175,54,1311
chr19,38403479,38404193,22,714
chr19,38407559,38408775,7,1216
chr19,38417934,38418514,7,580
chr19,38426042,38426357,6,315
chr19,38434656,38434904,5,248
chr19,38465486,38466643,15,1157
chr19,38473582,38473682,10,100
chr19,38477821,38478468,6,647
chr19,38497215,38497293,9,78
chr19,38499682,38499799,8,117
chr19,38504769,38504892,5,123
chr19,38506366,38507509,13,1143
chr19,38510721,38511017,6,296
chr19,38524579,38526217,7,1638
chr19,38527394,38527689,8,295
chr19,38536404,38537189,9,785
chr19,38543782,38544141,14,359
chr19,38564610,38566277,55,1667
chr19,38576724,38576978,6,254
chr19,38579815,38581267,8,1452
chr19,38584877,38585129,8,252
chr19,38596220,38596414,11,194
chr19,38601482,38601541,5,59
chr19,38618636,38619385,28,749
chr19,38637699,38638096,5,397
chr19,38640177,38640235,5,58
chr19,38647027,38647958,32,931
chr19,38649025,38649515,6,490
chr19,38663119,38663471,12,352
chr19,38678161,38678824,5,663
chr19,38689863,38690320,5,457
chr19,38708231,38708436,5,205
chr19,38717101,38717249,9,148
chr19,38722915,38723651,7,736
chr19,38726492,38731166,31,4674
chr19,38736100,38737667,53,1567
chr19,38770016,38770069,5,53
chr19,38779743,38780420,8,677
chr19,38792354,38793056,34,702
chr19,38803522,38804682,12,1160
chr19,38808915,38809054,7,139
chr19,38816031,38817184,5,1153
chr19,38821504,38821651,13,147
chr19,38829740,38829984,5,244
chr19,38831348,38831926,29,578
chr19,38849111,38849940,51,829
chr19,38851293,38853645,59,2352
chr19,38865748,38865892,7,144
chr19,38869339,38870916,33,1577
chr19,38874856,38875089,7,233
chr19,38878463,38878791,6,328
chr19,38883666,38883729,5,63
chr19,38889430,38889786,6,356
chr19,38893459,38893589,8,130
chr19,38895163,38895615,6,452
chr19,38899767,38900251,29,484
chr19,38911646,38912049,6,403
chr19,38915480,38915643,5,163
chr19,38916662,38917724,13,1062
chr19,38919065,38920184,15,1119
chr19,38930424,38930936,12,512
chr19,38946973,38947360,6,387
chr19,38949735,38949905,11,170
chr19,38975242,38977096,41,1854
chr19,39002500,39005177,15,2677
chr19,39011765,39012277,7,512
chr19,39031701,39033397,46,1696
chr19,39080073,39080162,5,89
chr19,39083537,39084666,42,1129
chr19,39098553,39099091,9,538
chr19,39112403,39112578,7,175
chr19,39113684,39114856,9,1172
chr19,39125051,39127750,59,2699
chr19,39131453,39134979,24,3526
chr19,39136580,39137400,12,820
chr19,39155101,39156117,12,1016
chr19,39165040,39167715,10,2675
chr19,39169438,39170639,15,1201
chr19,39171706,39175468,34,3762
chr19,39200520,39200748,12,228
chr19,39202827,39203882,7,1055
chr19,39237891,39238434,6,543
chr19,39243960,39244961,7,1001
chr19,39247099,39248505,54,1406
chr19,39258838,39258904,5,66
chr19,39264077,39265830,31,1753
chr19,39298246,39299140,6,894
chr19,39306901,39308434,69,1533
chr19,39314015,39315174,36,1159
chr19,39320015,39321176,58,1161
chr19,39327526,39327681,5,155
chr19,39333370,39333504,6,134
chr19,39335292,39337472,18,2180
chr19,39341108,39341730,6,622
chr19,39342744,39343889,15,1145
chr19,39353704,39353762,5,58
chr19,39356840,39356869,6,29
chr19,39375773,39375853,5,80
chr19,39379946,39380071,9,125
chr19,39386112,39386565,9,453
chr19,39390886,39391853,35,967
chr19,39402797,39404643,31,1846
chr19,39406142,39410173,94,4031
chr19,39412319,39413805,71,1486
chr19,39422538,39424033,25,1495
chr19,39428084,39428645,10,561
chr19,39431031,39432070,10,1039
chr19,39435746,39438486,29,2740
chr19,39444376,39445812,32,1436
chr19,39464422,39465935,6,1513
chr19,39480864,39481211,23,347
chr19,39484600,39485816,8,1216
chr19,39497469,39499459,53,1990
chr19,39502775,39503010,27,235
chr19,39504120,39504222,5,102
chr19,39505938,39507732,44,1794
chr19,39515130,39515821,23,691
chr19,39518997,39519265,6,268
chr19,39529222,39530348,11,1126
chr19,39532482,39532760,23,278
chr19,39539575,39540302,41,727
chr19,39592145,39592205,6,60
chr19,39624409,39624927,7,518
chr19,39773618,39773686,6,68
chr19,39824338,39826972,31,2634
chr19,39828282,39828509,13,227
chr19,39833219,39834153,26,934
chr19,39839035,39839107,6,72
chr19,39840422,39840488,6,66
chr19,39845701,39846564,32,863
chr19,39891854,39892043,21,189
chr19,39915207,39915693,44,486
chr19,39924484,39924682,13,198
chr19,39965065,39965129,5,64
chr19,39968948,39969005,5,57
chr19,39970937,39971580,17,643
chr19,39979828,39979968,7,140
chr19,39996567,39997024,22,457
chr19,40055937,40056237,21,300
chr19,40090609,40090925,19,316
chr19,40115096,40115760,6,664
chr19,40167234,40167403,6,169
chr19,40190471,40192692,87,2221
chr19,40210198,40210376,5,178
chr19,40213524,40213677,17,153
chr19,40217172,40218626,59,1454
chr19,40220469,40224756,53,4287
chr19,40226169,40226897,26,728
chr19,40235383,40235508,5,125
chr19,40243968,40244218,7,250
chr19,40274687,40275946,15,1259
chr19,40278931,40281838,16,2907
chr19,40284911,40286305,42,1394
chr19,40345756,40348583,22,2827
chr19,40365725,40365771,7,46
chr19,40384060,40384397,9,337
chr19,40388120,40389150,5,1030
chr19,40393371,40394120,5,749
chr19,40396774,40398844,32,2070
chr19,40402627,40405132,40,2505
chr19,40411269,40411513,6,244
chr19,40420817,40421460,10,643
chr19,40424694,40426928,61,2234
chr19,40432969,40433994,16,1025
chr19,40442808,40444712,44,1904
chr19,40455901,40456840,5,939
chr19,40465600,40468669,35,3069
chr19,40472704,40472772,9,68
chr19,40489479,40489682,7,203
chr19,40512990,40513518,20,528
chr19,40529277,40529327,7,50
chr19,40530729,40531443,17,714
chr19,40554275,40554798,5,523
chr19,40567477,40568531,30,1054
chr19,40570538,40570719,19,181
chr19,40573727,40574522,5,795
chr19,40576395,40577435,34,1040
chr19,40580212,40580828,6,616
chr19,40583466,40583731,6,265
chr19,40593139,40594490,12,1351
chr19,40597053,40598476,31,1423
chr19,40599699,40602607,80,2908
chr19,40603723,40606276,42,2553
chr19,40607785,40608228,5,443
chr19,40609452,40611370,35,1918
chr19,40613163,40615124,57,1961
chr19,40623943,40624142,9,199
chr19,40627295,40628367,5,1072
chr19,40629492,40630216,10,724
chr19,40634548,40634672,13,124
chr19,40662280,40663599,43,1319
chr19,40684161,40684423,16,262
chr19,40690289,40691581,48,1292
chr19,40713375,40713702,5,327
chr19,40714951,40715105,9,154
chr19,40716379,40719094,78,2715
chr19,40732161,40733394,9,1233
chr19,40742002,40743112,11,1110
chr19,40746282,40747462,5,1180
chr19,40749534,40752150,55,2616
chr19,40775639,40776467,8,828
chr19,40777999,40778917,15,918
chr19,40790573,40790886,6,313
chr19,40798586,40800506,40,1920
chr19,40806820,40807194,13,374
chr19,40808887,40812442,41,3555
chr19,40845439,40845866,6,427
chr19,40848625,40848724,12,99
chr19,40901580,40901746,5,166
chr19,40965417,40965463,6,46
chr19,41052311,41052695,7,384
chr19,41090085,41090184,12,99
chr19,41134871,41136710,19,1839
chr19,41153792,41154666,6,874
chr19,41166200,41166798,8,598
chr19,41192988,41195404,49,2416
chr19,41203025,41203904,11,879
chr19,41218993,41219297,5,304
chr19,41222414,41222722,7,308
chr19,41226189,41226522,20,333
chr19,41263908,41265448,54,1540
chr19,41309692,41311691,39,1999
chr19,41323113,41323896,6,783
chr19,41325156,41326131,12,975
chr19,41327477,41327631,6,154
chr19,41334566,41335760,10,1194
chr19,41338048,41339680,8,1632
chr19,41344777,41345453,5,676
chr19,41350831,41351544,18,713
chr19,41352623,41355004,92,2381
chr19,41369376,41369527,5,151
chr19,41375339,41376836,28,1497
chr19,41397210,41397801,9,591
chr19,41423732,41424135,7,403
chr19,41426697,41428365,11,1668
chr19,41439871,41440348,15,477
chr19,41480393,41480674,6,281
chr19,41499318,41499629,6,311
chr19,41500678,41501810,22,1132
chr19,41505062,41506310,26,1248
chr19,41515028,41515547,5,519
chr19,41522032,41522275,34,243
chr19,41550561,41550627,5,66
chr19,41565038,41565188,12,150
chr19,41597573,41597739,7,166
chr19,41618947,41620849,8,1902
chr19,41646706,41646809,8,103
chr19,41781616,41781720,7,104
chr19,41799804,41800507,5,703
chr19,41840554,41841536,9,982
chr19,41844326,41845267,21,941
chr19,41859679,41861115,61,1436
chr19,41865671,41865821,11,150
chr19,41882381,41884547,71,2166
chr19,41894092,41895477,9,1385
chr19,41897754,41898468,9,714
chr19,41902326,41905245,24,2919
chr19,41909872,41910084,8,212
chr19,41912421,41914291,41,1870
chr19,41915727,41915946,8,219
chr19,41917414,41917558,7,144
chr19,41921624,41922864,15,1240
chr19,41926647,41926853,11,206
chr19,41927955,41929095,59,1140
chr19,41939926,41940973,57,1047
chr19,41956722,41956914,8,192
chr19,41958648,41959330,34,682
chr19,41963790,41964427,9,637
chr19,41968775,41970724,24,1949
chr19,41977623,41978192,8,569
chr19,41980114,41982148,14,2034
chr19,41988664,41989096,6,432
chr19,41993986,41994602,11,616
chr19,41997201,41999690,89,2489
chr19,42011477,42011509,5,32
chr19,42018272,42018310,5,38
chr19,42021272,42021330,5,58
chr19,42048371,42048447,5,76
chr19,42052876,42053997,9,1121
chr19,42068958,42070044,17,1086
chr19,42072379,42073378,6,999
chr19,42075965,42076428,22,463
chr19,42079486,42080959,19,1473
chr19,42084960,42085089,6,129
chr19,42088808,42089878,16,1070
chr19,42132184,42133389,26,1205
chr19,42134830,42135843,17,1013
chr19,42150571,42150801,5,230
chr19,42152455,42152696,7,241
chr19,42175876,42177351,30,1475
chr19,42186050,42186839,8,789
chr19,42197897,42198002,5,105
chr19,42199198,42199932,18,734
chr19,42208767,42209424,5,657
chr19,42217137,42217916,24,779
chr19,42219164,42220110,21,946
chr19,42242063,42244580,78,2517
chr19,42248952,42250908,28,1956
chr19,42252676,42257692,125,5016
chr19,42268401,42269693,39,1292
chr19,42280201,42281804,40,1603
chr19,42283849,42284736,71,887
chr19,42291387,42292632,6,1245
chr19,42295274,42295361,5,87
chr19,42302225,42302607,20,382
chr19,42306862,42306965,12,103
chr19,42312869,42313885,31,1016
chr19,42323684,42326176,81,2492
chr19,42335384,42335793,5,409
chr19,42347553,42347653,6,100
chr19,42351670,42351947,5,277
chr19,42353809,42353933,9,124
chr19,42375867,42376272,8,405
chr19,42387333,42389149,31,1816
chr19,42390390,42392190,11,1800
chr19,42396650,42397619,19,969
chr19,42401090,42402506,36,1416
chr19,42422849,42423789,30,940
chr19,42424882,42425895,10,1013
chr19,42522789,42522833,5,44
chr19,42567267,42567467,7,200
chr19,42606862,42607038,5,176
chr19,42639499,42639548,6,49
chr19,42676443,42676834,7,391
chr19,42822829,42823806,11,977
chr19,42855090,42855283,7,193
chr19,42880895,42881130,8,235
chr19,42992037,42992196,6,159
chr19,43083873,43083927,6,54
chr19,43129020,43129182,9,162
chr19,43151090,43152035,6,945
chr19,43343425,43344473,7,1048
chr19,43350246,43350536,5,290
chr19,43354130,43355270,11,1140
chr19,43407341,43408352,19,1011
chr19,43414922,43415631,16,709
chr19,43431912,43431999,5,87
chr19,43463112,43465896,42,2784
chr19,43475003,43475377,15,374
chr19,43501286,43502022,18,736
chr19,43503977,43504897,42,920
chr19,43506219,43506356,5,137
chr19,43525573,43527984,38,2411
chr19,43533406,43534439,27,1033
chr19,43558997,43560288,9,1291
chr19,43562996,43563365,5,369
chr19,43575250,43575786,24,536
chr19,43580216,43580574,10,358
chr19,43592265,43592884,23,619
chr19,43594799,43596091,54,1292
chr19,43619474,43619522,8,48
chr19,43625169,43627646,25,2477
chr19,43638928,43640563,45,1635
chr19,43668056,43670855,29,2799
chr19,43699756,43699800,7,44
chr19,43700982,43701947,5,965
chr19,43745925,43745955,5,30
chr19,43753553,43755419,56,1866
chr19,43757064,43757384,6,320
chr19,43760465,43760701,6,236
chr19,43783133,43784090,8,957
chr19,43798797,43799689,17,892
chr19,43809019,43809534,14,515
chr19,43827001,43827598,22,597
chr19,43867240,43867275,6,35
chr19,43901754,43901876,9,122
chr19,43951050,43951966,14,916
chr19,43983991,43985184,24,1193
chr19,43997832,43998376,8,544
chr19,44002677,44003558,16,881
chr19,44051333,44052270,18,937
chr19,44056694,44056756,6,62
chr19,44071986,44072840,20,854
chr19,44073843,44074362,6,519
chr19,44094239,44094970,18,731
chr19,44113266,44113951,10,685
chr19,44141521,44142186,19,665
chr19,44164836,44165018,8,182
chr19,44207378,44207762,15,384
chr19,44212050,44212548,14,498
chr19,44305130,44305405,5,275
chr19,44356441,44356930,9,489
chr19,44448255,44448477,8,222
chr19,44500101,44501177,16,1076
chr19,44529542,44529920,7,378
chr19,44615220,44615320,5,100
chr19,44643826,44644501,32,675
chr19,44647106,44647257,12,151
chr19,44665558,44666498,8,940
chr19,44676505,44677836,8,1331
chr19,44697167,44697996,6,829
chr19,44716523,44716669,5,146
chr19,44725260,44725516,16,256
chr19,44730225,44731503,6,1278
chr19,44747223,44749072,66,1849
chr19,44753543,44754403,5,860
chr19,44757096,44759581,49,2485
chr19,44777749,44778232,31,483
chr19,44796794,44796968,7,174
chr19,44808498,44809118,26,620
chr19,44814561,44814667,5,106
chr19,44828117,44828429,7,312
chr19,44843510,44848644,98,5134
chr19,44856717,44857696,7,979
chr19,44890289,44890692,10,403
chr19,44891698,44892040,7,342
chr19,44897613,44897698,6,85
chr19,44903575,44903914,18,339
chr19,44909696,44910594,5,898
chr19,44913780,44915646,9,1866
chr19,44927105,44927200,5,95
chr19,44936219,44936735,8,516
chr19,44939472,44939637,9,165
chr19,44943651,44943983,6,332
chr19,44947076,44948077,8,1001
chr19,44954617,44955684,54,1067
chr19,44973156,44973856,7,700
chr19,44984558,44984847,7,289
chr19,44990549,44993001,18,2452
chr19,45001205,45002003,35,798
chr19,45007714,45007983,5,269
chr19,45021105,45022185,8,1080
chr19,45026955,45027056,5,101
chr19,45028685,45028942,10,257
chr19,45037576,45039215,31,1639
chr19,45063905,45065046,38,1141
chr19,45071415,45072444,15,1029
chr19,45075149,45076355,19,1206
chr19,45079247,45079747,18,500
chr19,45090792,45094642,71,3850
chr19,45104199,45106977,13,2778
chr19,45117073,45117372,6,299
chr19,45126105,45127605,6,1500
chr19,45144719,45147100,25,2381
chr19,45151760,45152179,17,419
chr19,45153468,45154550,29,1082
chr19,45160982,45163480,20,2498
chr19,45164657,45165244,12,587
chr19,45168095,45168512,6,417
chr19,45171158,45171453,9,295
chr19,45175185,45175283,5,98
chr19,45177574,45180485,97,2911
chr19,45209490,45209892,11,402
chr19,45216883,45218275,47,1392
chr19,45227180,45227728,5,548
chr19,45234002,45235977,40,1975
chr19,45248146,45248485,6,339
chr19,45251092,45252312,56,1220
chr19,45265110,45265433,8,323
chr19,45266922,45267151,5,229
chr19,45300909,45301544,5,635
chr19,45308284,45310213,9,1929
chr19,45323372,45323818,14,446
chr19,45330302,45335473,16,5171
chr19,45336592,45338085,12,1493
chr19,45340712,45340985,11,273
chr19,45344276,45347392,14,3116
chr19,45350713,45350732,5,19
chr19,45363616,45364078,9,462
chr19,45370096,45370595,11,499
chr19,45377675,45378459,5,784
chr19,45382906,45383386,10,480
chr19,45385992,45386084,7,92
chr19,45389888,45390743,10,855
chr19,45391889,45392198,9,309
chr19,45395825,45397051,51,1226
chr19,45398518,45398872,16,354
chr19,45402510,45402556,6,46
chr19,45404233,45407253,31,3020
chr19,45409194,45409984,12,790
chr19,45414869,45415552,14,683
chr19,45423615,45425076,36,1461
chr19,45426884,45429070,51,2186
chr19,45438790,45439848,24,1058
chr19,45443650,45444773,36,1123
chr19,45450071,45451338,37,1267
chr19,45453051,45453168,5,117
chr19,45454934,45456063,13,1129
chr19,45467097,45473221,82,6124
chr19,45478432,45478605,13,173
chr19,45485366,45485764,18,398
chr19,45492697,45493240,9,543
chr19,45494657,45494963,20,306
chr19,45496536,45496951,38,415
chr19,45497979,45500227,29,2248
chr19,45506305,45510579,67,4274
chr19,45518924,45519175,11,251
chr19,45528141,45529068,11,927
chr19,45547774,45548896,16,1122
chr19,45552568,45552864,7,296
chr19,45583251,45584699,28,1448
chr19,45596484,45596899,5,415
chr19,45598213,45598413,11,200
chr19,45599476,45599541,5,65
chr19,45602085,45602143,11,58
chr19,45611342,45611964,7,622
chr19,45618871,45619048,5,177
chr19,45625114,45625333,8,219
chr19,45638523,45640516,20,1993
chr19,45641925,45642166,5,241
chr19,45645327,45646629,27,1302
chr19,45652933,45653100,6,167
chr19,45661387,45662339,9,952
chr19,45668796,45671732,32,2936
chr19,45677987,45678151,9,164
chr19,45681419,45682668,13,1249
chr19,45691241,45691291,6,50
chr19,45692899,45693518,15,619
chr19,45711562,45713213,37,1651
chr19,45716855,45717678,17,823
chr19,45721871,45722113,7,242
chr19,45730186,45731051,29,865
chr19,45732735,45733866,34,1131
chr19,45759686,45760427,13,741
chr19,45761977,45762954,8,977
chr19,45765777,45771795,195,6018
chr19,45774285,45774410,8,125
chr19,45777430,45779372,17,1942
chr19,45780638,45780886,5,248
chr19,45785871,45785963,8,92
chr19,45789872,45790107,9,235
chr19,45792445,45792770,29,325
chr19,45804245,45804817,13,572
chr19,45815148,45816140,36,992
chr19,45822437,45823871,7,1434
chr19,45824995,45825133,7,138
chr19,45827137,45827973,6,836
chr19,45862428,45865007,77,2579
chr19,45869115,45869265,6,150
chr19,45872257,45872406,10,149
chr19,45876410,45877214,33,804
chr19,45882825,45882958,7,133
chr19,45884567,45886945,65,2378
chr19,45890981,45891301,5,320
chr19,45893199,45893492,5,293
chr19,45901393,45905750,60,4357
chr19,45911590,45914573,34,2983
chr19,45927874,45927973,7,99
chr19,45934466,45935686,19,1220
chr19,45940243,45940652,40,409
chr19,45964240,45964340,8,100
chr19,45972793,45974272,49,1479
chr19,45987753,45987989,5,236
chr19,45994871,45995437,10,566
chr19,46000105,46001058,11,953
chr19,46008207,46008501,6,294
chr19,46014955,46016710,79,1755
chr19,46021809,46023573,33,1764
chr19,46033611,46035067,10,1456
chr19,46189484,46189577,5,93
chr19,46213955,46214529,18,574
chr19,46226556,46226832,5,276
chr19,46260250,46261390,11,1140
chr19,46293769,46293890,7,121
chr19,46297056,46297210,11,154
chr19,46298412,46298658,9,246
chr19,46303816,46304252,17,436
chr19,46340702,46341071,7,369
chr19,46346230,46347268,16,1038
chr19,46375024,46376700,7,1676
chr19,46391775,46392141,5,366
chr19,46404173,46405682,34,1509
chr19,46411333,46413851,34,2518
chr19,46416006,46417281,24,1275
chr19,46427779,46429136,28,1357
chr19,46431426,46432532,12,1106
chr19,46455060,46456076,7,1016
chr19,46469913,46471743,38,1830
chr19,46479633,46480184,6,551
chr19,46487538,46488347,8,809
chr19,46489669,46489779,7,110
chr19,46492348,46495622,94,3274
chr19,46497332,46497744,5,412
chr19,46513615,46513948,17,333
chr19,46521382,46521414,5,32
chr19,46528269,46529465,6,1196
chr19,46539293,46539524,8,231
chr19,46545974,46546452,5,478
chr19,46576986,46577184,5,198
chr19,46582343,46582479,6,136
chr19,46601059,46602808,32,1749
chr19,46608503,46609551,11,1048
chr19,46611188,46612045,6,857
chr19,46622102,46623727,26,1625
chr19,46626734,46627990,9,1256
chr19,46634524,46634812,6,288
chr19,46636164,46636444,16,280
chr19,46638635,46639223,25,588
chr19,46648768,46651020,46,2252
chr19,46660681,46661885,41,1204
chr19,46689104,46690685,9,1581
chr19,46693962,46694043,6,81
chr19,46696679,46698094,14,1415
chr19,46713817,46714529,22,712
chr19,46716343,46717591,65,1248
chr19,46722821,46723114,5,293
chr19,46728453,46728962,7,509
chr19,46731292,46731804,11,512
chr19,46745515,46747487,39,1972
chr19,46755444,46757497,24,2053
chr19,46766269,46767275,8,1006
chr19,46770762,46771937,6,1175
chr19,46787648,46788923,46,1275
chr19,46795664,46796168,10,504
chr19,46810119,46810959,7,840
chr19,46821487,46821801,7,314
chr19,46830025,46830681,10,656
chr19,46849051,46849509,6,458
chr19,46850745,46850865,9,120
chr19,46855508,46856636,21,1128
chr19,46860179,46862679,75,2500
chr19,46879415,46879698,6,283
chr19,46907521,46907571,6,50
chr19,46945029,46945706,7,677
chr19,46991330,46993286,10,1956
chr19,47004053,47005261,35,1208
chr19,47019456,47023334,152,3878
chr19,47028211,47029524,6,1313
chr19,47035974,47037079,9,1105
chr19,47039833,47041087,11,1254
chr19,47042486,47044166,14,1680
chr19,47045194,47045668,21,474
chr19,47048213,47049672,41,1459
chr19,47056040,47056999,6,959
chr19,47065918,47067861,20,1943
chr19,47069069,47069221,6,152
chr19,47078899,47079967,8,1068
chr19,47086012,47086420,11,408
chr19,47110771,47114910,119,4139
chr19,47115942,47116300,5,358
chr19,47118287,47118347,5,60
chr19,47123676,47124646,10,970
chr19,47130740,47132189,35,1449
chr19,47140000,47140199,7,199
chr19,47153940,47154088,6,148
chr19,47210720,47211364,8,644
chr19,47216642,47218171,5,1529
chr19,47226149,47228596,83,2447
chr19,47230078,47231469,72,1391
chr19,47239445,47239931,28,486
chr19,47243247,47244683,32,1436
chr19,47247530,47248324,8,794
chr19,47255492,47257136,56,1644
chr19,47258550,47258631,5,81
chr19,47260033,47260725,6,692
chr19,47273451,47275793,93,2342
chr19,47299886,47300053,6,167
chr19,47323257,47324045,6,788
chr19,47330020,47331027,15,1007
chr19,47335628,47335690,5,62
chr19,47349326,47349497,16,171
chr19,47359995,47360069,5,74
chr19,47373834,47374124,5,290
chr19,47378879,47379728,5,849
chr19,47384935,47385049,5,114
chr19,47391421,47391798,5,377
chr19,47401577,47403384,5,1807
chr19,47406896,47407549,28,653
chr19,47412480,47414936,24,2456
chr19,47416887,47417247,6,360
chr19,47418998,47422385,63,3387
chr19,47424915,47425160,9,245
chr19,47429105,47430841,29,1736
chr19,47440529,47440825,11,296
chr19,47456918,47457937,33,1019
chr19,47462111,47462421,10,310
chr19,47470579,47470872,6,293
chr19,47471906,47472120,14,214
chr19,47479986,47480725,10,739
chr19,47482206,47484278,30,2072
chr19,47487866,47488873,9,1007
chr19,47497042,47497193,9,151
chr19,47514077,47515622,66,1545
chr19,47528239,47528419,6,180
chr19,47544263,47546004,62,1741
chr19,47552478,47552807,6,329
chr19,47555018,47555734,11,716
chr19,47558736,47558905,6,169
chr19,47572764,47573546,41,782
chr19,47600589,47601160,30,571
chr19,47604161,47605915,18,1754
chr19,47607728,47610507,115,2779
chr19,47631632,47632339,7,707
chr19,47637914,47638203,6,289
chr19,47658555,47658928,8,373
chr19,47664590,47664704,6,114
chr19,47680490,47681287,9,797
chr19,47688713,47688869,5,156
chr19,47699073,47699403,8,330
chr19,47701428,47703525,45,2097
chr19,47709103,47710051,11,948
chr19,47713356,47713405,6,49
chr19,47716871,47716936,6,65
chr19,47718397,47719431,12,1034
chr19,47722402,47722487,5,85
chr19,47725366,47726367,16,1001
chr19,47737155,47737218,5,63
chr19,47741501,47741581,5,80
chr19,47743496,47743710,21,214
chr19,47755245,47757108,17,1863
chr19,47764288,47764569,5,281
chr19,47769385,47769443,6,58
chr19,47778418,47779079,10,661
chr19,47784417,47785663,8,1246
chr19,47839262,47840816,14,1554
chr19,47842006,47842855,6,849
chr19,47849437,47849783,7,346
chr19,47852014,47853083,15,1069
chr19,47860523,47861397,12,874
chr19,47865563,47865882,6,319
chr19,47868543,47869396,8,853
chr19,47924878,47924993,6,115
chr19,47991285,47992100,5,815
chr19,47998268,47998472,7,204
chr19,48053619,48053664,5,45
chr19,48061813,48062055,7,242
chr19,48082836,48082974,6,138
chr19,48110505,48110833,14,328
chr19,48115479,48116404,11,925
chr19,48121202,48123249,16,2047
chr19,48137496,48137653,12,157
chr19,48169740,48172123,19,2383
chr19,48182562,48183287,5,725
chr19,48194369,48195069,17,700
chr19,48196299,48196543,11,244
chr19,48224943,48225048,5,105
chr19,48241416,48241784,7,368
chr19,48259727,48260280,17,553
chr19,48270980,48272450,35,1470
chr19,48273490,48273826,5,336
chr19,48290472,48291381,24,909
chr19,48296797,48299346,13,2549
chr19,48320734,48322100,49,1366
chr19,48330694,48331297,9,603
chr19,48334664,48334863,6,199
chr19,48363430,48363469,5,39
chr19,48383159,48383288,6,129
chr19,48390296,48391773,34,1477
chr19,48392808,48394881,42,2073
chr19,48398414,48399687,29,1273
chr19,48414559,48417040,33,2481
chr19,48435569,48435694,5,125
chr19,48442707,48446414,128,3707
chr19,48450474,48450594,5,120
chr19,48453589,48453638,5,49
chr19,48461681,48461837,12,156
chr19,48468593,48470622,66,2029
chr19,48473971,48474247,7,276
chr19,48478084,48478540,12,456
chr19,48480413,48480966,28,553
chr19,48490754,48491483,27,729
chr19,48493876,48494143,14,267
chr19,48497379,48499266,61,1887
chr19,48503701,48505206,9,1505
chr19,48509062,48512339,47,3277
chr19,48513433,48513631,17,198
chr19,48517482,48517833,5,351
chr19,48519317,48520142,7,825
chr19,48530297,48530810,9,513
chr19,48532616,48535989,21,3373
chr19,48552139,48552426,10,287
chr19,48557682,48558776,20,1094
chr19,48573306,48573434,5,128
chr19,48575966,48576204,12,238
chr19,48583583,48584068,5,485
chr19,48588759,48589631,30,872
chr19,48591633,48591731,7,98
chr19,48595206,48596923,7,1717
chr19,48599044,48601727,21,2683
chr19,48610323,48613383,16,3060
chr19,48614724,48616365,35,1641
chr19,48619170,48619497,36,327
chr19,48620872,48622175,12,1303
chr19,48624271,48624462,16,191
chr19,48626271,48631030,36,4759
chr19,48632425,48632565,6,140
chr19,48633975,48637920,85,3945
chr19,48640293,48640767,9,474
chr19,48645389,48646753,18,1364
chr19,48670376,48670428,7,52
chr19,48674525,48674632,5,107
chr19,48680222,48680757,10,535
chr19,48682981,48683148,11,167
chr19,48687485,48689241,18,1756
chr19,48696725,48697001,18,276
chr19,48702929,48704046,8,1117
chr19,48712960,48715944,50,2984
chr19,48717695,48718000,7,305
chr19,48719193,48720238,18,1045
chr19,48728620,48729875,26,1255
chr19,48734474,48736137,19,1663
chr19,48739044,48741649,82,2605
chr19,48745772,48745851,7,79
chr19,48748874,48749332,13,458
chr19,48750749,48753405,27,2656
chr19,48756208,48756953,9,745
chr19,48757980,48758390,11,410
chr19,48760360,48760728,7,368
chr19,48772736,48773104,6,368
chr19,48781200,48782565,7,1365
chr19,48788221,48789154,8,933
chr19,48794916,48796215,10,1299
chr19,48805688,48806320,6,632
chr19,48809891,48812411,40,2520
chr19,48836037,48839071,57,3034
chr19,48841221,48841291,6,70
chr19,48848410,48848621,5,211
chr19,48850625,48850997,8,372
chr19,48859441,48860663,13,1222
chr19,48864327,48864444,6,117
chr19,48872510,48872698,13,188
chr19,48874686,48876657,17,1971
chr19,48881412,48881474,6,62
chr19,48892604,48892658,5,54
chr19,48895482,48896975,20,1493
chr19,48898499,48899053,21,554
chr19,48900325,48900633,11,308
chr19,48912760,48913161,9,401
chr19,48922385,48924212,8,1827
chr19,48925253,48925605,6,352
chr19,48933656,48933692,5,36
chr19,48935475,48935642,5,167
chr19,48937248,48938165,16,917
chr19,48953759,48956270,49,2511
chr19,48963334,48965660,31,2326
chr19,48968813,48969511,15,698
chr19,48974214,48975091,7,877
chr19,48979739,48979914,8,175
chr19,48991778,48993119,14,1341
chr19,48998884,48999963,11,1079
chr19,49009085,49011317,11,2232
chr19,49014514,49015102,16,588
chr19,49017679,49021243,102,3564
chr19,49031710,49032466,13,756
chr19,49038854,49038894,5,40
chr19,49040986,49042570,7,1584
chr19,49050531,49052621,19,2090
chr19,49056281,49057971,50,1690
chr19,49059218,49059368,6,150
chr19,49061562,49062652,19,1090
chr19,49064849,49066172,42,1323
chr19,49070424,49074046,120,3622
chr19,49079149,49079564,7,415
chr19,49084736,49086908,54,2172
chr19,49093414,49093997,7,583
chr19,49103894,49104862,11,968
chr19,49107555,49108392,41,837
chr19,49114328,49114903,41,575
chr19,49118619,49120451,92,1832
chr19,49123051,49123509,5,458
chr19,49124923,49126621,15,1698
chr19,49127668,49130417,30,2749
chr19,49133472,49134463,19,991
chr19,49142747,49143465,13,718
chr19,49148715,49152387,103,3672
chr19,49157729,49159124,23,1395
chr19,49196019,49196938,29,919
chr19,49201991,49203092,7,1101
chr19,49210291,49211838,16,1547
chr19,49245589,49245823,7,234
chr19,49254834,49256064,8,1230
chr19,49338067,49338670,7,603
chr19,49340199,49340308,7,109
chr19,49347284,49347315,7,31
chr19,49358158,49358757,8,599
chr19,49359994,49360062,6,68
chr19,49361595,49364243,71,2648
chr19,49374795,49374950,11,155
chr19,49377975,49378355,5,380
chr19,49387845,49388115,6,270
chr19,49390067,49390953,7,886
chr19,49400037,49400451,6,414
chr19,49415291,49416458,12,1167
chr19,49421212,49421351,14,139
chr19,49422426,49423577,30,1151
chr19,49426303,49429195,51,2892
chr19,49432288,49432464,11,176
chr19,49433948,49434977,7,1029
chr19,49436745,49437164,12,419
chr19,49441105,49443210,44,2105
chr19,49447327,49448011,15,684
chr19,49450041,49452001,21,1960
chr19,49453060,49453597,15,537
chr19,49466168,49466243,7,75
chr19,49473209,49474285,20,1076
chr19,49475390,49475599,5,209
chr19,49476778,49477073,5,295
chr19,49486883,49488132,16,1249
chr19,49494269,49494733,6,464
chr19,49496027,49497147,14,1120
chr19,49510346,49510710,5,364
chr19,49512270,49514786,24,2516
chr19,49526952,49527822,13,870
chr19,49532295,49535140,39,2845
chr19,49537086,49538287,17,1201
chr19,49542589,49543835,11,1246
chr19,49547921,49550031,16,2110
chr19,49554723,49555862,28,1139
chr19,49580413,49580699,13,286
chr19,49589593,49596143,82,6550
chr19,49597864,49598159,15,295
chr19,49607278,49609429,14,2151
chr19,49613879,49614691,8,812
chr19,49616957,49618322,7,1365
chr19,49619328,49620393,9,1065
chr19,49629155,49631898,19,2743
chr19,49639928,49642430,57,2502
chr19,49651550,49653358,71,1808
chr19,49662261,49666084,70,3823
chr19,49670040,49670369,7,329
chr19,49672110,49672391,5,281
chr19,49675619,49677890,69,2271
chr19,49680914,49688234,58,7320
chr19,49689246,49691963,89,2717
chr19,49699267,49700103,5,836
chr19,49701326,49701512,10,186
chr19,49712591,49712815,6,224
chr19,49715875,49718077,14,2202
chr19,49719909,49720721,22,812
chr19,49729086,49729449,5,363
chr19,49766988,49767592,34,604
chr19,49772120,49772588,7,468
chr19,49790080,49790154,6,74
chr19,49792134,49793392,13,1258
chr19,49795124,49796083,6,959
chr19,49801944,49802093,14,149
chr19,49805406,49806687,12,1281
chr19,49808320,49810325,40,2005
chr19,49813201,49813516,9,315
chr19,49816002,49816288,7,286
chr19,49818380,49818826,8,446
chr19,49826197,49827245,8,1048
chr19,49850558,49851842,73,1284
chr19,49854961,49857091,15,2130
chr19,49858495,49860108,15,1613
chr19,49862216,49862572,17,356
chr19,49865203,49865402,5,199
chr19,49866707,49868100,40,1393
chr19,49869850,49870737,11,887
chr19,49875243,49877932,56,2689
chr19,49881507,49881721,5,214
chr19,49884241,49884310,6,69
chr19,49887551,49888104,9,553
chr19,49889232,49891845,85,2613
chr19,49897421,49898149,12,728
chr19,49902445,49903329,9,884
chr19,49911852,49912262,6,410
chr19,49914575,49914832,5,257
chr19,49920143,49920902,5,759
chr19,49922461,49923269,5,808
chr19,49928990,49929269,18,279
chr19,49937650,49938338,28,688
chr19,49941216,49942040,7,824
chr19,49946153,49947127,8,974
chr19,49949083,49949149,5,66
chr19,49978180,49978496,6,316
chr19,49986862,49987168,7,306
chr19,50025128,50025327,16,199
chr19,50045210,50045434,5,224
chr19,50051187,50051484,12,297
chr19,50068002,50068461,5,459
chr19,50073115,50073707,9,592
chr19,50091396,50091509,6,113
chr19,50099806,50099876,5,70
chr19,50121984,50122090,7,106
chr19,50147960,50148325,10,365
chr19,50150699,50150969,9,270
chr19,50162588,50163835,27,1247
chr19,50166427,50167025,9,598
chr19,50176235,50176665,7,430
chr19,50183568,50183669,5,101
chr19,50188080,50188619,13,539
chr19,50203078,50203895,39,817
chr19,50205234,50205868,38,634
chr19,50209282,50210803,17,1521
chr19,50226649,50228904,7,2255
chr19,50230655,50230932,19,277
chr19,50233661,50234526,7,865
chr19,50248556,50249182,9,626
chr19,50259146,50259258,8,112
chr19,50261568,50262125,11,557
chr19,50267097,50267480,5,383
chr19,50276013,50276223,13,210
chr19,50286635,50286709,6,74
chr19,50312414,50312490,9,76
chr19,50314701,50316280,23,1579
chr19,50320655,50323108,25,2453
chr19,50325567,50326692,22,1125
chr19,50327889,50330075,30,2186
chr19,50333153,50334369,24,1216
chr19,50353230,50353280,5,50
chr19,50356841,50358747,52,1906
chr19,50364539,50364812,7,273
chr19,50369185,50369405,6,220
chr19,50371662,50372264,6,602
chr19,50375818,50376616,20,798
chr19,50377713,50378591,13,878
chr19,50382870,50384612,22,1742
chr19,50402064,50403235,36,1171
chr19,50409155,50410140,11,985
chr19,50417071,50419805,21,2734
chr19,50422896,50423028,6,132
chr19,50426684,50426851,5,167
chr19,50428135,50428325,17,190
chr19,50431822,50433690,37,1868
chr19,50435403,50435875,8,472
chr19,50440942,50441022,6,80
chr19,50450998,50451124,8,126
chr19,50454280,50454586,8,306
chr19,50458521,50459337,35,816
chr19,50476017,50477076,41,1059
chr19,50480424,50482461,17,2037
chr19,50487732,50490473,27,2741
chr19,50501211,50502307,20,1096
chr19,50509462,50512596,63,3134
chr19,50516800,50519485,40,2685
chr19,50527002,50527101,5,99
chr19,50529159,50532343,15,3184
chr19,50541763,50542159,6,396
chr19,50543577,50543649,5,72
chr19,50548277,50548775,16,498
chr19,50550775,50552351,25,1576
chr19,50554153,50558524,38,4371
chr19,50565737,50566297,24,560
chr19,50567610,50569887,69,2277
chr19,50618695,50619182,5,487
chr19,50639170,50640178,59,1008
chr19,50658127,50659251,49,1124
chr19,50661850,50662461,14,611
chr19,50665925,50668783,75,2858
chr19,50673248,50673896,13,648
chr19,50685473,50687128,42,1655
chr19,50688587,50689471,7,884
chr19,50693785,50696018,65,2233
chr19,50702548,50703754,17,1206
chr19,50713578,50713842,5,264
chr19,50718008,50720511,104,2503
chr19,50722370,50725910,34,3540
chr19,50735686,50736078,9,392
chr19,50737747,50738079,5,332
chr19,50746238,50747313,6,1075
chr19,50771477,50771663,5,186
chr19,50777956,50779117,24,1161
chr19,50793923,50794822,6,899
chr19,50798605,50799502,5,897
chr19,50804430,50805122,36,692
chr19,50817933,50818483,28,550
chr19,50826886,50827662,7,776
chr19,50835638,50837737,37,2099
chr19,50842856,50842954,9,98
chr19,50909119,50909211,5,92
chr19,50912385,50912948,5,563
chr19,50921737,50922521,10,784
chr19,50929362,50930592,10,1230
chr19,50932163,50932726,5,563
chr19,50968555,50970445,13,1890
chr19,50984185,50984488,5,303
chr19,51001083,51002251,8,1168
chr19,51015887,51019949,64,4062
chr19,51021886,51021906,5,20
chr19,51029324,51030911,12,1587
chr19,51034977,51035918,5,941
chr19,51063993,51066435,23,2442
chr19,51077378,51078069,7,691
chr19,51092968,51094135,8,1167
chr19,51098817,51099205,14,388
chr19,51103261,51104731,23,1470
chr19,51108182,51108672,24,490
chr19,51117985,51118205,5,220
chr19,51125161,51125948,5,787
chr19,51131510,51132008,5,498
chr19,51142436,51142474,5,38
chr19,51167549,51168314,6,765
chr19,51191137,51191744,15,607
chr19,51200237,51200685,5,448
chr19,51211088,51212017,10,929
chr19,51295465,51295797,5,332
chr19,51311630,51312295,29,665
chr19,51326736,51327911,29,1175
chr19,51338109,51341553,100,3444
chr19,51366217,51368283,21,2066
chr19,51376912,51377268,7,356
chr19,51382453,51383523,6,1070
chr19,51390574,51391173,9,599
chr19,51417264,51417722,5,458
chr19,51421746,51422472,16,726
chr19,51463275,51463771,8,496
chr19,51477923,51478139,5,216
chr19,51490839,51492128,14,1289
chr19,51496324,51496621,8,297
chr19,51530657,51531318,6,661
chr19,51594575,51594796,17,221
chr19,51601407,51601716,23,309
chr19,51617111,51618477,7,1366
chr19,51647294,51647494,5,200
chr19,51689130,51691734,46,2604
chr19,51692843,51693234,6,391
chr19,51702508,51705028,56,2520
chr19,51718661,51720303,25,1642
chr19,51724056,51724906,6,850
chr19,51867277,51867641,5,364
chr19,51904324,51904975,21,651
chr19,51906713,51907229,5,516
chr19,51926676,51928247,12,1571
chr19,51949084,51949279,9,195
chr19,51966444,51966716,7,272
chr19,51985931,51986068,6,137
chr19,51989205,51989351,5,146
chr19,52028338,52028392,7,54
chr19,52048867,52048944,14,77
chr19,52065937,52068503,20,2566
chr19,52074515,52074677,5,162
chr19,52095097,52095340,13,243
chr19,52137140,52137245,5,105
chr19,52139219,52140039,14,820
chr19,52142942,52143056,8,114
chr19,52170851,52171520,21,669
chr19,52187994,52191209,66,3215
chr19,52268945,52270547,40,1602
chr19,52277019,52277420,10,401
chr19,52287165,52287235,5,70
chr19,52296834,52298505,47,1671
chr19,52336094,52336814,40,720
chr19,52369219,52371468,42,2249
chr19,52377755,52378561,5,806
chr19,52397813,52398482,25,669
chr19,52417976,52418077,8,101
chr19,52424448,52424585,6,137
chr19,52429153,52429307,14,154
chr19,52451413,52451576,20,163
chr19,52453518,52453991,20,473
chr19,52492872,52493819,36,947
chr19,52496143,52496422,5,279
chr19,52523802,52524276,8,474
chr19,52526377,52526456,7,79
chr19,52527572,52528329,35,757
chr19,52535262,52536977,22,1715
chr19,52556429,52557391,8,962
chr19,52570377,52570475,6,98
chr19,52584933,52586984,27,2051
chr19,52597923,52598399,9,476
chr19,52601132,52601963,28,831
chr19,52638119,52639541,23,1422
chr19,52689819,52690594,26,775
chr19,52700214,52700704,10,490
chr19,52709375,52709846,6,471
chr19,52714544,52715083,5,539
chr19,52725163,52726572,17,1409
chr19,52734340,52735931,47,1591
chr19,52785305,52787580,37,2275
chr19,52820638,52822196,15,1558
chr19,52857426,52858371,13,945
chr19,52872447,52872594,5,147
chr19,52894333,52894796,5,463
chr19,52896827,52898891,41,2064
chr19,52922826,52925001,32,2175
chr19,52933760,52933868,8,108
chr19,52942092,52943592,32,1500
chr19,52945955,52946960,5,1005
chr19,52962478,52963168,38,690
chr19,52990162,52991428,7,1266
chr19,52992822,52994843,33,2021
chr19,53000517,53000719,5,202
chr19,53008222,53008710,18,488
chr19,53037646,53037874,14,228
chr19,53045580,53045989,5,409
chr19,53057603,53058558,13,955
chr19,53059665,53059819,5,154
chr19,53091068,53091500,6,432
chr19,53094305,53095507,14,1202
chr19,53102843,53104262,60,1419
chr19,53132409,53133130,34,721
chr19,53157764,53159364,51,1600
chr19,53192729,53193444,27,715
chr19,53194833,53194887,5,54
chr19,53196858,53198131,26,1273
chr19,53201749,53201879,7,130
chr19,53242120,53242315,5,195
chr19,53254868,53255312,19,444
chr19,53261314,53261617,5,303
chr19,53308684,53309701,9,1017
chr19,53328994,53329324,17,330
chr19,53332041,53334319,33,2278
chr19,53358235,53358412,17,177
chr19,53365232,53366371,31,1139
chr19,53390045,53391940,29,1895
chr19,53395132,53396311,31,1179
chr19,53432344,53433170,14,826
chr19,53463190,53464138,24,948
chr19,53466874,53468320,38,1446
chr19,53474477,53476553,10,2076
chr19,53520769,53521552,9,783
chr19,53529256,53529316,5,60
chr19,53537368,53537647,15,279
chr19,53553858,53554870,9,1012
chr19,53573112,53573941,8,829
chr19,53577526,53577778,6,252
chr19,53583637,53584324,9,687
chr19,53593119,53593367,5,248
chr19,53596907,53597202,13,295
chr19,53607775,53608313,10,538
chr19,53620523,53621545,6,1022
chr19,53624766,53624913,5,147
chr19,53637381,53637605,8,224
chr19,53648032,53648296,17,264
chr19,53686780,53686937,5,157
chr19,53692641,53692834,7,193
chr19,53730444,53731542,9,1098
chr19,53737206,53737453,5,247
chr19,53740886,53741849,10,963
chr19,53744361,53744405,5,44
chr19,53746394,53746511,6,117
chr19,53751874,53753432,11,1558
chr19,53755961,53756427,7,466
chr19,53762736,53763467,6,731
chr19,53766437,53767110,10,673
chr19,53769628,53771072,20,1444
chr19,53774389,53775349,9,960
chr19,53781073,53781178,6,105
chr19,53784078,53785068,13,990
chr19,53787940,53788200,13,260
chr19,53800229,53800267,5,38
chr19,53819063,53819337,6,274
chr19,53841987,53843263,13,1276
chr19,53847588,53848485,14,897
chr19,53849923,53850307,6,384
chr19,53858592,53859013,5,421
chr19,53865151,53867585,24,2434
chr19,53868642,53870282,41,1640
chr19,53879449,53879657,20,208
chr19,53881833,53883653,27,1820
chr19,53889662,53890782,22,1120
chr19,53898584,53901574,24,2990
chr19,53906196,53906456,7,260
chr19,53908290,53910571,57,2281
chr19,53941985,53943722,48,1737
chr19,53945446,53945578,5,132
chr19,53958346,53958475,7,129
chr19,53963379,53963489,9,110
chr19,53965002,53965331,8,329
chr19,53977853,53978605,28,752
chr19,53979743,53981041,31,1298
chr19,53982050,53984378,79,2328
chr19,53991355,53993230,41,1875
chr19,54004636,54004786,7,150
chr19,54011717,54012087,5,370
chr19,54063869,54065089,15,1220
chr19,54090702,54091093,10,391
chr19,54093821,54093968,6,147
chr19,54095333,54097118,32,1785
chr19,54102460,54102566,5,106
chr19,54103644,54103926,11,282
chr19,54108014,54108118,10,104
chr19,54114206,54116297,34,2091
chr19,54122189,54122485,5,296
chr19,54123866,54123928,5,62
chr19,54128581,54128914,8,333
chr19,54137788,54138602,59,814
chr19,54148429,54148501,8,72
chr19,54159555,54159661,11,106
chr19,54161001,54164067,32,3066
chr19,54165325,54165582,17,257
chr19,54168543,54168669,8,126
chr19,54171909,54174054,14,2145
chr19,54177496,54179002,10,1506
chr19,54187939,54191894,103,3955
chr19,54199972,54201561,45,1589
chr19,54208944,54211066,13,2122
chr19,54216458,54217080,5,622
chr19,54251768,54251956,9,188
chr19,54253781,54254193,6,412
chr19,54258565,54259232,11,667
chr19,54273491,54275759,9,2268
chr19,54295374,54295469,5,95
chr19,54345402,54345531,5,129
chr19,54355692,54355843,8,151
chr19,54359529,54359631,5,102
chr19,54367465,54367865,12,400
chr19,54381912,54382112,5,200
chr19,54386949,54387105,6,156
chr19,54388502,54388773,10,271
chr19,54393520,54393887,10,367
chr19,54415250,54415835,25,585
chr19,54416838,54416917,12,79
chr19,54418145,54420538,27,2393
chr19,54423749,54424910,12,1161
chr19,54430491,54430744,9,253
chr19,54436100,54436328,9,228
chr19,54447916,54450240,76,2324
chr19,54455399,54456092,16,693
chr19,54460833,54461259,8,426
chr19,54462738,54465704,143,2966
chr19,54471203,54471647,17,444
chr19,54481591,54482170,9,579
chr19,54491845,54492050,5,205
chr19,54498420,54498539,6,119
chr19,54507942,54508240,8,298
chr19,54550588,54550833,5,245
chr19,54608936,54609625,9,689
chr19,54626208,54626951,5,743
chr19,54646435,54646922,6,487
chr19,54702287,54703214,11,927
chr19,54725467,54726211,5,744
chr19,54881614,54882673,13,1059
chr19,54905417,54906370,7,953
chr19,54908648,54909897,9,1249
chr19,54911069,54911205,7,136
chr19,54914884,54916797,10,1913
chr19,54918080,54918361,5,281
chr19,54919701,54919874,9,173
chr19,54934319,54934802,5,483
chr19,54936399,54937074,7,675
chr19,54943525,54943563,6,38
chr19,54945111,54945363,5,252
chr19,54952712,54953067,7,355
chr19,54959263,54960248,6,985
chr19,54961737,54962685,6,948
chr19,54973700,54973968,6,268
chr19,54975747,54977314,5,1567
chr19,54982195,54984011,30,1816
chr19,54988385,54989146,10,761
chr19,54999200,54999240,5,40
chr19,55014985,55015051,7,66
chr19,55039763,55039888,8,125
chr19,55041444,55041730,13,286
chr19,55045150,55045369,6,219
chr19,55052821,55053772,7,951
chr19,55062538,55063303,33,765
chr19,55068760,55069126,9,366
chr19,55074811,55075890,12,1079
chr19,55080142,55084816,105,4674
chr19,55086449,55089145,64,2696
chr19,55091382,55091468,7,86
chr19,55092843,55092931,6,88
chr19,55094608,55095869,20,1261
chr19,55098276,55098404,5,128
chr19,55099416,55100116,12,700
chr19,55115914,55119486,64,3572
chr19,55132259,55134199,12,1940
chr19,55138340,55138537,6,197
chr19,55140506,55142018,14,1512
chr19,55146265,55146989,42,724
chr19,55149223,55150104,6,881
chr19,55156237,55156355,5,118
chr19,55157543,55157821,11,278
chr19,55158934,55160769,27,1835
chr19,55166374,55167486,14,1112
chr19,55168507,55169726,13,1219
chr19,55172004,55174965,40,2961
chr19,55177687,55180202,63,2515
chr19,55182202,55183498,8,1296
chr19,55192614,55195107,15,2493
chr19,55230475,55230639,7,164
chr19,55242439,55242530,6,91
chr19,55249344,55249697,8,353
chr19,55254024,55255702,12,1678
chr19,55256992,55260163,90,3171
chr19,55279501,55280582,26,1081
chr19,55283550,55284320,29,770
chr19,55287069,55288019,10,950
chr19,55301949,55304771,28,2822
chr19,55310790,55311108,8,318
chr19,55312372,55312739,17,367
chr19,55319845,55320164,8,319
chr19,55325552,55326279,10,727
chr19,55330768,55331808,14,1040
chr19,55335479,55335648,6,169
chr19,55338731,55343046,58,4315
chr19,55344286,55344992,15,706
chr19,55346140,55346383,14,243
chr19,55353522,55354781,30,1259
chr19,55368244,55370830,75,2586
chr19,55372344,55372978,14,634
chr19,55374419,55378213,36,3794
chr19,55383761,55386831,144,3070
chr19,55407312,55408305,49,993
chr19,55433145,55433742,34,597
chr19,55440590,55440687,9,97
chr19,55442174,55443165,62,991
chr19,55444225,55444670,9,445
chr19,55446791,55446859,7,68
chr19,55451261,55453145,78,1884
chr19,55456642,55456939,8,297
chr19,55460419,55462074,24,1655
chr19,55464445,55465383,7,938
chr19,55467029,55467885,8,856
chr19,55471470,55471680,6,210
chr19,55476442,55477926,29,1484
chr19,55481288,55481909,13,621
chr19,55484204,55486819,69,2615
chr19,55489490,55491079,21,1589
chr19,55492547,55494023,20,1476
chr19,55500498,55500537,5,39
chr19,55503879,55504660,33,781
chr19,55516995,55517527,38,532
chr19,55522654,55523608,11,954
chr19,55525733,55525770,5,37
chr19,55530136,55530355,18,219
chr19,55549968,55550133,13,165
chr19,55564347,55564681,8,334
chr19,55577909,55578052,7,143
chr19,55580106,55581239,30,1133
chr19,55585704,55587872,45,2168
chr19,55592363,55592548,7,185
chr19,55594245,55595638,7,1393
chr19,55597598,55597725,12,127
chr19,55599289,55600588,75,1299
chr19,55602197,55603015,7,818
chr19,55604122,55605852,48,1730
chr19,55615520,55615654,12,134
chr19,55622224,55622606,12,382
chr19,55624419,55626014,17,1595
chr19,55630329,55631130,9,801
chr19,55634659,55634963,10,304
chr19,55640300,55645148,115,4848
chr19,55646865,55649164,37,2299
chr19,55651224,55655232,121,4008
chr19,55659183,55659403,14,220
chr19,55661017,55661110,5,93
chr19,55674072,55676025,52,1953
chr19,55686686,55687914,9,1228
chr19,55692826,55693024,12,198
chr19,55694626,55697088,15,2462
chr19,55703392,55703943,7,551
chr19,55705413,55706464,8,1051
chr19,55723534,55723957,6,423
chr19,55741201,55741715,5,514
chr19,55751077,55751218,5,141
chr19,55793175,55793296,5,121
chr19,55796791,55796849,5,58
chr19,55832278,55832492,5,214
chr19,55835732,55835952,5,220
chr19,55854478,55854958,6,480
chr19,55858061,55858255,15,194
chr19,55870637,55871247,7,610
chr19,55952782,55952969,6,187
chr19,55955122,55956388,9,1266
chr19,55966141,55966422,7,281
chr19,56066635,56066794,9,159
chr19,56081388,56081743,8,355
chr19,56087341,56088831,73,1490
chr19,56096637,56096928,11,291
chr19,56098814,56098906,9,92
chr19,56099936,56100094,5,158
chr19,56101373,56103315,15,1942
chr19,56105433,56105570,5,137
chr19,56107958,56110274,14,2316
chr19,56113734,56115881,31,2147
chr19,56119718,56121993,102,2275
chr19,56129137,56129169,5,32
chr19,56132331,56133861,14,1530
chr19,56140602,56141475,29,873
chr19,56145326,56145442,5,116
chr19,56146713,56147037,18,324
chr19,56159753,56160227,11,474
chr19,56165406,56165780,9,374
chr19,56174997,56175142,5,145
chr19,56177193,56177367,5,174
chr19,56180533,56182077,15,1544
chr19,56188729,56190012,13,1283
chr19,56216643,56218533,70,1890
chr19,56221563,56222049,9,486
chr19,56230246,56230351,5,105
chr19,56233914,56234321,6,407
chr19,56286851,56287251,5,400
chr19,56314545,56316332,47,1787
chr19,56368257,56369217,27,960
chr19,56393333,56393590,22,257
chr19,56403909,56404477,36,568
chr19,56477365,56478333,64,968
chr19,56538307,56539148,40,841
chr19,56567288,56568056,19,768
chr19,56595208,56595527,29,319
chr19,56621983,56622575,36,592
chr19,56637765,56638359,8,594
chr19,56642830,56643926,20,1096
chr19,56659690,56660908,11,1218
chr19,56663085,56664957,49,1872
chr19,56671954,56672092,6,138
chr19,56765254,56765332,11,78
chr19,56768077,56768542,7,465
chr19,56823637,56824425,12,788
chr19,56837916,56838992,6,1076
chr19,56840246,56840337,6,91
chr19,56864760,56865229,11,469
chr19,56879476,56879757,5,281
chr19,56965803,56966602,14,799
chr19,57016605,57016679,5,74
chr19,57074136,57075109,9,973
chr19,57093352,57093540,7,188
chr19,57099466,57099568,13,102
chr19,57103517,57104778,16,1261
chr19,57106132,57106918,30,786
chr19,57119010,57120066,13,1056
chr19,57138280,57138455,5,175
chr19,57171796,57172634,26,838
chr19,57179126,57179300,6,174
chr19,57191478,57191938,11,460
chr19,57226311,57226429,5,118
chr19,57240258,57240986,39,728
chr19,57279876,57280466,13,590
chr19,57317616,57317764,11,148
chr19,57351095,57351867,33,772
chr19,57361887,57362131,10,244
chr19,57363218,57363999,18,781
chr19,57456984,57457106,6,122
chr19,57487740,57488100,25,360
chr19,57499873,57500230,35,357
chr19,57524882,57525061,5,179
chr19,57527265,57527885,27,620
chr19,57547366,57547950,8,584
chr19,57559200,57560413,41,1213
chr19,57578653,57578989,28,336
chr19,57580814,57581157,5,343
chr19,57583546,57584331,18,785
chr19,57599896,57600328,22,432
chr19,57614241,57614484,19,243
chr19,57633216,57633569,22,353
chr19,57663988,57664630,23,642
chr19,57681997,57682262,17,265
chr19,57708422,57709788,20,1366
chr19,57727372,57727959,30,587
chr19,57746804,57747109,12,305
chr19,57766145,57766239,6,94
chr19,57767464,57767527,5,63
chr19,57769648,57771432,36,1784
chr19,57786666,57786697,5,31
chr19,57803580,57804877,24,1297
chr19,57814494,57814920,17,426
chr19,57819509,57820399,29,890
chr19,57826709,57827320,10,611
chr19,57849779,57849840,6,61
chr19,57888599,57888670,7,71
chr19,57915426,57916800,21,1374
chr19,57934990,57935204,16,214
chr19,57946537,57947834,22,1297
chr19,58001835,58003875,84,2040
chr19,58009506,58010766,23,1260
chr19,58021622,58021750,9,128
chr19,58033402,58034528,26,1126
chr19,58043018,58043149,11,131
chr19,58044589,58045462,23,873
chr19,58059074,58060325,69,1251
chr19,58066933,58067462,10,529
chr19,58084798,58086212,27,1414
chr19,58098091,58098528,21,437
chr19,58101033,58101225,8,192
chr19,58113240,58113404,5,164
chr19,58118044,58118611,29,567
chr19,58150038,58151228,38,1190
chr19,58154111,58156283,62,2172
chr19,58157286,58157361,10,75
chr19,58182652,58183661,33,1009
chr19,58185043,58185114,6,71
chr19,58204112,58204851,21,739
chr19,58216492,58218626,42,2134
chr19,58220016,58221470,23,1454
chr19,58227515,58229187,33,1672
chr19,58272790,58273856,8,1066
chr19,58278567,58279589,30,1022
chr19,58305176,58305611,15,435
chr19,58312118,58312318,11,200
chr19,58319594,58320625,6,1031
chr19,58326914,58328039,43,1125
chr19,58344535,58344661,5,126
chr19,58346931,58348308,41,1377
chr19,58350635,58350832,18,197
chr19,58353480,58353563,6,83
chr19,58356254,58357358,53,1104
chr19,58362272,58363558,48,1286
chr19,58367569,58369259,70,1690
chr19,58372348,58373145,5,797
chr19,58380532,58381212,35,680
chr19,58386077,58387352,49,1275
chr19,58396087,58397006,98,919
chr19,58400558,58401983,25,1425
chr19,58405191,58405240,7,49
chr19,58407735,58409153,77,1418
chr19,58439728,58440714,13,986
chr19,58451245,58452999,42,1754
chr19,58455321,58456532,14,1211
chr19,58466678,58467390,35,712
chr19,58471909,58472020,11,111
chr19,58475776,58476630,26,854
chr19,58480427,58480532,6,105
chr19,58481628,58481886,5,258
chr19,58498585,58499643,20,1058
chr19,58504590,58505565,9,975
chr19,58507080,58508274,5,1194
chr19,58511314,58511692,6,378
chr19,58513787,58514437,27,650
chr19,58516516,58517455,23,939
chr19,58519156,58520145,48,989
chr19,58536390,58536499,7,109
chr19,58538021,58538872,35,851
chr19,58543575,58543851,16,276
chr19,58545096,58545200,6,104
chr19,58554399,58555285,46,886
chr19,58558102,58559249,56,1147
chr19,58562416,58563306,46,890
chr19,58565023,58566371,11,1348
chr19,58572981,58576011,57,3030
chr20,266773,267786,6,1013
chr20,278696,279533,13,837
chr20,283599,283830,5,231
chr20,297291,298780,98,1489
chr20,309966,310507,12,541
chr20,320008,320180,7,172
chr20,324503,328492,176,3989
chr20,346741,348249,36,1508
chr20,350196,350465,9,269
chr20,380609,381888,60,1279
chr20,390453,390723,8,270
chr20,407381,408722,55,1341
chr20,418437,420487,17,2050
chr20,461657,462566,50,909
chr20,571803,572090,5,287
chr20,574631,576037,10,1406
chr20,594543,595750,10,1207
chr20,605083,605151,5,68
chr20,610078,612107,74,2029
chr20,642637,642743,11,106
chr20,645576,645707,10,131
chr20,650786,653514,83,2728
chr20,662093,664180,45,2087
chr20,675105,676665,47,1560
chr20,681523,681813,5,290
chr20,700345,700738,5,393
chr20,702705,702796,5,91
chr20,710119,710326,30,207
chr20,727972,728538,45,566
chr20,761248,761407,6,159
chr20,818675,819562,28,887
chr20,832863,834367,29,1504
chr20,841077,841234,10,157
chr20,843861,845579,46,1718
chr20,873307,873666,5,359
chr20,941529,941619,5,90
chr20,951272,951428,9,156
chr20,1002061,1002775,56,714
chr20,1118144,1118964,42,820
chr20,1138437,1139669,5,1232
chr20,1181176,1181243,5,67
chr20,1182365,1183284,8,919
chr20,1184741,1185858,57,1117
chr20,1223276,1223741,7,465
chr20,1225510,1226995,59,1485
chr20,1266210,1267319,38,1109
chr20,1307943,1307980,5,37
chr20,1313185,1313599,15,414
chr20,1325288,1325769,27,481
chr20,1336872,1337602,9,730
chr20,1392653,1393303,19,650
chr20,1466306,1466893,62,587
chr20,1663036,1663140,7,104
chr20,1777134,1777379,13,245
chr20,1802112,1803814,66,1702
chr20,1893329,1896340,65,3011
chr20,1900548,1900775,8,227
chr20,1911712,1911788,5,76
chr20,1946925,1947105,6,180
chr20,1965429,1966037,5,608
chr20,1969959,1970188,11,229
chr20,2101714,2104156,94,2442
chr20,2149379,2150154,8,775
chr20,2165204,2165508,6,304
chr20,2191829,2192330,8,501
chr20,2207020,2207922,52,902
chr20,2209597,2210512,7,915
chr20,2320136,2320673,6,537
chr20,2327332,2327927,8,595
chr20,2334951,2335144,5,193
chr20,2348987,2349335,5,348
chr20,2403589,2403859,14,270
chr20,2469617,2471063,29,1446
chr20,2509173,2509274,8,101
chr20,2524652,2525457,32,805
chr20,2537658,2538455,6,797
chr20,2558392,2559611,46,1219
chr20,2652149,2653948,80,1799
chr20,2663711,2664734,34,1023
chr20,2666072,2666130,5,58
chr20,2686904,2688436,11,1532
chr20,2691454,2694841,161,3387
chr20,2709605,2710339,6,734
chr20,2716309,2716385,5,76
chr20,2749668,2753064,110,3396
chr20,2794032,2794235,7,203
chr20,2796188,2797275,10,1087
chr20,2798492,2798944,8,452
chr20,2800362,2802564,32,2202
chr20,2804552,2805786,34,1234
chr20,2820470,2821378,44,908
chr20,2840218,2841910,32,1692
chr20,2872094,2875383,99,3289
chr20,3045889,3047220,71,1331
chr20,3054443,3055668,8,1225
chr20,3071709,3072331,35,622
chr20,3082084,3083848,70,1764
chr20,3091441,3094605,67,3164
chr20,3095725,3096937,11,1212
chr20,3141577,3142598,6,1021
chr20,3159675,3160917,38,1242
chr20,3164710,3165594,19,884
chr20,3167071,3168632,25,1561
chr20,3171521,3171557,5,36
chr20,3173210,3174403,45,1193
chr20,3203414,3205007,29,1593
chr20,3209289,3209876,33,587
chr20,3218536,3218587,5,51
chr20,3228259,3228446,8,187
chr20,3231603,3231745,5,142
chr20,3233291,3233462,7,171
chr20,3236445,3236619,5,174
chr20,3237961,3240673,160,2712
chr20,3246284,3246451,10,167
chr20,3248593,3249212,24,619
chr20,3272990,3273126,8,136
chr20,3336832,3336972,6,140
chr20,3340527,3340956,5,429
chr20,3407442,3408813,52,1371
chr20,3441230,3441279,6,49
chr20,3470645,3471664,51,1019
chr20,3654527,3655034,7,507
chr20,3660514,3661130,48,616
chr20,3672321,3674259,59,1938
chr20,3675677,3676745,6,1068
chr20,3681827,3682301,33,474
chr20,3732181,3733384,38,1203
chr20,3744926,3745240,15,314
chr20,3751717,3752602,35,885
chr20,3766830,3768726,68,1896
chr20,3777738,3779245,29,1507
chr20,3781261,3783166,10,1905
chr20,3785526,3786920,40,1394
chr20,3789666,3790024,7,358
chr20,3795285,3797600,52,2315
chr20,3800686,3800869,6,183
chr20,3808416,3809278,5,862
chr20,3820115,3820989,54,874
chr20,3827422,3827528,7,106
chr20,3846482,3847264,38,782
chr20,3865990,3866130,5,140
chr20,3888309,3889859,41,1550
chr20,3892533,3892632,10,99
chr20,3899173,3899800,8,627
chr20,3903307,3903869,9,562
chr20,4014837,4016143,52,1306
chr20,4023778,4023835,5,57
chr20,4085569,4085723,6,154
chr20,4148109,4149848,74,1739
chr20,4161014,4162160,12,1146
chr20,4172223,4172682,28,459
chr20,4180836,4183391,16,2555
chr20,4221672,4221867,26,195
chr20,4248761,4250394,81,1633
chr20,4587440,4587940,8,500
chr20,4592689,4592849,21,160
chr20,4606755,4607723,14,968
chr20,4686286,4687464,53,1178
chr20,4720802,4721818,6,1016
chr20,4760726,4760797,9,71
chr20,4768578,4768901,5,323
chr20,4813251,4814624,7,1373
chr20,4822345,4824072,85,1727
chr20,4853157,4853231,8,74
chr20,4855692,4857180,12,1488
chr20,4949914,4950073,5,159
chr20,5000368,5001608,53,1240
chr20,5020402,5020641,5,239
chr20,5027753,5027802,5,49
chr20,5065699,5066788,10,1089
chr20,5098040,5098396,6,356
chr20,5112035,5113290,6,1255
chr20,5118841,5119168,5,327
chr20,5120214,5120317,5,103
chr20,5126094,5127715,48,1621
chr20,5315779,5317289,78,1510
chr20,5470267,5471533,8,1266
chr20,5504200,5504865,20,665
chr20,5610361,5611086,43,725
chr20,5620662,5620890,5,228
chr20,5750296,5750405,9,109
chr20,5795523,5796029,5,506
chr20,5890360,5890921,5,561
chr20,5911454,5911770,28,316
chr20,5950053,5950945,25,892
chr20,6005793,6006580,56,787
chr20,6052055,6052673,44,618
chr20,6082221,6082367,6,146
chr20,6122293,6123433,45,1140
chr20,6186703,6186859,5,156
chr20,6322002,6322102,7,100
chr20,6767223,6770544,146,3321
chr20,6809450,6809502,6,52
chr20,7218495,7218654,5,159
chr20,7666516,7667038,6,522
chr20,7724602,7724942,7,340
chr20,7803786,7803928,23,142
chr20,8019366,8019843,19,477
chr20,8131908,8133537,56,1629
chr20,8334133,8334165,6,32
chr20,8358341,8358546,9,205
chr20,8795799,8796154,6,355
chr20,8936059,8936492,7,433
chr20,8951042,8951333,6,291
chr20,9067737,9069346,47,1609
chr20,9386049,9386177,7,128
chr20,9506500,9508775,54,2275
chr20,9514766,9516235,41,1469
chr20,9565580,9565994,7,414
chr20,9838470,9839192,35,722
chr20,10034991,10035320,30,329
chr20,10049590,10049902,8,312
chr20,10171764,10172294,15,530
chr20,10217517,10218727,34,1210
chr20,10278911,10279009,6,98
chr20,10434005,10435081,41,1076
chr20,10667261,10667295,5,34
chr20,10671820,10674376,95,2556
chr20,11686985,11687207,18,222
chr20,11890085,11891469,54,1384
chr20,12892762,12894045,6,1283
chr20,13219529,13222550,119,3021
chr20,13638323,13638922,13,599
chr20,13783683,13783906,6,223
chr20,13785079,13785548,25,469
chr20,13901131,13901163,5,32
chr20,13932556,13932982,8,426
chr20,13995572,13996130,26,558
chr20,14226479,14227649,14,1170
chr20,14594823,14596250,11,1427
chr20,14653311,14653497,10,186
chr20,16227143,16227818,8,675
chr20,16368181,16368373,9,192
chr20,16573127,16575342,62,2215
chr20,16623590,16623719,8,129
chr20,16637251,16637820,6,569
chr20,16729643,16730196,33,553
chr20,16806639,16806895,6,256
chr20,16974931,16975758,6,827
chr20,17055002,17055150,5,148
chr20,17225994,17228930,80,2936
chr20,17315842,17315952,7,110
chr20,17436713,17436874,5,161
chr20,17490296,17491071,8,775
chr20,17504565,17505841,12,1276
chr20,17530180,17531482,39,1302
chr20,17534876,17534944,5,68
chr20,17569037,17570605,77,1568
chr20,17612108,17615535,36,3427
chr20,17617077,17617936,9,859
chr20,17620261,17620474,10,213
chr20,17634132,17634406,6,274
chr20,17640885,17641983,8,1098
chr20,17648974,17649334,6,360
chr20,17679958,17683969,167,4011
chr20,17835945,17836597,8,652
chr20,17884898,17885184,6,286
chr20,17956296,17956599,6,303
chr20,17968113,17968688,23,575
chr20,18011848,18011950,9,102
chr20,18055429,18059445,103,4016
chr20,18092233,18092787,10,554
chr20,18136911,18138273,29,1362
chr20,18196802,18197688,7,886
chr20,18287767,18288503,22,736
chr20,18315094,18315829,5,735
chr20,18428075,18428249,6,174
chr20,18464698,18467639,50,2941
chr20,18497134,18497821,8,687
chr20,18504776,18505036,6,260
chr20,18507541,18508118,30,577
chr20,18510622,18510917,6,295
chr20,18516743,18516842,5,99
chr20,18567073,18568770,22,1697
chr20,18575619,18575716,5,97
chr20,18587915,18588489,43,574
chr20,18612015,18612127,6,112
chr20,18623000,18623025,5,25
chr20,18630520,18630700,5,180
chr20,18712730,18713137,8,407
chr20,18794024,18794205,11,181
chr20,19211766,19213019,77,1253
chr20,19228499,19228561,5,62
chr20,19441008,19441262,5,254
chr20,19466750,19467167,7,417
chr20,19757586,19759091,74,1505
chr20,19823907,19823972,7,65
chr20,19956673,19957447,6,774
chr20,19964741,19964996,6,255
chr20,19975239,19977491,39,2252
chr20,19990319,19990687,8,368
chr20,20016128,20018532,37,2404
chr20,20052279,20052454,16,175
chr20,20199480,20200322,8,842
chr20,20232913,20233149,6,236
chr20,20305098,20305147,9,49
chr20,20364108,20365443,58,1335
chr20,20366851,20369890,159,3039
chr20,20387276,20387326,5,50
chr20,20396447,20396526,6,79
chr20,20411501,20411765,6,264
chr20,20568112,20568306,5,194
chr20,20711676,20713089,35,1413
chr20,20909606,20910089,8,483
chr20,20996269,20996485,8,216
chr20,21020337,21020916,11,579
chr20,21090621,21090951,7,330
chr20,21100355,21103542,99,3187
chr20,21105071,21106354,43,1283
chr20,21125026,21126303,48,1277
chr20,21134409,21135278,8,869
chr20,21302733,21303936,73,1203
chr20,21315535,21316081,5,546
chr20,21391460,21391731,18,271
chr20,21395728,21397528,105,1800
chr20,21505348,21506965,76,1617
chr20,21508522,21508988,31,466
chr20,21510071,21516070,164,5999
chr20,21517298,21523765,170,6467
chr20,21608540,21608672,5,132
chr20,21703045,21703723,11,678
chr20,21705501,21707159,62,1658
chr20,21708380,21709367,14,987
chr20,21712825,21714670,16,1845
chr20,21767761,21767831,11,70
chr20,21809012,21810477,11,1465
chr20,21839765,21840208,6,443
chr20,21985299,21985347,5,48
chr20,22062752,22062919,5,167
chr20,22296850,22297049,9,199
chr20,22343750,22343986,20,236
chr20,22430322,22431070,10,748
chr20,22512554,22512656,5,102
chr20,22568118,22569041,44,923
chr20,22576886,22577333,16,447
chr20,22578387,22579414,39,1027
chr20,22581582,22585427,117,3845
chr20,22586945,22587481,26,536
chr20,22675497,22675827,6,330
chr20,22678170,22678480,7,310
chr20,22692062,22692612,7,550
chr20,22747826,22748333,8,507
chr20,22942472,22942578,6,106
chr20,23034557,23035593,50,1036
chr20,23047336,23051475,118,4139
chr20,23085679,23087141,28,1462
chr20,23103756,23104025,5,269
chr20,23152243,23152671,5,428
chr20,23205356,23205985,7,629
chr20,23257209,23257363,5,154
chr20,23340310,23340358,5,48
chr20,23350591,23351365,36,774
chr20,23356414,23358620,53,2206
chr20,23361535,23362690,94,1155
chr20,23365967,23366096,9,129
chr20,23418803,23418903,5,100
chr20,23420181,23421592,43,1411
chr20,23637397,23638223,49,826
chr20,23654770,23656477,21,1707
chr20,23989363,23989428,5,65
chr20,23990441,23991433,6,992
chr20,24117817,24118807,8,990
chr20,24134973,24135831,9,858
chr20,24303999,24304222,5,223
chr20,24469068,24470938,70,1870
chr20,24486751,24487005,5,254
chr20,24504364,24504809,5,445
chr20,24585215,24585348,5,133
chr20,24587466,24587661,8,195
chr20,24596625,24596792,5,167
chr20,24616849,24618338,25,1489
chr20,24657081,24659632,11,2551
chr20,24664371,24664604,5,233
chr20,24665953,24666277,11,324
chr20,24672587,24673597,5,1010
chr20,24745851,24746705,10,854
chr20,24765065,24765958,5,893
chr20,24778876,24778957,6,81
chr20,24797389,24797492,5,103
chr20,24812548,24812692,6,144
chr20,24858578,24858728,6,150
chr20,24891925,24892733,10,808
chr20,24918278,24918449,10,171
chr20,24949329,24949605,9,276
chr20,24973484,24973655,5,171
chr20,24992102,24992998,36,896
chr20,25057317,25058554,48,1237
chr20,25077229,25077662,6,433
chr20,25081183,25085307,131,4124
chr20,25098745,25098839,6,94
chr20,25104835,25105445,5,610
chr20,25147698,25148561,29,863
chr20,25195128,25197014,29,1886
chr20,25207424,25207956,5,532
chr20,25212866,25214102,8,1236
chr20,25221893,25222627,14,734
chr20,25226087,25227365,11,1278
chr20,25247628,25248755,78,1127
chr20,25253377,25253773,5,396
chr20,25275233,25275890,6,657
chr20,25281816,25282141,6,325
chr20,25284720,25286149,14,1429
chr20,25290489,25291787,10,1298
chr20,25293654,25293791,5,137
chr20,25296436,25296497,5,61
chr20,25310126,25310211,7,85
chr20,25362427,25362767,5,340
chr20,25389936,25392936,42,3000
chr20,25406390,25408143,19,1753
chr20,25475784,25476738,19,954
chr20,25510608,25511350,7,742
chr20,25548569,25549413,8,844
chr20,25562111,25562156,5,45
chr20,25585155,25586132,66,977
chr20,25590918,25591493,5,575
chr20,25622723,25624331,36,1608
chr20,25688850,25688956,7,106
chr20,25696145,25697144,65,999
chr20,25774696,25774819,5,123
chr20,25853836,25854105,6,269
chr20,25856338,25868883,108,12545
chr20,25985261,25986036,13,775
chr20,26009621,26009869,11,248
chr20,26082000,26082080,7,80
chr20,26208010,26209562,79,1552
chr20,26251576,26251775,11,199
chr20,28602477,28602684,15,207
chr20,29080205,29080710,26,505
chr20,29296572,29297902,21,1330
chr20,29300092,29301438,48,1346
chr20,29306167,29306948,6,781
chr20,29311509,29311557,5,48
chr20,29313647,29313760,6,113
chr20,29318876,29320475,34,1599
chr20,29325080,29327900,46,2820
chr20,29407934,29408272,11,338
chr20,29409480,29411777,73,2297
chr20,29447684,29449000,30,1316
chr20,29497050,29497567,19,517
chr20,29546901,29546959,8,58
chr20,29687623,29688104,10,481
chr20,29689159,29690566,24,1407
chr20,29740754,29743639,109,2885
chr20,29750696,29750786,6,90
chr20,29753209,29754179,8,970
chr20,29756677,29756820,5,143
chr20,29762043,29765107,61,3064
chr20,29874025,29879298,81,5273
chr20,30281109,30281951,12,842
chr20,30283003,30284961,44,1958
chr20,30286267,30286323,7,56
chr20,30287618,30288508,10,890
chr20,30289803,30290643,10,840
chr20,30316186,30316302,9,116
chr20,30337409,30337518,10,109
chr20,30377176,30377855,18,679
chr20,30405346,30405440,6,94
chr20,30484691,30485626,11,935
chr20,30487991,30490026,71,2035
chr20,30497258,30497435,6,177
chr20,30505732,30506847,6,1115
chr20,30508538,30508621,6,83
chr20,30511467,30514223,36,2756
chr20,30519080,30519173,7,93
chr20,30585304,30586475,23,1171
chr20,30723568,30724301,27,733
chr20,30811963,30814647,37,2684
chr20,30815690,30816633,46,943
chr20,30891639,30894389,36,2750
chr20,30899107,30900633,30,1526
chr20,30905432,30906433,8,1001
chr20,30907554,30907856,6,302
chr20,30912489,30913254,11,765
chr20,30920941,30922459,45,1518
chr20,31053507,31055427,8,1920
chr20,31065708,31068634,21,2926
chr20,31447809,31447879,6,70
chr20,31454983,31455162,5,179
chr20,31460063,31460595,5,532
chr20,31465530,31466514,6,984
chr20,31475105,31475695,10,590
chr20,31484275,31486180,26,1905
chr20,31491914,31492078,7,164
chr20,31496957,31497118,6,161
chr20,31512415,31514978,32,2563
chr20,31547191,31547425,21,234
chr20,31569455,31570992,9,1537
chr20,31572678,31573156,19,478
chr20,31577318,31578957,16,1639
chr20,31586774,31588123,44,1349
chr20,31590551,31590583,6,32
chr20,31600901,31600963,5,62
chr20,31604244,31606183,56,1939
chr20,31612831,31613728,18,897
chr20,31618585,31619171,11,586
chr20,31627100,31627306,7,206
chr20,31630794,31631005,8,211
chr20,31654193,31654329,5,136
chr20,31660848,31662184,15,1336
chr20,31721824,31724068,77,2244
chr20,31725614,31725746,5,132
chr20,31731532,31733428,10,1896
chr20,31738559,31739569,25,1010
chr20,31744222,31744311,5,89
chr20,31785600,31785707,6,107
chr20,31822876,31823629,14,753
chr20,31834785,31835112,8,327
chr20,31844414,31845521,13,1107
chr20,31848255,31848304,6,49
chr20,31849819,31849958,10,139
chr20,31861459,31861812,25,353
chr20,31869984,31870779,37,795
chr20,31880161,31880553,5,392
chr20,31907645,31908688,8,1043
chr20,31951543,31952105,23,562
chr20,31967977,31969036,29,1059
chr20,32018161,32019557,87,1396
chr20,32030991,32031574,29,583
chr20,32051459,32052952,41,1493
chr20,32054399,32054528,7,129
chr20,32071728,32072813,9,1085
chr20,32101361,32101431,5,70
chr20,32109801,32110004,7,203
chr20,32121919,32122178,6,259
chr20,32141794,32142042,11,248
chr20,32189427,32190687,31,1260
chr20,32194018,32195069,5,1051
chr20,32207293,32208109,64,816
chr20,32212462,32213412,7,950
chr20,32244475,32245970,10,1495
chr20,32259585,32260431,7,846
chr20,32277598,32277876,30,278
chr20,32296025,32296114,5,89
chr20,32358198,32359266,58,1068
chr20,32433819,32434635,10,816
chr20,32446330,32446546,5,216
chr20,32456992,32457874,39,882
chr20,32461308,32461515,8,207
chr20,32462829,32466465,26,3636
chr20,32473489,32473783,7,294
chr20,32474938,32476426,21,1488
chr20,32481799,32484782,105,2983
chr20,32519427,32520495,11,1068
chr20,32536199,32536789,15,590
chr20,32561276,32561322,5,46
chr20,32574059,32574899,22,840
chr20,32580962,32581443,11,481
chr20,32582715,32585703,135,2988
chr20,32605169,32605780,5,611
chr20,32608213,32608398,6,185
chr20,32621979,32622931,12,952
chr20,32627142,32627570,14,428
chr20,32650267,32651124,5,857
chr20,32671695,32672039,7,344
chr20,32692330,32694290,12,1960
chr20,32702334,32702533,5,199
chr20,32708403,32708750,5,347
chr20,32742833,32746076,48,3243
chr20,32761867,32763580,90,1713
chr20,32774333,32774879,7,546
chr20,32784583,32784827,6,244
chr20,32819731,32821176,55,1445
chr20,32826559,32827362,5,803
chr20,32899107,32899212,6,105
chr20,32935243,32935361,5,118
chr20,32987630,32988558,6,928
chr20,32998246,32998392,5,146
chr20,33056610,33057281,6,671
chr20,33163746,33165046,7,1300
chr20,33186606,33186704,5,98
chr20,33211597,33212116,5,519
chr20,33312552,33312683,7,131
chr20,33389425,33389477,6,52
chr20,33401350,33401551,22,201
chr20,33409521,33409791,9,270
chr20,33443335,33444027,59,692
chr20,33453543,33454601,7,1058
chr20,33489386,33490662,79,1276
chr20,33502507,33503315,11,808
chr20,33518914,33519394,6,480
chr20,33639498,33639571,6,73
chr20,33651776,33652306,6,530
chr20,33663330,33664292,49,962
chr20,33666659,33668083,39,1424
chr20,33674159,33675074,49,915
chr20,33676964,33677440,5,476
chr20,33685769,33686623,93,854
chr20,33720079,33720260,16,181
chr20,33729960,33729992,5,32
chr20,33731706,33733389,68,1683
chr20,33757272,33757338,5,66
chr20,33770673,33771338,5,665
chr20,33783551,33783782,5,231
chr20,33811227,33811771,35,544
chr20,33861354,33862863,23,1509
chr20,33863913,33865574,9,1661
chr20,33881574,33882314,5,740
chr20,33992923,33994501,53,1578
chr20,34080885,34081020,6,135
chr20,34098170,34098265,5,95
chr20,34111521,34113282,52,1761
chr20,34132613,34132956,9,343
chr20,34184817,34185167,14,350
chr20,34205190,34205393,7,203
chr20,34268897,34270067,26,1170
chr20,34275837,34277279,12,1442
chr20,34280825,34281052,5,227
chr20,34296671,34297391,9,720
chr20,34302772,34303608,42,836
chr20,34311409,34311952,21,543
chr20,34338226,34338472,6,246
chr20,34362267,34365575,72,3308
chr20,34417421,34417626,8,205
chr20,34419544,34419880,10,336
chr20,34451214,34451434,6,220
chr20,34476353,34476452,13,99
chr20,34514342,34515455,8,1113
chr20,34516474,34516773,12,299
chr20,34540782,34541258,8,476
chr20,34548520,34549118,6,598
chr20,34558382,34559550,91,1168
chr20,34568535,34569526,5,991
chr20,34583608,34584583,7,975
chr20,34620735,34621024,7,289
chr20,34641082,34641212,5,130
chr20,34666644,34666789,5,145
chr20,34672977,34673081,6,104
chr20,34676582,34678217,29,1635
chr20,34702536,34704748,41,2212
chr20,34708423,34710316,69,1893
chr20,34825065,34825593,38,528
chr20,34849992,34851066,8,1074
chr20,34863366,34863721,13,355
chr20,34872601,34872948,17,347
chr20,34875993,34876954,32,961
chr20,34899164,34899649,5,485
chr20,34955556,34955831,28,275
chr20,34979475,34979626,5,151
chr20,34987625,34987864,5,239
chr20,35005158,35006240,6,1082
chr20,35092496,35092624,13,128
chr20,35134754,35134959,5,205
chr20,35137899,35138879,5,980
chr20,35146617,35148597,38,1980
chr20,35178576,35179157,5,581
chr20,35205197,35205643,6,446
chr20,35226260,35227105,57,845
chr20,35258895,35259335,6,440
chr20,35277074,35278036,23,962
chr20,35284187,35285906,61,1719
chr20,35287388,35287895,8,507
chr20,35292298,35293132,9,834
chr20,35402434,35402707,6,273
chr20,35411897,35412963,22,1066
chr20,35416887,35417172,9,285
chr20,35426311,35427073,5,762
chr20,35437472,35437765,8,293
chr20,35454560,35455988,41,1428
chr20,35482440,35482534,6,94
chr20,35541725,35542223,13,498
chr20,35600631,35602938,35,2307
chr20,35608380,35608543,5,163
chr20,35615026,35619707,78,4681
chr20,35664101,35666138,36,2037
chr20,35677962,35678176,5,214
chr20,35685789,35686274,9,485
chr20,35698955,35699810,59,855
chr20,35741222,35741947,22,725
chr20,35763056,35763404,6,348
chr20,35771562,35772367,54,805
chr20,35780326,35780639,6,313
chr20,35814797,35815024,5,227
chr20,35827707,35827819,6,112
chr20,35870016,35870298,6,282
chr20,35891098,35891506,7,408
chr20,35953681,35954680,55,999
chr20,35955822,35956015,9,193
chr20,35967374,35967709,5,335
chr20,36050531,36051200,36,669
chr20,36064118,36065702,10,1584
chr20,36076952,36077166,9,214
chr20,36092238,36094399,59,2161
chr20,36124179,36124363,5,184
chr20,36154328,36155156,26,828
chr20,36188361,36188488,5,127
chr20,36208964,36209855,17,891
chr20,36218597,36218948,8,351
chr20,36236128,36236728,28,600
chr20,36305907,36308442,83,2535
chr20,36311755,36313015,5,1260
chr20,36339856,36340326,5,470
chr20,36349342,36349741,5,399
chr20,36361613,36361893,5,280
chr20,36368984,36369165,7,181
chr20,36400898,36401480,9,582
chr20,36431599,36432012,9,413
chr20,36435996,36437050,16,1054
chr20,36460766,36461594,42,828
chr20,36476488,36476854,5,366
chr20,36511799,36512143,8,344
chr20,36526574,36527009,12,435
chr20,36539154,36539224,6,70
chr20,36540541,36542119,35,1578
chr20,36557234,36557474,5,240
chr20,36561268,36561459,5,191
chr20,36572557,36575461,147,2904
chr20,36604839,36606153,56,1314
chr20,36617458,36617963,7,505
chr20,36675220,36675479,6,259
chr20,36682922,36683136,5,214
chr20,36711046,36711176,8,130
chr20,36745552,36745898,12,346
chr20,36751207,36751758,14,551
chr20,36761933,36762199,5,266
chr20,36773493,36774370,43,877
chr20,36788377,36788465,5,88
chr20,36794247,36794303,5,56
chr20,36861100,36864885,133,3785
chr20,36881304,36881651,11,347
chr20,36888630,36888976,5,346
chr20,36951050,36952152,45,1102
chr20,36973045,36973990,8,945
chr20,36978435,36978558,5,123
chr20,37012903,37013015,7,112
chr20,37052310,37052424,6,114
chr20,37095751,37096200,19,449
chr20,37119392,37120164,6,772
chr20,37178926,37179441,22,515
chr20,37258763,37259129,5,366
chr20,37263178,37263422,8,244
chr20,37289660,37290754,28,1094
chr20,37326464,37327409,5,945
chr20,37345935,37346869,45,934
chr20,37349615,37349909,8,294
chr20,37383497,37384881,29,1384
chr20,37396708,37396794,5,86
chr20,37397959,37398119,7,160
chr20,37406681,37407370,21,689
chr20,37439043,37439546,6,503
chr20,37519302,37521542,33,2240
chr20,37527473,37528425,40,952
chr20,37564132,37564587,28,455
chr20,37597812,37598256,16,444
chr20,37670243,37670706,7,463
chr20,37693798,37694250,20,452
chr20,37877865,37878567,6,702
chr20,37882569,37882633,5,64
chr20,37884926,37886636,15,1710
chr20,37890914,37891032,5,118
chr20,37898072,37898478,12,406
chr20,37900969,37904395,66,3426
chr20,37907847,37908312,6,465
chr20,37914842,37916563,34,1721
chr20,37936230,37936273,5,43
chr20,37943268,37944499,23,1231
chr20,37953779,37954898,9,1119
chr20,38033450,38034464,47,1014
chr20,38035554,38035827,5,273
chr20,38108315,38108807,5,492
chr20,38121123,38121484,9,361
chr20,38143442,38144558,7,1116
chr20,38152222,38153449,17,1227
chr20,38165077,38166532,30,1455
chr20,38260590,38261030,7,440
chr20,38287290,38288742,8,1452
chr20,38349612,38349646,5,34
chr20,38435074,38435363,20,289
chr20,38446782,38446964,10,182
chr20,38472366,38473318,26,952
chr20,38513453,38513471,5,18
chr20,38599810,38599879,5,69
chr20,38615035,38615631,10,596
chr20,38655912,38656012,7,100
chr20,38674358,38675006,39,648
chr20,38722839,38731675,157,8836
chr20,38748078,38748625,21,547
chr20,38800574,38800674,6,100
chr20,38805029,38807192,72,2163
chr20,38893955,38894143,19,188
chr20,38910919,38911235,5,316
chr20,38925825,38927191,50,1366
chr20,38954843,38955453,5,610
chr20,38962406,38962467,8,61
chr20,39050181,39050349,16,168
chr20,39150541,39150783,9,242
chr20,40135869,40135922,8,53
chr20,40443466,40443496,5,30
chr20,40632051,40632603,7,552
chr20,40682669,40684168,58,1499
chr20,40686938,40690889,157,3951
chr20,40738284,40738417,5,133
chr20,40782100,40782289,6,189
chr20,40886681,40887669,9,988
chr20,40968945,40969155,5,210
chr20,41028240,41029694,74,1454
chr20,41136881,41138968,70,2087
chr20,41232690,41232746,6,56
chr20,41317013,41317682,52,669
chr20,41345861,41345933,7,72
chr20,41363341,41367516,89,4175
chr20,41416580,41416690,7,110
chr20,41586235,41586295,6,60
chr20,41617789,41619107,75,1318
chr20,41692883,41693212,14,329
chr20,41694351,41694623,6,272
chr20,42014201,42014461,5,260
chr20,42085713,42085820,9,107
chr20,42087391,42087729,5,338
chr20,42102116,42102236,6,120
chr20,42110362,42110459,6,97
chr20,42475533,42475955,6,422
chr20,42945240,42945627,5,387
chr20,43187942,43190116,96,2174
chr20,43295451,43296591,14,1140
chr20,43336527,43337230,8,703
chr20,43356339,43356451,6,112
chr20,43385749,43386035,5,286
chr20,43389460,43391278,12,1818
chr20,43428047,43428535,10,488
chr20,43440989,43441188,6,199
chr20,43444316,43444571,7,255
chr20,43457186,43457391,16,205
chr20,43458610,43459270,6,660
chr20,43507179,43507935,34,756
chr20,43513811,43514855,27,1044
chr20,43565097,43565136,6,39
chr20,43590284,43591080,23,796
chr20,43657731,43657789,6,58
chr20,43666380,43667787,39,1407
chr20,43694256,43694740,6,484
chr20,43749647,43749938,6,291
chr20,43814514,43814563,5,49
chr20,43914724,43916313,55,1589
chr20,43938209,43938637,7,428
chr20,43993980,43995050,5,1070
chr20,44044527,44044655,5,128
chr20,44068604,44069325,10,721
chr20,44115904,44116337,20,433
chr20,44187125,44187519,12,394
chr20,44210214,44211285,43,1071
chr20,44219874,44220752,10,878
chr20,44229101,44231420,11,2319
chr20,44247201,44247956,23,755
chr20,44299102,44299191,10,89
chr20,44310907,44311290,25,383
chr20,44326717,44327044,15,327
chr20,44337377,44337462,5,85
chr20,44355684,44355754,5,70
chr20,44370127,44370188,6,61
chr20,44388766,44388859,9,93
chr20,44400548,44401153,7,605
chr20,44406138,44406195,6,57
chr20,44407262,44407454,5,192
chr20,44412514,44414524,7,2010
chr20,44436016,44436219,5,203
chr20,44475535,44476511,37,976
chr20,44480085,44480279,11,194
chr20,44521724,44522000,20,276
chr20,44531740,44532579,31,839
chr20,44609772,44610179,12,407
chr20,44614764,44615799,7,1035
chr20,44618637,44618704,7,67
chr20,44627090,44627342,5,252
chr20,44647184,44647732,9,548
chr20,44651100,44652655,73,1555
chr20,44699005,44699434,6,429
chr20,44702826,44703339,7,513
chr20,44714691,44715462,5,771
chr20,44719996,44720049,7,53
chr20,44727215,44728082,9,867
chr20,44745658,44746243,45,585
chr20,44750684,44750780,11,96
chr20,44755362,44755706,8,344
chr20,44809336,44811009,41,1673
chr20,44815653,44815946,7,293
chr20,44885301,44886682,45,1381
chr20,44909781,44911845,49,2064
chr20,44960113,44960466,40,353
chr20,44966290,44967564,46,1274
chr20,45097624,45098730,77,1106
chr20,45100886,45101220,27,334
chr20,45215141,45215225,7,84
chr20,45286454,45286713,6,259
chr20,45293328,45294024,39,696
chr20,45297746,45297966,5,220
chr20,45311900,45312035,6,135
chr20,45316350,45317095,46,745
chr20,45319782,45320477,17,695
chr20,45337507,45337928,8,421
chr20,45348048,45348783,37,735
chr20,45363009,45363511,29,502
chr20,45373016,45373206,8,190
chr20,45405938,45407246,87,1308
chr20,45416106,45416378,20,272
chr20,45425670,45426453,6,783
chr20,45436839,45436922,10,83
chr20,45469088,45470873,34,1785
chr20,45756025,45756085,5,60
chr20,45791995,45792842,11,847
chr20,45812693,45812973,17,280
chr20,45822878,45824162,34,1284
chr20,45833663,45834298,50,635
chr20,45857119,45857785,7,666
chr20,45890163,45892844,54,2681
chr20,45910703,45913165,57,2462
chr20,45932723,45936653,95,3930
chr20,45947654,45948581,6,927
chr20,45960852,45962322,11,1470
chr20,45971217,45973782,65,2565
chr20,46002403,46003733,9,1330
chr20,46009991,46011122,22,1131
chr20,46012350,46014402,36,2052
chr20,46021729,46022183,21,454
chr20,46029202,46029818,45,616
chr20,46030946,46033225,46,2279
chr20,46056186,46059254,88,3068
chr20,46087683,46090528,67,2845
chr20,46091830,46092099,6,269
chr20,46099691,46100108,20,417
chr20,46118016,46118142,6,126
chr20,46153258,46153496,13,238
chr20,46162698,46163057,6,359
chr20,46174267,46174650,30,383
chr20,46178155,46178204,5,49
chr20,46200636,46201208,32,572
chr20,46210323,46211095,17,772
chr20,46227164,46227623,13,459
chr20,46237369,46237467,5,98
chr20,46251133,46251505,28,372
chr20,46265059,46265217,6,158
chr20,46305794,46309315,107,3521
chr20,46312545,46312775,18,230
chr20,46314310,46314936,5,626
chr20,46317094,46317803,12,709
chr20,46342025,46342111,5,86
chr20,46359939,46360844,7,905
chr20,46364113,46364504,32,391
chr20,46371441,46371605,7,164
chr20,46405502,46407247,60,1745
chr20,46410706,46411150,8,444
chr20,46457100,46457315,5,215
chr20,46563382,46563600,11,218
chr20,46640668,46641042,5,374
chr20,46651282,46652690,20,1408
chr20,46656862,46657297,5,435
chr20,46682882,46684361,8,1479
chr20,46689005,46689845,32,840
chr20,46708869,46710009,9,1140
chr20,46811336,46811651,26,315
chr20,46829339,46829437,5,98
chr20,46894348,46895559,48,1211
chr20,47117480,47117669,8,189
chr20,47144280,47144448,5,168
chr20,47161626,47162079,8,453
chr20,47183167,47183925,6,758
chr20,47195002,47197873,18,2871
chr20,47210139,47211105,9,966
chr20,47240181,47240462,6,281
chr20,47262331,47262618,6,287
chr20,47306251,47307279,9,1028
chr20,47317422,47320070,26,2648
chr20,47338371,47339312,6,941
chr20,47356852,47358688,17,1836
chr20,47362329,47362443,5,114
chr20,47384613,47385120,5,507
chr20,47395886,47396060,6,174
chr20,47501569,47502492,21,923
chr20,47640603,47640744,5,141
chr20,47676679,47676760,5,81
chr20,47688137,47688469,6,332
chr20,47697808,47698134,6,326
chr20,47701927,47702218,5,291
chr20,47705261,47705347,5,86
chr20,47715706,47715907,5,201
chr20,47736871,47736984,8,113
chr20,47740885,47741164,6,279
chr20,47762782,47762965,5,183
chr20,47784598,47786762,107,2164
chr20,47809815,47810933,9,1118
chr20,47818178,47819110,5,932
chr20,47842857,47843022,5,165
chr20,47867270,47867536,6,266
chr20,47894741,47895650,15,909
chr20,47897387,47898217,14,830
chr20,47912497,47912639,5,142
chr20,47950686,47951328,26,642
chr20,48025095,48025237,5,142
chr20,48059058,48059888,6,830
chr20,48121543,48122578,10,1035
chr20,48142519,48142591,5,72
chr20,48196718,48197115,6,397
chr20,48216942,48217275,8,333
chr20,48300195,48300400,6,205
chr20,48327071,48327233,6,162
chr20,48361216,48361315,6,99
chr20,48374003,48374950,6,947
chr20,48384392,48384640,7,248
chr20,48453403,48454438,6,1035
chr20,48455816,48455907,6,91
chr20,48472163,48473756,18,1593
chr20,48475939,48477214,8,1275
chr20,48499935,48503935,16,4000
chr20,48563390,48563455,6,65
chr20,48620358,48622615,9,2257
chr20,48624811,48625867,13,1056
chr20,48642105,48643236,9,1131
chr20,48652337,48653342,6,1005
chr20,48665094,48666174,6,1080
chr20,48722668,48723436,7,768
chr20,48747461,48747583,5,122
chr20,48826511,48829269,94,2758
chr20,48850207,48850463,6,256
chr20,48887544,48887866,12,322
chr20,48904461,48905067,6,606
chr20,48921058,48922134,11,1076
chr20,48982961,48983077,6,116
chr20,49044329,49044602,8,273
chr20,49046327,49047745,21,1418
chr20,49061563,49061792,10,229
chr20,49112134,49112960,7,826
chr20,49187665,49189372,91,1707
chr20,49196368,49196679,7,311
chr20,49201598,49202389,12,791
chr20,49207846,49207973,5,127
chr20,49218940,49220532,23,1592
chr20,49232864,49233664,5,800
chr20,49277962,49279543,39,1581
chr20,49345572,49345800,5,228
chr20,49348048,49348257,5,209
chr20,49397699,49397887,5,188
chr20,49458197,49458289,6,92
chr20,49463980,49464667,6,687
chr20,49482809,49484561,34,1752
chr20,49540461,49541394,5,933
chr20,49565168,49565409,8,241
chr20,49567670,49567925,18,255
chr20,49586425,49586932,7,507
chr20,49603244,49603442,5,198
chr20,49704643,49704782,5,139
chr20,49712934,49713965,93,1031
chr20,49812723,49813287,35,564
chr20,49915229,49916543,51,1314
chr20,49927687,49929876,9,2189
chr20,49935940,49936633,20,693
chr20,49956043,49956934,9,891
chr20,49966107,49966468,8,361
chr20,49981988,49983541,27,1553
chr20,50003038,50003180,5,142
chr20,50009907,50011397,35,1490
chr20,50040149,50040857,5,708
chr20,50057474,50058427,5,953
chr20,50059845,50060722,7,877
chr20,50070678,50071713,28,1035
chr20,50079465,50079642,8,177
chr20,50084709,50085340,9,631
chr20,50086799,50087033,11,234
chr20,50112199,50113238,28,1039
chr20,50153156,50154108,76,952
chr20,50161911,50162305,5,394
chr20,50171467,50171685,5,218
chr20,50190146,50193002,153,2856
chr20,50212554,50213491,11,937
chr20,50222467,50223698,10,1231
chr20,50233379,50234540,10,1161
chr20,50235554,50235642,5,88
chr20,50243139,50243348,11,209
chr20,50284148,50284348,5,200
chr20,50285421,50286073,10,652
chr20,50292446,50292730,7,284
chr20,50308792,50308959,6,167
chr20,50377124,50377524,5,400
chr20,50379059,50379484,13,425
chr20,50391640,50391685,6,45
chr20,50430810,50430925,5,115
chr20,50435484,50436199,5,715
chr20,50502145,50502320,5,175
chr20,50509307,50510846,56,1539
chr20,50557835,50557927,6,92
chr20,50561330,50561471,5,141
chr20,50593495,50594375,7,880
chr20,50597382,50597808,16,426
chr20,50624240,50624831,9,591
chr20,50645702,50645793,5,91
chr20,50647251,50647568,5,317
chr20,50669724,50670227,5,503
chr20,50690679,50691545,24,866
chr20,50707444,50707544,10,100
chr20,50725102,50726198,11,1096
chr20,50730447,50732043,66,1596
chr20,50768587,50768658,6,71
chr20,50790813,50790936,10,123
chr20,50793987,50795882,70,1895
chr20,50810219,50810751,11,532
chr20,50816890,50817772,8,882
chr20,50846979,50847141,8,162
chr20,50851217,50852085,6,868
chr20,50853230,50854427,7,1197
chr20,50864260,50865216,5,956
chr20,50870432,50870682,5,250
chr20,50875547,50876560,11,1013
chr20,50888105,50888253,7,148
chr20,50922452,50922932,5,480
chr20,50930532,50931771,77,1239
chr20,50943105,50943452,5,347
chr20,50947132,50947203,9,71
chr20,50957973,50959154,38,1181
chr20,50980823,50981564,10,741
chr20,51010214,51010305,12,91
chr20,51022025,51023657,24,1632
chr20,51040187,51040681,7,494
chr20,51092798,51092967,5,169
chr20,51188531,51188984,8,453
chr20,51193097,51193665,6,568
chr20,51237943,51238155,7,212
chr20,51307198,51308284,8,1086
chr20,51313888,51314537,6,649
chr20,51328282,51328587,5,305
chr20,51331177,51331406,7,229
chr20,51369481,51370171,13,690
chr20,51383059,51383168,8,109
chr20,51406491,51407464,9,973
chr20,51412970,51413174,9,204
chr20,51428510,51430046,10,1536
chr20,51432149,51432467,13,318
chr20,51445032,51445252,6,220
chr20,51492561,51492706,11,145
chr20,51497507,51499126,12,1619
chr20,51516854,51517081,5,227
chr20,51523368,51525189,16,1821
chr20,51542640,51542899,30,259
chr20,51562261,51562813,16,552
chr20,51570524,51570862,7,338
chr20,51595130,51595737,7,607
chr20,51601830,51602213,5,383
chr20,51651853,51652978,8,1125
chr20,51671187,51671958,9,771
chr20,51675670,51676166,7,496
chr20,51678556,51678970,6,414
chr20,51684620,51684942,6,322
chr20,51713840,51714644,11,804
chr20,51766764,51768697,93,1933
chr20,51773095,51773852,6,757
chr20,51791466,51792101,9,635
chr20,51800646,51802692,91,2046
chr20,51817240,51817698,5,458
chr20,51838491,51839041,7,550
chr20,51844428,51845337,11,909
chr20,51864913,51865198,8,285
chr20,51908869,51909114,6,245
chr20,51940540,51940599,7,59
chr20,51985643,51985711,6,68
chr20,51999916,52000646,7,730
chr20,52016711,52017048,7,337
chr20,52022463,52022568,6,105
chr20,52031804,52032078,5,274
chr20,52034605,52034877,6,272
chr20,52084831,52085013,10,182
chr20,52104037,52106954,66,2917
chr20,52111137,52111309,11,172
chr20,52190996,52192175,81,1179
chr20,52727429,52728250,11,821
chr20,52778328,52778922,5,594
chr20,52972669,52973519,22,850
chr20,52986255,52986589,6,334
chr20,53187415,53187571,5,156
chr20,53216925,53217135,6,210
chr20,53343261,53343448,8,187
chr20,53382982,53384110,5,1128
chr20,53521388,53521896,7,508
chr20,53557656,53557993,8,337
chr20,53575784,53576714,23,930
chr20,53581587,53581617,5,30
chr20,53592650,53595330,127,2680
chr20,53607863,53610043,14,2180
chr20,53617502,53618021,6,519
chr20,53630553,53630662,6,109
chr20,53659200,53659582,10,382
chr20,53667603,53667998,6,395
chr20,53681754,53681872,6,118
chr20,53695093,53695151,5,58
chr20,53717762,53717873,7,111
chr20,53757541,53757763,11,222
chr20,53759523,53759555,6,32
chr20,53936200,53936590,6,390
chr20,54028646,54028970,9,324
chr20,54034967,54035227,5,260
chr20,54123836,54124582,10,746
chr20,54173120,54174390,43,1270
chr20,54188747,54188953,6,206
chr20,54195075,54195207,5,132
chr20,54207839,54209233,38,1394
chr20,54452123,54452248,6,125
chr20,54475610,54476613,45,1003
chr20,54919240,54919351,8,111
chr20,56003155,56005897,99,2742
chr20,56358806,56359930,44,1124
chr20,56391345,56391538,5,193
chr20,56392703,56393021,12,318
chr20,56403523,56403707,7,184
chr20,56445717,56445965,9,248
chr20,56455871,56456177,5,306
chr20,56468404,56468750,16,346
chr20,56545880,56546019,5,139
chr20,56560287,56560724,6,437
chr20,56596864,56596918,5,54
chr20,56623913,56631518,215,7605
chr20,56644418,56644649,7,231
chr20,56660875,56661054,5,179
chr20,56686100,56686303,5,203
chr20,56712372,56713263,9,891
chr20,56724131,56724388,5,257
chr20,56726182,56727370,8,1188
chr20,56782775,56783484,12,709
chr20,56802185,56802295,5,110
chr20,56803732,56804525,16,793
chr20,56807472,56808551,5,1079
chr20,56874078,56874354,7,276
chr20,56893081,56893387,7,306
chr20,56925247,56926040,47,793
chr20,56957669,56958552,14,883
chr20,57047740,57048100,11,360
chr20,57086030,57086245,5,215
chr20,57090017,57090118,5,101
chr20,57091902,57093065,16,1163
chr20,57094356,57094740,6,384
chr20,57110649,57110680,5,31
chr20,57118614,57118788,5,174
chr20,57138797,57138862,5,65
chr20,57153896,57154211,6,315
chr20,57170539,57171091,14,552
chr20,57179274,57181165,23,1891
chr20,57186253,57186906,7,653
chr20,57212277,57213550,17,1273
chr20,57255656,57255996,5,340
chr20,57259541,57260775,6,1234
chr20,57263449,57267345,89,3896
chr20,57273934,57274353,5,419
chr20,57301421,57301822,9,401
chr20,57316292,57316597,7,305
chr20,57349397,57349592,8,195
chr20,57350857,57351493,19,636
chr20,57388210,57392906,103,4696
chr20,57395794,57396367,7,573
chr20,57399035,57400573,15,1538
chr20,57406918,57407259,11,341
chr20,57418383,57418541,8,158
chr20,57420548,57421343,6,795
chr20,57428656,57429201,6,545
chr20,57432933,57433170,7,237
chr20,57439697,57441187,21,1490
chr20,57442997,57443089,5,92
chr20,57445207,57445337,5,130
chr20,57450717,57452345,14,1628
chr20,57463932,57464452,10,520
chr20,57470187,57471345,9,1158
chr20,57490298,57490491,6,193
chr20,57495730,57495908,5,178
chr20,57500345,57501729,11,1384
chr20,57512080,57512965,5,885
chr20,57514384,57515213,8,829
chr20,57524106,57525168,10,1062
chr20,57570215,57570366,9,151
chr20,57578694,57581359,13,2665
chr20,57592505,57593652,14,1147
chr20,57596908,57597397,24,489
chr20,57612665,57612869,5,204
chr20,57615482,57615776,7,294
chr20,57618449,57621172,20,2723
chr20,57652138,57652371,12,233
chr20,57656867,57657925,12,1058
chr20,57661236,57661373,11,137
chr20,57668054,57668432,5,378
chr20,57672242,57673200,27,958
chr20,57682960,57684178,10,1218
chr20,57685224,57686169,10,945
chr20,57698675,57698735,5,60
chr20,57706181,57706235,6,54
chr20,57708220,57710709,116,2489
chr20,57711948,57712168,6,220
chr20,57717823,57718660,6,837
chr20,57748765,57749182,17,417
chr20,57786492,57786745,6,253
chr20,57867362,57868347,10,985
chr20,57961590,57962550,5,960
chr20,58017285,58017935,10,650
chr20,58111027,58111503,5,476
chr20,58114166,58114507,5,341
chr20,58150812,58151118,14,306
chr20,58174025,58174123,7,98
chr20,58179228,58179827,26,599
chr20,58236756,58237192,15,436
chr20,58291896,58293048,6,1152
chr20,58307724,58310061,40,2337
chr20,58324790,58324903,8,113
chr20,58389092,58389690,40,598
chr20,58461082,58462050,7,968
chr20,58467218,58467599,14,381
chr20,58471283,58471393,8,110
chr20,58472406,58472468,5,62
chr20,58514284,58517805,46,3521
chr20,58523181,58523309,6,128
chr20,58546013,58547880,7,1867
chr20,58569342,58569399,6,57
chr20,58593010,58594567,7,1557
chr20,58596722,58597225,10,503
chr20,58613693,58613810,6,117
chr20,58624083,58624232,5,149
chr20,58638804,58640372,7,1568
chr20,58649189,58652552,110,3363
chr20,58663866,58663954,5,88
chr20,58669350,58669453,8,103
chr20,58675752,58675875,11,123
chr20,58692476,58693241,56,765
chr20,58694287,58694565,13,278
chr20,58698921,58699245,6,324
chr20,58701289,58701810,5,521
chr20,58713742,58713898,7,156
chr20,58714931,58715694,8,763
chr20,58720564,58721076,9,512
chr20,58747330,58747546,5,216
chr20,58794564,58796419,17,1855
chr20,58809159,58809491,7,332
chr20,58839623,58843122,93,3499
chr20,58850878,58856279,133,5401
chr20,58868897,58869434,13,537
chr20,58870612,58871562,5,950
chr20,58888210,58892661,163,4451
chr20,58980750,58981743,48,993
chr20,59002603,59008336,63,5733
chr20,59013757,59014751,5,994
chr20,59024211,59024379,8,168
chr20,59032181,59032984,37,803
chr20,59041462,59043445,48,1983
chr20,59063464,59064005,13,541
chr20,59145077,59146320,9,1243
chr20,59191411,59192015,20,604
chr20,59221921,59223479,36,1558
chr20,59293017,59293282,5,265
chr20,59300263,59300786,36,523
chr20,59359794,59360021,6,227
chr20,59381225,59382613,11,1388
chr20,59402506,59405065,31,2559
chr20,59411099,59411383,6,284
chr20,59419722,59419809,5,87
chr20,59456971,59457213,5,242
chr20,59469806,59472285,14,2479
chr20,59490073,59490394,5,321
chr20,59515441,59515736,6,295
chr20,59558365,59559713,7,1348
chr20,59563791,59564403,5,612
chr20,59568821,59569044,5,223
chr20,59571829,59571955,5,126
chr20,59577099,59578602,36,1503
chr20,59583619,59583724,6,105
chr20,59603268,59606337,63,3069
chr20,59719117,59719458,7,341
chr20,59747124,59747365,6,241
chr20,59750909,59751590,14,681
chr20,59774712,59775538,5,826
chr20,59805821,59806210,5,389
chr20,59819510,59819800,7,290
chr20,59907996,59908073,5,77
chr20,59932483,59934205,45,1722
chr20,59939791,59940681,50,890
chr20,59994324,59994409,6,85
chr20,60087694,60087919,13,225
chr20,60120107,60120319,6,212
chr20,60310497,60310758,6,261
chr20,60325074,60325204,5,130
chr20,60559708,60560312,7,604
chr20,60656759,60658441,5,1682
chr20,60953258,60953355,5,97
chr20,60966253,60966539,6,286
chr20,61052459,61052930,5,471
chr20,61190163,61190331,6,168
chr20,61193457,61193733,9,276
chr20,61229130,61229377,16,247
chr20,61234890,61235238,15,348
chr20,61251854,61254349,166,2495
chr20,61257774,61257898,7,124
chr20,61261868,61263298,13,1430
chr20,61271649,61271988,11,339
chr20,61285853,61286222,5,369
chr20,61291330,61291677,9,347
chr20,61293399,61294516,10,1117
chr20,61297310,61297775,6,465
chr20,61299207,61300909,23,1702
chr20,61317254,61318280,10,1026
chr20,61352541,61352831,10,290
chr20,61370936,61371685,10,749
chr20,61392155,61392228,5,73
chr20,61435462,61435664,8,202
chr20,61454379,61454538,8,159
chr20,61476968,61477226,5,258
chr20,61501587,61501833,8,246
chr20,61522273,61523802,19,1529
chr20,61540376,61541636,6,1260
chr20,61559818,61560908,9,1090
chr20,61562153,61563130,13,977
chr20,61566010,61566824,15,814
chr20,61593802,61593895,5,93
chr20,61598062,61598736,9,674
chr20,61600074,61602299,20,2225
chr20,61618207,61619763,9,1556
chr20,61628210,61628660,9,450
chr20,61632063,61632536,6,473
chr20,61651431,61651533,7,102
chr20,61660089,61660896,9,807
chr20,61663607,61663750,10,143
chr20,61696994,61698425,13,1431
chr20,61706331,61706807,14,476
chr20,61723365,61723454,5,89
chr20,61732451,61732748,6,297
chr20,61741297,61742230,6,933
chr20,61743658,61743802,7,144
chr20,61746352,61747256,5,904
chr20,61761650,61761745,5,95
chr20,61763665,61764485,7,820
chr20,61792488,61793154,7,666
chr20,61798046,61798187,8,141
chr20,61804932,61805585,7,653
chr20,61809197,61811832,24,2635
chr20,61815497,61815750,7,253
chr20,61817410,61817697,5,287
chr20,61819387,61820137,6,750
chr20,61844567,61844823,10,256
chr20,61846395,61847233,8,838
chr20,61855570,61857177,11,1607
chr20,61862069,61862320,6,251
chr20,61879795,61879877,5,82
chr20,61882605,61883225,17,620
chr20,61884272,61884883,7,611
chr20,61896213,61896974,12,761
chr20,61901639,61902348,6,709
chr20,61906444,61907271,6,827
chr20,61908375,61908820,9,445
chr20,61913665,61914487,6,822
chr20,61924978,61925537,6,559
chr20,61927022,61927105,8,83
chr20,61928245,61928382,8,137
chr20,61930723,61931528,18,805
chr20,61933407,61934630,12,1223
chr20,61936685,61936986,10,301
chr20,61938636,61939255,9,619
chr20,61952356,61952420,5,64
chr20,61962824,61963117,9,293
chr20,61965142,61966137,55,995
chr20,61976323,61976459,5,136
chr20,61980275,61980445,11,170
chr20,62000948,62001522,15,574
chr20,62008658,62008968,6,310
chr20,62031839,62031878,5,39
chr20,62047892,62047924,5,32
chr20,62064289,62066743,131,2454
chr20,62083665,62083802,5,137
chr20,62102432,62102846,11,414
chr20,62114186,62114860,9,674
chr20,62116751,62118756,14,2005
chr20,62121687,62123490,86,1803
chr20,62139866,62140009,5,143
chr20,62142725,62144561,148,1836
chr20,62148994,62149070,6,76
chr20,62157145,62158503,10,1358
chr20,62160191,62160659,13,468
chr20,62162956,62163092,7,136
chr20,62165391,62166849,16,1458
chr20,62176671,62178111,10,1440
chr20,62182610,62183321,38,711
chr20,62190913,62191272,8,359
chr20,62193532,62193573,6,41
chr20,62202865,62202915,7,50
chr20,62215106,62216661,20,1555
chr20,62218115,62218202,5,87
chr20,62219504,62221419,41,1915
chr20,62228046,62228728,10,682
chr20,62236859,62239945,52,3086
chr20,62244753,62244777,5,24
chr20,62250338,62251349,5,1011
chr20,62252494,62255200,11,2706
chr20,62258730,62259203,9,473
chr20,62262679,62263658,8,979
chr20,62267347,62267729,6,382
chr20,62281223,62281290,5,67
chr20,62286550,62286645,7,95
chr20,62292733,62295045,22,2312
chr20,62296754,62297660,9,906
chr20,62298974,62299230,15,256
chr20,62301454,62304371,120,2917
chr20,62306750,62307797,15,1047
chr20,62310587,62313322,35,2735
chr20,62318383,62320705,28,2322
chr20,62322883,62324061,10,1178
chr20,62327120,62329160,9,2040
chr20,62334318,62334948,13,630
chr20,62345764,62347304,7,1540
chr20,62350383,62353021,22,2638
chr20,62357236,62359759,25,2523
chr20,62366027,62369354,56,3327
chr20,62376747,62377173,8,426
chr20,62378192,62380923,22,2731
chr20,62385747,62388266,50,2519
chr20,62393505,62394819,18,1314
chr20,62401547,62403604,13,2057
chr20,62406260,62407723,42,1463
chr20,62409912,62411901,22,1989
chr20,62412954,62414405,14,1451
chr20,62415796,62416011,8,215
chr20,62424463,62424607,5,144
chr20,62433414,62433928,11,514
chr20,62438000,62438208,5,208
chr20,62445538,62447195,17,1657
chr20,62449177,62449911,10,734
chr20,62454120,62455465,10,1345
chr20,62456989,62457409,16,420
chr20,62465213,62467183,20,1970
chr20,62470041,62471151,5,1110
chr20,62473492,62478415,237,4923
chr20,62482520,62482583,5,63
chr20,62492455,62493861,6,1406
chr20,62495064,62496539,27,1475
chr20,62500040,62500306,6,266
chr20,62506478,62507604,7,1126
chr20,62512476,62513667,36,1191
chr20,62514867,62515035,5,168
chr20,62519266,62519890,7,624
chr20,62523647,62525300,14,1653
chr20,62532684,62535494,13,2810
chr20,62538603,62539035,7,432
chr20,62546019,62547585,12,1566
chr20,62549131,62551385,55,2254
chr20,62552471,62556472,38,4001
chr20,62558017,62559087,6,1070
chr20,62561323,62563414,22,2091
chr20,62566445,62567364,7,919
chr20,62577150,62578422,8,1272
chr20,62581503,62581580,7,77
chr20,62584070,62584661,12,591
chr20,62587401,62588967,14,1566
chr20,62596493,62597610,10,1117
chr20,62599693,62599894,5,201
chr20,62607855,62608630,17,775
chr20,62614655,62615449,6,794
chr20,62617156,62618235,11,1079
chr20,62622290,62623574,12,1284
chr20,62624861,62626347,22,1486
chr20,62629714,62631285,8,1571
chr20,62633297,62636092,24,2795
chr20,62641810,62643820,81,2010
chr20,62647882,62648429,11,547
chr20,62652186,62655412,40,3226
chr20,62656587,62657512,7,925
chr20,62660871,62661793,26,922
chr20,62669386,62670502,9,1116
chr20,62674221,62676235,8,2014
chr20,62678370,62678624,9,254
chr20,62685834,62687732,18,1898
chr20,62689045,62689416,9,371
chr20,62691110,62694312,21,3202
chr20,62699495,62699685,9,190
chr20,62701911,62702229,8,318
chr20,62705838,62706119,14,281
chr20,62707246,62707353,8,107
chr20,62708386,62709272,48,886
chr20,62710808,62711047,6,239
chr20,62722528,62723404,8,876
chr20,62727233,62728859,22,1626
chr20,62737144,62737279,6,135
chr20,62738359,62738712,6,353
chr20,62740056,62741243,18,1187
chr20,62749785,62749966,7,181
chr20,62752584,62753650,27,1066
chr20,62759634,62760448,7,814
chr20,62762590,62765078,18,2488
chr20,62768458,62768955,7,497
chr20,62770292,62770983,9,691
chr20,62780932,62782611,8,1679
chr20,62789398,62789527,5,129
chr20,62793445,62797491,131,4046
chr20,62804335,62805747,72,1412
chr20,62811414,62815093,31,3679
chr20,62816262,62820470,96,4208
chr20,62826210,62826339,6,129
chr20,62827975,62830386,12,2411
chr20,62832158,62833496,21,1338
chr20,62835430,62837255,16,1825
chr20,62840221,62840653,14,432
chr20,62852752,62853005,6,253
chr20,62860741,62862902,76,2161
chr20,62874577,62875836,13,1259
chr20,62878427,62882657,92,4230
chr20,62889229,62889468,8,239
chr20,62905585,62906853,10,1268
chr20,62920472,62921412,5,940
chr20,62925649,62926771,62,1122
chr20,62928949,62929581,36,632
chr20,62937627,62938850,86,1223
chr20,62939920,62940442,8,522
chr20,62952756,62952896,8,140
chr20,62954553,62954682,6,129
chr20,62961584,62961723,5,139
chr20,62966625,62966833,5,208
chr20,62972512,62976743,55,4231
chr20,62980944,62980982,6,38
chr20,62982521,62982925,8,404
chr20,62997899,62997960,6,61
chr20,63004901,63011049,201,6148
chr20,63021350,63022004,5,654
chr20,63023254,63026740,18,3486
chr20,63027817,63028553,16,736
chr20,63029861,63030004,7,143
chr20,63032484,63033483,10,999
chr20,63042935,63045347,42,2412
chr20,63050132,63050666,9,534
chr20,63052722,63053551,6,829
chr20,63056144,63056299,7,155
chr20,63059700,63060776,9,1076
chr20,63065298,63066675,25,1377
chr20,63068964,63069933,7,969
chr20,63072083,63074285,30,2202
chr20,63083440,63085401,31,1961
chr20,63087103,63088545,18,1442
chr20,63091995,63093204,19,1209
chr20,63094367,63096025,22,1658
chr20,63100106,63103156,65,3050
chr20,63116221,63116767,20,546
chr20,63130561,63131173,12,612
chr20,63133314,63135487,14,2173
chr20,63139287,63139323,5,36
chr20,63140807,63141829,6,1022
chr20,63150352,63152269,20,1917
chr20,63161107,63161277,5,170
chr20,63175191,63179514,142,4323
chr20,63207190,63207702,8,512
chr20,63215259,63218313,97,3054
chr20,63226254,63227086,7,832
chr20,63229038,63229472,7,434
chr20,63230807,63230995,6,188
chr20,63238325,63238585,6,260
chr20,63239910,63240100,6,190
chr20,63242804,63242945,11,141
chr20,63244589,63244894,5,305
chr20,63246978,63249147,16,2169
chr20,63251898,63252599,8,701
chr20,63253664,63256101,97,2437
chr20,63266973,63267154,5,181
chr20,63272338,63273649,83,1311
chr20,63283069,63284203,16,1134
chr20,63287015,63288020,13,1005
chr20,63289096,63289254,6,158
chr20,63291145,63298908,55,7763
chr20,63305944,63309577,11,3633
chr20,63315758,63316769,9,1011
chr20,63319455,63320261,13,806
chr20,63332927,63333285,6,358
chr20,63335878,63337453,6,1575
chr20,63343569,63347663,47,4094
chr20,63349446,63349624,10,178
chr20,63351329,63352504,7,1175
chr20,63359637,63362141,71,2504
chr20,63365649,63368616,17,2967
chr20,63369986,63370109,9,123
chr20,63373718,63374892,13,1174
chr20,63377247,63378297,16,1050
chr20,63381731,63382062,11,331
chr20,63383384,63384320,6,936
chr20,63393757,63398246,52,4489
chr20,63400105,63400155,5,50
chr20,63401360,63401528,9,168
chr20,63405343,63406348,9,1005
chr20,63407983,63409026,8,1043
chr20,63411071,63412176,28,1105
chr20,63413757,63416086,35,2329
chr20,63417478,63418670,13,1192
chr20,63419841,63422841,48,3000
chr20,63424908,63425148,8,240
chr20,63427146,63427419,12,273
chr20,63434692,63435894,6,1202
chr20,63440301,63440375,7,74
chr20,63443957,63448024,29,4067
chr20,63449686,63450289,9,603
chr20,63451980,63453007,10,1027
chr20,63454085,63454577,30,492
chr20,63456120,63458641,15,2521
chr20,63462774,63462800,5,26
chr20,63465903,63466520,40,617
chr20,63469603,63469806,5,203
chr20,63471195,63473456,114,2261
chr20,63474547,63475654,5,1107
chr20,63476670,63478080,11,1410
chr20,63479876,63480002,7,126
chr20,63487489,63490595,65,3106
chr20,63494586,63494946,8,360
chr20,63496072,63496230,9,158
chr20,63497709,63500342,80,2633
chr20,63505983,63506681,8,698
chr20,63511123,63511263,6,140
chr20,63518252,63521837,119,3585
chr20,63526924,63527093,5,169
chr20,63528841,63529325,6,484
chr20,63530585,63531237,7,652
chr20,63533925,63534920,6,995
chr20,63536428,63538384,27,1956
chr20,63541116,63543405,33,2289
chr20,63545136,63545562,10,426
chr20,63546904,63548156,16,1252
chr20,63549474,63550246,7,772
chr20,63552571,63555213,57,2642
chr20,63561230,63568911,74,7681
chr20,63573775,63574233,11,458
chr20,63577488,63579172,12,1684
chr20,63588977,63590620,18,1643
chr20,63593737,63593850,5,113
chr20,63625928,63628439,79,2511
chr20,63634323,63634361,5,38
chr20,63637516,63637764,6,248
chr20,63641294,63642837,54,1543
chr20,63650635,63653475,126,2840
chr20,63657835,63659617,64,1782
chr20,63662410,63662645,8,235
chr20,63670436,63671354,6,918
chr20,63684096,63688737,40,4641
chr20,63689774,63692428,16,2654
chr20,63695002,63697189,15,2187
chr20,63698376,63701352,33,2976
chr20,63707162,63708877,70,1715
chr20,63734898,63735862,28,964
chr20,63737776,63741783,134,4007
chr20,63742931,63743049,5,118
chr20,63744827,63745546,9,719
chr20,63748712,63749165,9,453
chr20,63751881,63752585,12,704
chr20,63755224,63756063,7,839
chr20,63767410,63767627,13,217
chr20,63771154,63772498,14,1344
chr20,63773689,63775334,23,1645
chr20,63782010,63782115,6,105
chr20,63787638,63787819,5,181
chr20,63791993,63793450,16,1457
chr20,63795656,63796262,9,606
chr20,63798356,63798503,6,147
chr20,63800621,63800975,9,354
chr20,63802346,63803102,8,756
chr20,63808383,63809819,21,1436
chr20,63819097,63819300,5,203
chr20,63825257,63825325,5,68
chr20,63826348,63827335,18,987
chr20,63830303,63832643,174,2340
chr20,63842490,63843688,8,1198
chr20,63846310,63846653,11,343
chr20,63847976,63849839,9,1863
chr20,63851432,63851653,6,221
chr20,63855338,63856469,28,1131
chr20,63861497,63862452,34,955
chr20,63863805,63868006,75,4201
chr20,63876838,63877977,24,1139
chr20,63886252,63887752,21,1500
chr20,63890956,63891958,10,1002
chr20,63894213,63896073,60,1860
chr20,63909359,63909497,7,138
chr20,63919387,63920292,7,905
chr20,63929223,63929348,10,125
chr20,63934076,63935884,18,1808
chr20,63938757,63939226,29,469
chr20,63940605,63941862,30,1257
chr20,63946367,63949283,24,2916
chr20,63950536,63950749,9,213
chr20,63953303,63953471,5,168
chr20,63955430,63958033,88,2603
chr20,63959846,63959976,5,130
chr20,63963468,63964501,18,1033
chr20,63966313,63967874,17,1561
chr20,63969100,63970377,81,1277
chr20,63977001,63981344,127,4343
chr20,64029758,64031113,18,1355
chr20,64032698,64033276,5,578
chr20,64038000,64039434,88,1434
chr20,64042359,64043097,27,738
chr20,64047623,64049971,178,2348
chr20,64053086,64054168,5,1082
chr20,64057589,64057734,8,145
chr20,64060989,64061821,12,832
chr20,64063182,64064245,70,1063
chr20,64065528,64065708,10,180
chr20,64069420,64069668,5,248
chr20,64073987,64075412,17,1425
chr20,64079571,64080815,30,1244
chr20,64083519,64085092,78,1573
chr20,64091384,64092052,8,668
chr20,64098203,64099410,17,1207
chr20,64101729,64102898,55,1169
chr20,64107533,64107782,7,249
chr20,64116022,64116202,11,180
chr20,64154286,64155378,11,1092
chr20,64157029,64157238,7,209
chr20,64161285,64162402,11,1117
chr20,64169349,64171214,8,1865
chr20,64186273,64188788,17,2515
chr20,64208235,64208319,7,84
chr20,64221823,64223150,16,1327
chr20,64232029,64232356,9,327
chr20,64247432,64248387,8,955
chr20,64254696,64256102,33,1406
chr20,64316491,64316867,36,376
chr20,64327949,64328062,10,113
chr21,5154386,5154885,21,499
chr21,6498882,6498963,14,81
chr21,8213300,8213415,25,115
chr21,8219977,8220289,10,312
chr21,8253026,8253072,15,46
chr21,8391793,8391825,6,32
chr21,8397662,8397737,12,75
chr21,8759070,8759164,5,94
chr21,9037953,9038165,8,212
chr21,9039619,9041623,22,2004
chr21,9836914,9839693,56,2779
chr21,9943806,9943938,5,132
chr21,10120208,10120365,9,157
chr21,10123631,10123719,7,88
chr21,10341993,10343772,40,1779
chr21,10357736,10357811,6,75
chr21,10368430,10368678,5,248
chr21,10376307,10376847,9,540
chr21,10379412,10381355,16,1943
chr21,10382360,10383785,15,1425
chr21,10401168,10402233,5,1065
chr21,10404825,10406067,34,1242
chr21,10412998,10413566,13,568
chr21,10419831,10420181,5,350
chr21,10422651,10423013,7,362
chr21,10520730,10522486,106,1756
chr21,10574684,10575111,7,427
chr21,10627370,10627723,42,353
chr21,13011967,13012146,5,179
chr21,13196320,13196393,7,73
chr21,13372313,13372426,7,113
chr21,13826799,13827917,14,1118
chr21,13936523,13936592,5,69
chr21,13978489,13980092,16,1603
chr21,13981254,13981632,6,378
chr21,14008074,14009403,6,1329
chr21,14026941,14027721,18,780
chr21,14063939,14064570,32,631
chr21,14070657,14074397,80,3740
chr21,14076076,14076367,8,291
chr21,14077476,14077906,14,430
chr21,14080494,14080610,8,116
chr21,14082235,14082451,6,216
chr21,14084006,14085714,16,1708
chr21,14124466,14124892,5,426
chr21,14216210,14216329,9,119
chr21,14281141,14281382,5,241
chr21,14382759,14383351,24,592
chr21,14992170,14992276,5,106
chr21,15064139,15065950,83,1811
chr21,15208260,15208417,6,157
chr21,15288556,15290503,11,1947
chr21,15636048,15636218,5,170
chr21,15729568,15730507,78,939
chr21,15947747,15947844,5,97
chr21,16575456,16575794,8,338
chr21,17450579,17450818,7,239
chr21,17453934,17454831,10,897
chr21,17484879,17485137,5,258
chr21,17506455,17506673,6,218
chr21,17510329,17510824,9,495
chr21,17513340,17513631,15,291
chr21,17527949,17528498,10,549
chr21,17611962,17613350,98,1388
chr21,17818609,17819674,65,1065
chr21,17884340,17884398,5,58
chr21,18244782,18245650,23,868
chr21,18272446,18272617,5,171
chr21,18281953,18282014,5,61
chr21,18319420,18319521,5,101
chr21,18764962,18765476,8,514
chr21,18800963,18801452,6,489
chr21,19021153,19021400,5,247
chr21,19493632,19493671,6,39
chr21,19795399,19795530,6,131
chr21,19970803,19971116,5,313
chr21,20701760,20702241,9,481
chr21,20901950,20902217,6,267
chr21,20997045,20998667,42,1622
chr21,21146970,21147234,13,264
chr21,21436864,21437540,5,676
chr21,21481875,21482146,8,271
chr21,21742620,21742725,5,105
chr21,21790274,21790564,5,290
chr21,21902540,21903543,11,1003
chr21,22050087,22050340,7,253
chr21,22209861,22209960,8,99
chr21,22439203,22439548,5,345
chr21,22461156,22461434,6,278
chr21,22562195,22562302,5,107
chr21,22578494,22579368,18,874
chr21,22818195,22819214,7,1019
chr21,22981288,22981837,5,549
chr21,23012813,23013076,5,263
chr21,23021665,23021748,10,83
chr21,23424094,23424221,6,127
chr21,23562825,23563025,5,200
chr21,23807038,23808263,14,1225
chr21,23857284,23857437,6,153
chr21,23861635,23861859,5,224
chr21,24012381,24012485,5,104
chr21,24140589,24140639,5,50
chr21,24208932,24209073,14,141
chr21,24635814,24635919,5,105
chr21,24767631,24767725,6,94
chr21,24840406,24840479,8,73
chr21,25023910,25024104,8,194
chr21,25051924,25052108,5,184
chr21,25284060,25284537,7,477
chr21,25399784,25400240,5,456
chr21,25561961,25562911,29,950
chr21,25607371,25608141,32,770
chr21,25639460,25640586,28,1126
chr21,25665697,25666417,7,720
chr21,25681838,25681898,6,60
chr21,25734617,25735814,67,1197
chr21,25778336,25778425,13,89
chr21,25955634,25955818,5,184
chr21,25998956,25999460,8,504
chr21,26076813,26076879,5,66
chr21,26169637,26172377,81,2740
chr21,26572811,26573297,30,486
chr21,26843133,26846846,116,3713
chr21,26965598,26967827,69,2229
chr21,27015519,27015596,5,77
chr21,27143752,27143776,6,24
chr21,27885242,27885963,13,721
chr21,28058260,28058369,5,109
chr21,28884890,28885113,8,223
chr21,28992741,28992997,18,256
chr21,29000234,29000297,10,63
chr21,29002696,29003064,13,368
chr21,29019052,29019436,30,384
chr21,29024442,29024900,15,458
chr21,29072982,29073564,18,582
chr21,29077402,29077441,7,39
chr21,29155440,29155590,5,150
chr21,29298139,29299532,70,1393
chr21,29412491,29412553,5,62
chr21,29655803,29656278,8,475
chr21,29766041,29766091,5,50
chr21,29938987,29940416,48,1429
chr21,30017183,30017308,5,125
chr21,30166221,30166396,5,175
chr21,30236791,30236868,5,77
chr21,30433936,30434284,6,348
chr21,30597501,30597774,5,273
chr21,30787188,30787290,6,102
chr21,31088416,31088599,18,183
chr21,31096884,31096973,6,89
chr21,31160506,31160904,10,398
chr21,31251733,31252027,14,294
chr21,31334416,31335440,13,1024
chr21,31336563,31338238,14,1675
chr21,31343923,31344397,29,474
chr21,31465715,31468339,11,2624
chr21,31490981,31491072,7,91
chr21,31521940,31522032,6,92
chr21,31528736,31529014,5,278
chr21,31557558,31561521,115,3963
chr21,31597811,31597888,5,77
chr21,31602142,31602218,5,76
chr21,31641033,31641289,7,256
chr21,31658885,31660558,59,1673
chr21,31731144,31732406,91,1262
chr21,31865858,31866229,7,371
chr21,31872569,31874267,97,1698
chr21,31907527,31909375,7,1848
chr21,31916108,31916414,7,306
chr21,31926169,31926601,5,432
chr21,31968283,31968423,5,140
chr21,31998401,31999017,18,616
chr21,32021764,32021894,7,130
chr21,32030332,32030671,6,339
chr21,32074084,32074215,5,131
chr21,32076909,32077016,6,107
chr21,32107998,32108056,5,58
chr21,32160692,32161633,6,941
chr21,32241788,32241971,5,183
chr21,32277613,32278608,11,995
chr21,32306142,32306340,8,198
chr21,32338723,32338798,7,75
chr21,32355584,32355701,6,117
chr21,32392705,32393476,35,771
chr21,32411713,32412910,78,1197
chr21,32476367,32477502,5,1135
chr21,32484609,32484852,5,243
chr21,32499349,32499539,5,190
chr21,32521364,32521729,5,365
chr21,32522849,32524886,7,2037
chr21,32535345,32536301,5,956
chr21,32540640,32540676,5,36
chr21,32569427,32569510,8,83
chr21,32581136,32582333,11,1197
chr21,32592590,32592809,6,219
chr21,32595590,32595967,14,377
chr21,32611509,32614413,74,2904
chr21,32619851,32620260,6,409
chr21,32726873,32728290,50,1417
chr21,32771099,32771755,50,656
chr21,32932979,32934400,13,1421
chr21,32955477,32955513,6,36
chr21,32990636,32990927,6,291
chr21,33019559,33021281,39,1722
chr21,33022670,33023706,30,1036
chr21,33025189,33029272,93,4083
chr21,33032754,33034406,23,1652
chr21,33064435,33064749,6,314
chr21,33070036,33072506,90,2470
chr21,33109055,33109863,18,808
chr21,33114156,33115828,6,1672
chr21,33150446,33151718,11,1272
chr21,33229846,33231095,68,1249
chr21,33265834,33267186,48,1352
chr21,33290038,33290405,8,367
chr21,33321093,33321251,5,158
chr21,33324371,33325650,19,1279
chr21,33394514,33394956,6,442
chr21,33403166,33404109,81,943
chr21,33478630,33480442,61,1812
chr21,33490685,33491984,29,1299
chr21,33541247,33543562,47,2315
chr21,33588163,33589066,61,903
chr21,33625142,33625248,6,106
chr21,33636931,33636967,5,36
chr21,33641693,33643436,107,1743
chr21,33738587,33738689,5,102
chr21,33867914,33868066,7,152
chr21,33875382,33875567,8,185
chr21,33881263,33881471,7,208
chr21,33911727,33911787,5,60
chr21,33915432,33915674,18,242
chr21,33979682,33980019,6,337
chr21,34071806,34074564,115,2758
chr21,34132361,34132451,5,90
chr21,34154117,34154317,6,200
chr21,34202166,34204308,17,2142
chr21,34366689,34366935,9,246
chr21,34544193,34544465,6,272
chr21,34603228,34604378,15,1150
chr21,34614518,34615485,48,967
chr21,34667592,34670949,125,3357
chr21,34700011,34700307,8,296
chr21,34721508,34721736,5,228
chr21,34791848,34792459,45,611
chr21,34807989,34808273,6,284
chr21,34886067,34886989,39,922
chr21,34888200,34891547,150,3347
chr21,35107223,35107476,6,253
chr21,35206497,35207357,6,860
chr21,35282674,35282766,5,92
chr21,35505202,35505407,5,205
chr21,35528640,35528920,6,280
chr21,35702524,35702883,5,359
chr21,35829846,35829952,5,106
chr21,36059928,36061058,51,1130
chr21,36069951,36070194,30,243
chr21,36078949,36079151,5,202
chr21,36104794,36104993,11,199
chr21,36113006,36114339,14,1333
chr21,36129999,36130691,12,692
chr21,36134136,36136600,47,2464
chr21,36156250,36157613,69,1363
chr21,36189560,36189634,5,74
chr21,36193065,36193341,5,276
chr21,36210316,36211479,7,1163
chr21,36259260,36259803,5,543
chr21,36299657,36300066,8,409
chr21,36308813,36309685,15,872
chr21,36318395,36320702,40,2307
chr21,36322496,36322667,6,171
chr21,36384328,36386244,35,1916
chr21,36389168,36390257,7,1089
chr21,36408526,36408947,5,421
chr21,36413066,36413314,5,248
chr21,36420238,36420769,5,531
chr21,36422259,36422485,9,226
chr21,36461770,36462019,5,249
chr21,36475086,36475514,7,428
chr21,36497649,36498092,6,443
chr21,36508484,36509688,8,1204
chr21,36532196,36532282,5,86
chr21,36542297,36542721,18,424
chr21,36547529,36548310,6,781
chr21,36663021,36663772,5,751
chr21,36691814,36692153,6,339
chr21,36693199,36693884,43,685
chr21,36695548,36702486,214,6938
chr21,36704240,36705365,49,1125
chr21,36706828,36711033,109,4205
chr21,36747619,36748256,56,637
chr21,36754241,36754300,6,59
chr21,36756294,36756375,6,81
chr21,36766943,36767290,6,347
chr21,36915607,36917315,8,1708
chr21,36923039,36923985,10,946
chr21,36933475,36934236,12,761
chr21,36939660,36939905,6,245
chr21,36956654,36958661,14,2007
chr21,36965862,36967181,73,1319
chr21,36980620,36980759,18,139
chr21,36989174,36990241,32,1067
chr21,36994428,36996208,14,1780
chr21,37005119,37008914,118,3795
chr21,37036674,37036809,6,135
chr21,37070838,37071028,7,190
chr21,37073172,37073696,28,524
chr21,37154753,37154781,5,28
chr21,37220661,37221087,24,426
chr21,37225565,37225720,7,155
chr21,37228487,37228530,5,43
chr21,37257802,37258661,30,859
chr21,37266010,37268144,71,2134
chr21,37366020,37368217,154,2197
chr21,37546456,37546661,6,205
chr21,37563968,37564191,19,223
chr21,37591949,37592129,5,180
chr21,37646585,37646763,6,178
chr21,37756430,37757639,5,1209
chr21,37914382,37914538,15,156
chr21,37915712,37916963,46,1251
chr21,38011959,38012027,6,68
chr21,38288921,38288964,5,43
chr21,38304836,38305004,5,168
chr21,38660501,38661710,52,1209
chr21,38733660,38734395,24,735
chr21,38744403,38744826,9,423
chr21,38804689,38806684,94,1995
chr21,38943854,38944773,9,919
chr21,38972596,38972673,6,77
chr21,38985438,38986149,13,711
chr21,39020870,39023140,19,2270
chr21,39087394,39087888,8,494
chr21,39095031,39096003,5,972
chr21,39183170,39183959,17,789
chr21,39265281,39265348,6,67
chr21,39267455,39267515,6,60
chr21,39312723,39315089,113,2366
chr21,39335653,39335898,7,245
chr21,39340081,39340197,5,116
chr21,39348720,39349500,56,780
chr21,39365704,39366384,5,680
chr21,39380223,39381066,28,843
chr21,39385600,39385714,9,114
chr21,39388701,39388803,11,102
chr21,39390170,39391310,8,1140
chr21,39395490,39396601,6,1111
chr21,39403175,39404047,12,872
chr21,39445525,39445814,25,289
chr21,39566322,39566432,5,110
chr21,39611443,39613155,64,1712
chr21,39771012,39772185,5,1173
chr21,39788339,39788592,6,253
chr21,39909640,39909888,7,248
chr21,40144544,40144851,5,307
chr21,40178914,40178980,8,66
chr21,40291213,40291637,5,424
chr21,40339233,40339338,5,105
chr21,40359917,40360224,5,307
chr21,40386376,40386466,7,90
chr21,40430764,40430882,5,118
chr21,40481801,40482053,6,252
chr21,40536424,40537013,8,589
chr21,40539172,40539322,5,150
chr21,40559314,40560838,15,1524
chr21,40676894,40677060,5,166
chr21,40834060,40834320,5,260
chr21,40841605,40841935,18,330
chr21,40846419,40847373,69,954
chr21,40883585,40884697,5,1112
chr21,41010764,41012342,13,1578
chr21,41024976,41025103,6,127
chr21,41069117,41069264,16,147
chr21,41167457,41169255,87,1798
chr21,41212999,41214018,6,1019
chr21,41219824,41220235,9,411
chr21,41223822,41223985,6,163
chr21,41274675,41275582,8,907
chr21,41316678,41317266,11,588
chr21,41349802,41350960,14,1158
chr21,41374237,41374436,6,199
chr21,41375884,41376961,6,1077
chr21,41387205,41388902,15,1697
chr21,41390683,41390787,7,104
chr21,41420112,41420767,35,655
chr21,41426141,41427214,46,1073
chr21,41429764,41430407,8,643
chr21,41458752,41458812,6,60
chr21,41473301,41473432,5,131
chr21,41483470,41483712,6,242
chr21,41494227,41495530,21,1303
chr21,41507281,41508799,69,1518
chr21,41524425,41524805,6,380
chr21,41532751,41533179,6,428
chr21,41550695,41550800,5,105
chr21,41560897,41562289,8,1392
chr21,41603920,41606421,15,2501
chr21,41621841,41621949,5,108
chr21,41631150,41632027,8,877
chr21,41664793,41666135,9,1342
chr21,41672041,41672489,12,448
chr21,41681081,41681667,6,586
chr21,41687302,41688289,5,987
chr21,41689391,41689875,5,484
chr21,41712229,41714194,20,1965
chr21,41725680,41726880,29,1200
chr21,41761281,41762165,27,884
chr21,41763460,41763602,5,142
chr21,41766265,41769214,57,2949
chr21,41778101,41778546,12,445
chr21,41786680,41786958,6,278
chr21,41793222,41793455,7,233
chr21,41802412,41803242,11,830
chr21,41807880,41808463,6,583
chr21,41815583,41816097,14,514
chr21,41821053,41824985,25,3932
chr21,41836542,41836765,5,223
chr21,41853689,41854831,9,1142
chr21,41859433,41859701,9,268
chr21,41878594,41879815,48,1221
chr21,41894948,41895409,8,461
chr21,41899270,41899798,5,528
chr21,41907828,41907914,9,86
chr21,41930173,41931228,5,1055
chr21,41951025,41951225,5,200
chr21,41952813,41954201,87,1388
chr21,41955474,41957165,10,1691
chr21,41968696,41968846,5,150
chr21,41974065,41974843,7,778
chr21,41976301,41976865,5,564
chr21,42009196,42011437,148,2241
chr21,42021939,42022831,9,892
chr21,42038017,42038635,7,618
chr21,42061340,42062768,9,1428
chr21,42067626,42068024,8,398
chr21,42072840,42073287,10,447
chr21,42092126,42092313,5,187
chr21,42099355,42099516,5,161
chr21,42107980,42109604,13,1624
chr21,42110676,42111652,13,976
chr21,42142151,42142252,5,101
chr21,42217155,42221236,99,4081
chr21,42234585,42235249,40,664
chr21,42242744,42243911,8,1167
chr21,42270754,42271223,8,469
chr21,42277746,42278004,5,258
chr21,42284523,42284696,10,173
chr21,42287871,42287948,7,77
chr21,42289984,42290127,7,143
chr21,42294553,42294924,5,371
chr21,42296207,42296378,7,171
chr21,42306055,42306887,11,832
chr21,42310058,42310927,7,869
chr21,42321429,42321668,8,239
chr21,42322976,42323210,6,234
chr21,42347580,42347954,5,374
chr21,42361344,42362736,5,1392
chr21,42364226,42364948,5,722
chr21,42375208,42375482,5,274
chr21,42377277,42378250,6,973
chr21,42413177,42413544,10,367
chr21,42439058,42439142,5,84
chr21,42447146,42447458,7,312
chr21,42476033,42477005,10,972
chr21,42496305,42496954,25,649
chr21,42513050,42514905,69,1855
chr21,42543839,42544858,11,1019
chr21,42559010,42559790,20,780
chr21,42562820,42562885,5,65
chr21,42580979,42581181,7,202
chr21,42593348,42593580,7,232
chr21,42617182,42617696,7,514
chr21,42632916,42634148,7,1232
chr21,42638494,42638751,6,257
chr21,42650238,42650858,6,620
chr21,42652857,42654888,92,2031
chr21,42659624,42660014,11,390
chr21,42677499,42678208,7,709
chr21,42684312,42686507,23,2195
chr21,42692368,42692929,16,561
chr21,42695095,42695516,7,421
chr21,42725096,42725672,7,576
chr21,42738425,42739392,6,967
chr21,42741635,42741774,6,139
chr21,42744118,42745186,12,1068
chr21,42767705,42767762,5,57
chr21,42773787,42773920,5,133
chr21,42781363,42781538,15,175
chr21,42838053,42838333,7,280
chr21,42854549,42854679,6,130
chr21,42860499,42862078,6,1579
chr21,42872861,42872893,5,32
chr21,42874828,42875020,8,192
chr21,42878904,42880478,52,1574
chr21,42893109,42894107,29,998
chr21,42924836,42926842,16,2006
chr21,42932448,42932595,7,147
chr21,42934214,42934262,5,48
chr21,42935766,42935915,5,149
chr21,42955762,42956373,15,611
chr21,42957535,42958303,7,768
chr21,42974017,42975677,84,1660
chr21,42994018,42994133,6,115
chr21,43002961,43003596,7,635
chr21,43021867,43021904,5,37
chr21,43188906,43189006,6,100
chr21,43193743,43194285,9,542
chr21,43210017,43210395,13,378
chr21,43211412,43211976,10,564
chr21,43271201,43272920,7,1719
chr21,43274015,43274385,9,370
chr21,43290476,43291804,8,1328
chr21,43300210,43301197,9,987
chr21,43303367,43303440,5,73
chr21,43304734,43305240,11,506
chr21,43314712,43314884,10,172
chr21,43319486,43319915,7,429
chr21,43325590,43326281,9,691
chr21,43329343,43329517,5,174
chr21,43330737,43330930,8,193
chr21,43345603,43345880,12,277
chr21,43346888,43348745,10,1857
chr21,43350987,43351906,6,919
chr21,43353415,43354394,13,979
chr21,43359316,43359361,7,45
chr21,43361619,43362650,24,1031
chr21,43363837,43365551,9,1714
chr21,43369900,43370024,6,124
chr21,43374935,43375327,5,392
chr21,43657857,43657886,5,29
chr21,43659576,43660531,41,955
chr21,43672696,43673490,5,794
chr21,43689773,43689829,5,56
chr21,43696256,43696375,6,119
chr21,43718413,43719728,69,1315
chr21,43728723,43729570,16,847
chr21,43732094,43733232,6,1138
chr21,43735341,43735411,5,70
chr21,43740919,43742067,7,1148
chr21,43743874,43744492,10,618
chr21,43748065,43749196,5,1131
chr21,43750447,43751651,5,1204
chr21,43759952,43760586,7,634
chr21,43768247,43768856,10,609
chr21,43773287,43773915,9,628
chr21,43775424,43777083,49,1659
chr21,43789467,43790275,47,808
chr21,43799446,43799492,6,46
chr21,43809061,43810980,19,1919
chr21,43812036,43812528,14,492
chr21,43814933,43815180,5,247
chr21,43817319,43818149,6,830
chr21,43819944,43821030,8,1086
chr21,43823513,43824568,12,1055
chr21,43825653,43825789,9,136
chr21,43830274,43830310,5,36
chr21,43835265,43835396,8,131
chr21,43838992,43839147,5,155
chr21,43843371,43843771,8,400
chr21,43854099,43854661,13,562
chr21,43856871,43857114,6,243
chr21,43860203,43861647,13,1444
chr21,43864252,43865922,106,1670
chr21,43872825,43873419,21,594
chr21,43883177,43883454,6,277
chr21,43903602,43904430,8,828
chr21,43907158,43907218,5,60
chr21,43908375,43909497,18,1122
chr21,43916928,43917328,9,400
chr21,43919104,43919893,5,789
chr21,43921305,43922145,8,840
chr21,43928131,43928363,8,232
chr21,43929585,43930255,7,670
chr21,43936292,43936524,6,232
chr21,43940265,43940934,6,669
chr21,43950943,43951095,5,152
chr21,43952248,43952638,7,390
chr21,43954578,43955185,17,607
chr21,43982854,43982929,7,75
chr21,43985943,43986094,5,151
chr21,43991702,43991782,7,80
chr21,44011927,44013058,86,1131
chr21,44046007,44046669,5,662
chr21,44107383,44107432,8,49
chr21,44255991,44257309,19,1318
chr21,44258494,44259477,8,983
chr21,44261044,44261854,7,810
chr21,44264691,44265682,9,991
chr21,44271343,44271919,11,576
chr21,44279031,44279998,8,967
chr21,44285718,44293096,85,7378
chr21,44297172,44297940,7,768
chr21,44299542,44301219,47,1677
chr21,44320332,44322916,11,2584
chr21,44324725,44325985,12,1260
chr21,44328122,44328746,9,624
chr21,44330029,44331224,22,1195
chr21,44338655,44339448,43,793
chr21,44348491,44348630,7,139
chr21,44349951,44351096,87,1145
chr21,44352178,44352386,5,208
chr21,44365709,44366035,5,326
chr21,44369208,44370665,22,1457
chr21,44391478,44391555,10,77
chr21,44397658,44398106,6,448
chr21,44401478,44402486,6,1008
chr21,44405933,44406890,13,957
chr21,44418583,44418836,8,253
chr21,44425630,44425694,7,64
chr21,44427068,44427923,5,855
chr21,44432884,44432973,6,89
chr21,44437947,44442198,31,4251
chr21,44449571,44450071,8,500
chr21,44454778,44457408,61,2630
chr21,44460622,44464017,20,3395
chr21,44467891,44467970,5,79
chr21,44475729,44475962,6,233
chr21,44479595,44480286,6,691
chr21,44499296,44500176,9,880
chr21,44502696,44502880,7,184
chr21,44503959,44504295,9,336
chr21,44506724,44508205,23,1481
chr21,44510412,44512041,25,1629
chr21,44513285,44513716,6,431
chr21,44515401,44515561,5,160
chr21,44518932,44519121,8,189
chr21,44520524,44522026,11,1502
chr21,44550447,44550666,9,219
chr21,44556105,44556368,6,263
chr21,44569024,44569365,11,341
chr21,44571860,44572269,9,409
chr21,44601329,44601691,6,362
chr21,44615632,44616807,11,1175
chr21,44639361,44639678,6,317
chr21,44652364,44654143,10,1779
chr21,44660891,44661464,11,573
chr21,44686482,44687417,7,935
chr21,44698191,44698878,5,687
chr21,44701782,44703675,15,1893
chr21,44705973,44706662,19,689
chr21,44708800,44709732,13,932
chr21,44710989,44712002,22,1013
chr21,44722574,44723542,11,968
chr21,44748804,44752586,29,3782
chr21,44763771,44764493,7,722
chr21,44801005,44803096,81,2091
chr21,44812735,44812957,11,222
chr21,44817226,44818956,102,1730
chr21,44832736,44833588,6,852
chr21,44835316,44835400,5,84
chr21,44836743,44837418,10,675
chr21,44840731,44841060,5,329
chr21,44844464,44846187,19,1723
chr21,44860866,44861209,7,343
chr21,44863971,44864052,5,81
chr21,44870042,44870386,6,344
chr21,44872672,44875056,94,2384
chr21,44888418,44890142,23,1724
chr21,44897159,44898085,8,926
chr21,44899544,44900548,6,1004
chr21,44903410,44903540,6,130
chr21,44908144,44908367,6,223
chr21,44911415,44912266,7,851
chr21,44914459,44914570,6,111
chr21,44919458,44921139,10,1681
chr21,44930897,44933716,104,2819
chr21,44939784,44940479,58,695
chr21,44947892,44950611,51,2719
chr21,44951791,44952324,9,533
chr21,44956566,44957155,9,589
chr21,44958391,44959174,5,783
chr21,44965404,44966350,6,946
chr21,44976536,44976768,10,232
chr21,44980288,44981480,30,1192
chr21,44982988,44983144,5,156
chr21,44984699,44986984,15,2285
chr21,44990079,44991813,14,1734
chr21,44998013,45001447,32,3434
chr21,45004154,45004904,12,750
chr21,45010848,45012554,8,1706
chr21,45018110,45019321,74,1211
chr21,45022062,45022118,6,56
chr21,45031733,45033087,9,1354
chr21,45038541,45038987,6,446
chr21,45041470,45041710,8,240
chr21,45052191,45052390,5,199
chr21,45055147,45055453,12,306
chr21,45072655,45075508,136,2853
chr21,45093347,45093639,7,292
chr21,45100990,45101241,20,251
chr21,45223727,45224566,14,839
chr21,45230091,45230231,5,140
chr21,45234363,45235356,7,993
chr21,45256723,45258557,24,1834
chr21,45280233,45281172,8,939
chr21,45286866,45288622,92,1756
chr21,45291768,45292482,20,714
chr21,45294753,45294976,9,223
chr21,45300176,45301337,19,1161
chr21,45302630,45303384,13,754
chr21,45306416,45307283,15,867
chr21,45308297,45310675,23,2378
chr21,45316543,45317891,11,1348
chr21,45324156,45327091,27,2935
chr21,45329625,45330418,19,793
chr21,45343913,45344955,9,1042
chr21,45347314,45349189,30,1875
chr21,45352714,45353061,9,347
chr21,45356922,45358924,53,2002
chr21,45363329,45364465,14,1136
chr21,45382037,45384136,18,2099
chr21,45386792,45387118,8,326
chr21,45390283,45393326,47,3043
chr21,45404242,45407132,144,2890
chr21,45411413,45411639,10,226
chr21,45415465,45416180,13,715
chr21,45417295,45418902,23,1607
chr21,45419912,45420560,9,648
chr21,45422490,45422543,7,53
chr21,45424130,45425050,9,920
chr21,45426533,45428276,24,1743
chr21,45430402,45430961,20,559
chr21,45432853,45433499,5,646
chr21,45434811,45435210,8,399
chr21,45438476,45441733,40,3257
chr21,45443451,45445256,17,1805
chr21,45454852,45456634,27,1782
chr21,45467120,45467327,8,207
chr21,45469939,45470286,10,347
chr21,45471569,45472316,15,747
chr21,45473335,45473704,12,369
chr21,45475048,45478335,51,3287
chr21,45481979,45483551,10,1572
chr21,45486116,45486181,6,65
chr21,45489417,45491248,29,1831
chr21,45492554,45494283,19,1729
chr21,45503962,45507224,34,3262
chr21,45508770,45509873,15,1103
chr21,45511535,45512421,12,886
chr21,45513444,45513644,11,200
chr21,45531089,45532119,14,1030
chr21,45535550,45536085,14,535
chr21,45537672,45537983,9,311
chr21,45541787,45543129,54,1342
chr21,45552474,45553101,14,627
chr21,45554659,45557773,60,3114
chr21,45579874,45579907,5,33
chr21,45580911,45581511,8,600
chr21,45589899,45591155,70,1256
chr21,45596331,45596823,10,492
chr21,45634572,45634677,5,105
chr21,45640914,45644329,103,3415
chr21,45763866,45764966,7,1100
chr21,45770057,45770109,6,52
chr21,45789563,45790096,6,533
chr21,45812601,45812687,6,86
chr21,45820233,45822631,15,2398
chr21,45835270,45835455,6,185
chr21,45870565,45871936,8,1371
chr21,45874548,45875257,16,709
chr21,45887778,45888406,9,628
chr21,45896431,45898021,13,1590
chr21,45899333,45900727,22,1394
chr21,45908630,45908687,6,57
chr21,45917496,45918216,6,720
chr21,45929970,45930110,6,140
chr21,45941574,45942751,13,1177
chr21,45947539,45953881,70,6342
chr21,45970548,45970703,6,155
chr21,45972451,45975098,88,2647
chr21,45979420,45979454,6,34
chr21,45981904,45983552,21,1648
chr21,45989128,45990935,20,1807
chr21,45992190,45995931,32,3741
chr21,45997743,45999268,44,1525
chr21,46000568,46003249,32,2681
chr21,46005846,46007137,21,1291
chr21,46033240,46033440,5,200
chr21,46035715,46037544,29,1829
chr21,46038578,46039556,10,978
chr21,46049190,46049485,6,295
chr21,46051098,46051240,9,142
chr21,46055969,46056019,5,50
chr21,46065314,46066350,12,1036
chr21,46067511,46068167,10,656
chr21,46080079,46081536,12,1457
chr21,46083454,46084598,18,1144
chr21,46097540,46099444,96,1904
chr21,46112248,46112693,25,445
chr21,46117235,46117890,23,655
chr21,46124911,46125350,9,439
chr21,46126606,46127922,23,1316
chr21,46129257,46130177,12,920
chr21,46131924,46132699,37,775
chr21,46136895,46137385,6,490
chr21,46141834,46142538,14,704
chr21,46145205,46147066,31,1861
chr21,46150700,46155719,50,5019
chr21,46159557,46162020,49,2463
chr21,46181068,46181773,10,705
chr21,46184401,46184763,5,362
chr21,46195086,46195999,12,913
chr21,46205859,46206636,9,777
chr21,46209683,46210159,7,476
chr21,46225306,46225543,10,237
chr21,46228060,46229563,44,1503
chr21,46278488,46278766,8,278
chr21,46281992,46283011,8,1019
chr21,46284121,46284337,9,216
chr21,46285765,46286668,47,903
chr21,46295713,46298081,63,2368
chr21,46301818,46302978,15,1160
chr21,46317997,46318179,5,182
chr21,46322977,46325319,136,2342
chr21,46327121,46327153,5,32
chr21,46333356,46333577,5,221
chr21,46337645,46337675,5,30
chr21,46370000,46370269,7,269
chr21,46376022,46376727,11,705
chr21,46379229,46379296,11,67
chr21,46385930,46386330,15,400
chr21,46388134,46390040,21,1906
chr21,46393576,46394188,11,612
chr21,46411809,46412016,16,207
chr21,46413205,46413800,12,595
chr21,46418427,46418515,5,88
chr21,46425921,46426128,6,207
chr21,46436140,46436302,7,162
chr21,46458569,46459772,46,1203
chr21,46498629,46498738,8,109
chr21,46543443,46543598,5,155
chr21,46551710,46551925,6,215
chr21,46597966,46598896,20,930
chr21,46635541,46635612,9,71
chr21,46648644,46648726,5,82
chr21,46661698,46662490,10,792
chr21,46667271,46668160,49,889
chr22,10741278,10742114,39,836
chr22,10754304,10754356,5,52
chr22,10783577,10783926,6,349
chr22,10955177,10955348,5,171
chr22,10961215,10961358,10,143
chr22,11025146,11026440,9,1294
chr22,11029201,11030836,10,1635
chr22,11032363,11034006,9,1643
chr22,11035334,11036715,16,1381
chr22,11053717,11053945,5,228
chr22,11057616,11058809,11,1193
chr22,11066347,11067598,17,1251
chr22,11253409,11253467,5,58
chr22,11284754,11285735,12,981
chr22,11361353,11361812,8,459
chr22,11597776,11600622,38,2846
chr22,11605216,11606564,41,1348
chr22,11611507,11612511,13,1004
chr22,11613554,11613831,5,277
chr22,11617645,11618762,12,1117
chr22,11628337,11630818,116,2481
chr22,12602133,12602619,33,486
chr22,12692772,12694026,67,1254
chr22,15613085,15613128,5,43
chr22,15820062,15820112,6,50
chr22,15821195,15822294,11,1099
chr22,15855105,15855141,5,36
chr22,15880177,15880461,6,284
chr22,16106396,16107139,7,743
chr22,16183755,16183973,6,218
chr22,16386713,16386738,5,25
chr22,16423838,16423903,5,65
chr22,16561780,16562431,9,651
chr22,16585008,16585315,6,307
chr22,16592153,16592384,6,231
chr22,16601097,16602892,107,1795
chr22,16609086,16610168,46,1082
chr22,16697373,16697695,9,322
chr22,16881863,16881932,5,69
chr22,16961767,16962377,7,610
chr22,17007397,17008538,29,1141
chr22,17036074,17037881,37,1807
chr22,17084259,17086092,96,1833
chr22,17105600,17106362,7,762
chr22,17108607,17109094,31,487
chr22,17119606,17121671,60,2065
chr22,17135125,17136046,8,921
chr22,17147396,17147437,5,41
chr22,17158245,17159996,53,1751
chr22,17170636,17173173,63,2537
chr22,17183708,17184051,5,343
chr22,17203598,17203786,7,188
chr22,17211859,17212462,5,603
chr22,17213499,17213668,6,169
chr22,17219295,17219767,6,472
chr22,17225741,17226751,6,1010
chr22,17230894,17231399,6,505
chr22,17238055,17238186,5,131
chr22,17291928,17292259,7,331
chr22,17348194,17348600,16,406
chr22,17360270,17361354,5,1084
chr22,17367682,17370643,75,2961
chr22,17423776,17423933,5,157
chr22,17443622,17443706,5,84
chr22,17446350,17447493,8,1143
chr22,17460732,17461095,5,363
chr22,17480867,17481018,6,151
chr22,17487557,17487648,6,91
chr22,17494198,17494425,7,227
chr22,17523616,17524453,8,837
chr22,17543201,17543293,7,92
chr22,17545231,17545757,5,526
chr22,17556856,17557548,5,692
chr22,17572802,17572969,5,167
chr22,17578542,17578753,5,211
chr22,17609003,17609285,8,282
chr22,17623531,17624639,6,1108
chr22,17627092,17629087,39,1995
chr22,17638361,17639198,36,837
chr22,17647850,17647986,6,136
chr22,17649122,17649595,6,473
chr22,17739403,17739660,13,257
chr22,17745890,17746267,9,377
chr22,17748805,17749311,8,506
chr22,17766031,17766750,6,719
chr22,17771466,17772572,9,1106
chr22,17773918,17774596,33,678
chr22,17777283,17780022,42,2739
chr22,17781493,17784642,10,3149
chr22,17788506,17789751,19,1245
chr22,17791012,17791869,7,857
chr22,17801536,17801959,6,423
chr22,17806246,17806302,5,56
chr22,17808860,17809013,7,153
chr22,17817425,17818262,14,837
chr22,17838381,17839863,9,1482
chr22,17851197,17851918,7,721
chr22,17858088,17858262,7,174
chr22,17873020,17874036,7,1016
chr22,17888547,17888961,8,414
chr22,17920444,17920575,7,131
chr22,17945482,17947080,11,1598
chr22,17951028,17951991,7,963
chr22,17968401,17968482,5,81
chr22,17971414,17973694,8,2280
chr22,17975907,17975997,5,90
chr22,17989046,17989108,6,62
chr22,18000598,18001919,49,1321
chr22,18023690,18025220,32,1530
chr22,18049737,18049840,5,103
chr22,18051997,18052418,7,421
chr22,18053680,18053710,6,30
chr22,18077560,18079247,43,1687
chr22,18110192,18112079,68,1887
chr22,18123873,18124023,5,150
chr22,18127688,18127858,6,170
chr22,18130865,18131576,7,711
chr22,18137576,18137919,7,343
chr22,18149788,18150039,15,251
chr22,18163567,18163725,6,158
chr22,18169500,18169655,6,155
chr22,18546188,18546258,7,70
chr22,18583399,18583438,5,39
chr22,18621999,18622110,6,111
chr22,18634836,18634912,9,76
chr22,18954587,18955077,5,490
chr22,18958389,18958540,5,151
chr22,18969744,18970974,25,1230
chr22,18973634,18974544,5,910
chr22,18982785,18983230,5,445
chr22,18997451,18998070,5,619
chr22,19015558,19016273,7,715
chr22,19029432,19030405,35,973
chr22,19031832,19032325,15,493
chr22,19041083,19041137,8,54
chr22,19103555,19103589,5,34
chr22,19121927,19124099,23,2172
chr22,19144390,19145310,21,920
chr22,19148813,19150776,128,1963
chr22,19164458,19164837,7,379
chr22,19169071,19169993,35,922
chr22,19171068,19172241,37,1173
chr22,19175593,19179539,113,3946
chr22,19186618,19186686,5,68
chr22,19240041,19240428,5,387
chr22,19291400,19291713,26,313
chr22,19379128,19379453,7,325
chr22,19430258,19433060,109,2802
chr22,19447042,19448317,55,1275
chr22,19478888,19480249,43,1361
chr22,19522800,19525585,79,2785
chr22,19529272,19529398,8,126
chr22,19596378,19596839,5,461
chr22,19607249,19607444,6,195
chr22,19614413,19615027,5,614
chr22,19620741,19621460,15,719
chr22,19636678,19636881,8,203
chr22,19641657,19641754,5,97
chr22,19659714,19660078,6,364
chr22,19665335,19666391,16,1056
chr22,19687355,19690485,18,3130
chr22,19691820,19692399,8,579
chr22,19693615,19694493,7,878
chr22,19714196,19714945,62,749
chr22,19717734,19719239,71,1505
chr22,19720664,19724525,87,3861
chr22,19731090,19731268,13,178
chr22,19736928,19736997,5,69
chr22,19744946,19745873,6,927
chr22,19750503,19750612,7,109
chr22,19755195,19757111,67,1916
chr22,19758599,19762219,146,3620
chr22,19763658,19764351,22,693
chr22,19765376,19767811,120,2435
chr22,19768947,19769121,9,174
chr22,19771396,19772881,12,1485
chr22,19784088,19784321,8,233
chr22,19786862,19787396,8,534
chr22,19788956,19789619,8,663
chr22,19805077,19807917,14,2840
chr22,19813034,19813200,5,166
chr22,19843143,19843457,8,314
chr22,19854905,19855616,27,711
chr22,19869409,19869479,5,70
chr22,19873551,19873746,12,195
chr22,19874945,19875152,8,207
chr22,19876334,19877843,9,1509
chr22,19878945,19879378,6,433
chr22,19882810,19884342,17,1532
chr22,19892062,19893199,9,1137
chr22,19904888,19905173,6,285
chr22,19941386,19942074,26,688
chr22,19947728,19947909,6,181
chr22,19951283,19951559,9,276
chr22,19962698,19962824,10,126
chr22,19971305,19972368,6,1063
chr22,19973663,19973715,9,52
chr22,19977523,19978011,7,488
chr22,19979636,19979883,17,247
chr22,19981475,19982050,13,575
chr22,19986652,19987530,38,878
chr22,20016057,20017040,78,983
chr22,20020968,20021347,20,379
chr22,20022697,20023844,11,1147
chr22,20060165,20060265,5,100
chr22,20079416,20080721,66,1305
chr22,20085710,20085866,9,156
chr22,20112771,20113483,8,712
chr22,20116368,20117988,65,1620
chr22,20131040,20132537,113,1497
chr22,20143171,20144461,31,1290
chr22,20148577,20149589,7,1012
chr22,20155022,20155429,14,407
chr22,20173894,20175437,9,1543
chr22,20183820,20184784,5,964
chr22,20196276,20197596,9,1320
chr22,20204732,20205868,15,1136
chr22,20237501,20239477,21,1976
chr22,20242692,20244012,14,1320
chr22,20256437,20256765,5,328
chr22,20259209,20259406,8,197
chr22,20260579,20261705,5,1126
chr22,20267753,20269095,42,1342
chr22,20298801,20300364,47,1563
chr22,20306312,20306573,8,261
chr22,20315441,20315574,8,133
chr22,20319830,20320011,24,181
chr22,20369544,20369807,5,263
chr22,20383612,20383859,5,247
chr22,20392635,20392944,18,309
chr22,20393979,20394853,47,874
chr22,20405771,20406632,19,861
chr22,20416587,20418761,48,2174
chr22,20423789,20426256,78,2467
chr22,20428933,20432047,72,3114
chr22,20436307,20439829,161,3522
chr22,20445309,20446466,8,1157
chr22,20474299,20474484,5,185
chr22,20495104,20495987,100,883
chr22,20505802,20506186,6,384
chr22,20507498,20508082,28,584
chr22,20573911,20573988,7,77
chr22,20585315,20585811,7,496
chr22,20591617,20592788,9,1171
chr22,20604150,20605138,8,988
chr22,20609802,20610740,10,938
chr22,20634689,20636609,11,1920
chr22,20657261,20657423,5,162
chr22,20667564,20667727,5,163
chr22,20670552,20671193,9,641
chr22,20687228,20688723,18,1495
chr22,20691294,20691966,9,672
chr22,20703427,20704134,12,707
chr22,20727243,20727800,7,557
chr22,20783774,20785040,10,1266
chr22,20857331,20860665,53,3334
chr22,20892108,20892969,8,861
chr22,20916471,20919018,94,2547
chr22,20920277,20920473,11,196
chr22,20927325,20927797,8,472
chr22,20957062,20957871,48,809
chr22,20964726,20965496,32,770
chr22,20973596,20974311,6,715
chr22,20976460,20976814,5,354
chr22,20979377,20979713,16,336
chr22,20981727,20982751,39,1024
chr22,21001233,21003575,53,2342
chr22,21004714,21006361,13,1647
chr22,21014287,21014394,16,107
chr22,21025831,21026084,12,253
chr22,21031116,21032586,18,1470
chr22,21045289,21046675,23,1386
chr22,21050955,21051121,5,166
chr22,21080883,21080935,8,52
chr22,21340982,21341016,7,34
chr22,21363939,21364017,6,78
chr22,21411882,21411937,6,55
chr22,21445898,21446854,7,956
chr22,21450193,21451927,16,1734
chr22,21458025,21458216,5,191
chr22,21468304,21469588,17,1284
chr22,21485540,21485643,7,103
chr22,21487927,21488065,5,138
chr22,21522947,21523002,5,55
chr22,21562355,21562464,6,109
chr22,21563486,21564128,15,642
chr22,21567698,21568100,17,402
chr22,21600185,21600267,5,82
chr22,21627612,21627644,5,32
chr22,21628658,21630473,68,1815
chr22,21641785,21643071,77,1286
chr22,21651462,21652887,61,1425
chr22,21655356,21655564,5,208
chr22,21657147,21658386,74,1239
chr22,21666020,21666362,18,342
chr22,21715418,21716160,10,742
chr22,21724956,21725855,6,899
chr22,21735674,21736598,45,924
chr22,21755474,21755699,9,225
chr22,21783071,21783276,6,205
chr22,21866110,21868033,69,1923
chr22,21905235,21905306,6,71
chr22,21923420,21923493,5,73
chr22,21933980,21934136,10,156
chr22,21937758,21938539,6,781
chr22,21942148,21942645,5,497
chr22,21943778,21943901,6,123
chr22,21952015,21953916,49,1901
chr22,21971975,21973591,5,1616
chr22,21982640,21982889,22,249
chr22,22004803,22005089,5,286
chr22,22016477,22016625,6,148
chr22,22108671,22109140,6,469
chr22,22123544,22123699,6,155
chr22,22211557,22212109,5,552
chr22,22320029,22320187,6,158
chr22,22508395,22508868,27,473
chr22,22529989,22530312,7,323
chr22,22558952,22559281,9,329
chr22,22895267,22896349,5,1082
chr22,23016298,23017372,9,1074
chr22,23026719,23027023,10,304
chr22,23028544,23028945,6,401
chr22,23059321,23059496,5,175
chr22,23069780,23071611,55,1831
chr22,23095756,23095995,14,239
chr22,23099160,23099215,5,55
chr22,23107660,23107798,5,138
chr22,23145230,23145818,17,588
chr22,23151861,23152099,9,238
chr22,23156525,23157950,12,1425
chr22,23180025,23182190,93,2165
chr22,23208786,23209125,8,339
chr22,23218242,23218961,9,719
chr22,23238012,23238371,6,359
chr22,23251191,23251554,7,363
chr22,23262716,23263331,34,615
chr22,23268729,23269661,6,932
chr22,23281218,23282510,13,1292
chr22,23287945,23289001,14,1056
chr22,23290250,23290379,5,129
chr22,23291546,23291599,5,53
chr22,23297976,23298688,7,712
chr22,23320115,23321213,7,1098
chr22,23383473,23384002,12,529
chr22,23399682,23399861,12,179
chr22,23402431,23403480,36,1049
chr22,23414837,23415158,6,321
chr22,23433003,23433359,5,356
chr22,23449626,23450623,6,997
chr22,23451633,23453298,14,1665
chr22,23457016,23459098,17,2082
chr22,23499470,23499803,8,333
chr22,23510671,23511185,6,514
chr22,23520399,23522793,89,2394
chr22,23524709,23526472,10,1763
chr22,23536882,23537658,8,776
chr22,23565980,23566714,33,734
chr22,23631145,23631275,6,130
chr22,23642863,23643044,5,181
chr22,23715847,23717376,38,1529
chr22,23733629,23734101,6,472
chr22,23743855,23744545,17,690
chr22,23750892,23751837,34,945
chr22,23763750,23763957,7,207
chr22,23767193,23769276,42,2083
chr22,23772689,23773170,41,481
chr22,23782220,23782396,6,176
chr22,23786925,23787269,37,344
chr22,23798732,23798877,7,145
chr22,23807401,23808245,12,844
chr22,23826281,23827402,8,1121
chr22,23837647,23838875,14,1228
chr22,23848556,23850391,38,1835
chr22,23852617,23853564,11,947
chr22,23856821,23857927,33,1106
chr22,23870753,23870959,6,206
chr22,23882481,23882786,10,305
chr22,23894097,23895494,79,1397
chr22,23913703,23914165,25,462
chr22,23930196,23930428,7,232
chr22,23960024,23960225,11,201
chr22,24011073,24011602,18,529
chr22,24015405,24015944,11,539
chr22,24146409,24146746,5,337
chr22,24155761,24157456,52,1695
chr22,24181158,24181255,5,97
chr22,24186143,24186632,9,489
chr22,24201301,24201797,7,496
chr22,24225427,24226256,10,829
chr22,24231263,24232329,5,1066
chr22,24247641,24247726,5,85
chr22,24250601,24250696,7,95
chr22,24270009,24271559,74,1550
chr22,24311729,24312061,5,332
chr22,24413169,24413298,8,129
chr22,24423215,24425973,114,2758
chr22,24427300,24428061,7,761
chr22,24433617,24433735,8,118
chr22,24494445,24495805,40,1360
chr22,24554515,24556456,62,1941
chr22,24591122,24591172,6,50
chr22,24592245,24593145,41,900
chr22,24622842,24623857,9,1015
chr22,24660178,24660320,9,142
chr22,24661405,24661736,7,331
chr22,24686005,24686110,10,105
chr22,24711626,24712276,14,650
chr22,24724158,24724527,5,369
chr22,24763237,24764167,14,930
chr22,24795023,24795496,6,473
chr22,24805478,24806493,33,1015
chr22,24925965,24926458,7,493
chr22,24952451,24953805,66,1354
chr22,24956552,24956710,6,158
chr22,24991662,24991970,6,308
chr22,25028174,25029078,9,904
chr22,25038797,25038924,5,127
chr22,25058535,25058663,5,128
chr22,25067258,25067708,8,450
chr22,25069734,25070233,17,499
chr22,25110878,25112553,23,1675
chr22,25170759,25171398,7,639
chr22,25178807,25179297,11,490
chr22,25235635,25236827,5,1192
chr22,25243585,25243996,9,411
chr22,25258367,25258650,6,283
chr22,25282234,25283484,59,1250
chr22,25368824,25369830,5,1006
chr22,25372195,25372368,6,173
chr22,25384844,25384932,6,88
chr22,25392402,25393246,6,844
chr22,25400287,25401159,9,872
chr22,25404565,25406229,42,1664
chr22,25420449,25421757,63,1308
chr22,25427569,25427918,5,349
chr22,25448130,25448507,12,377
chr22,25564179,25565762,54,1583
chr22,25673004,25673154,5,150
chr22,25695829,25695926,5,97
chr22,25709098,25709198,8,100
chr22,25742195,25742900,13,705
chr22,25751873,25752817,5,944
chr22,25779973,25780256,11,283
chr22,25834239,25834560,5,321
chr22,25987699,25988176,5,477
chr22,26026717,26027510,11,793
chr22,26122145,26122425,5,280
chr22,26168533,26171047,88,2514
chr22,26189838,26189989,6,151
chr22,26292302,26292974,9,672
chr22,26320286,26320626,5,340
chr22,26350465,26351152,6,687
chr22,26360454,26360779,5,325
chr22,26429121,26430109,57,988
chr22,26443196,26443246,6,50
chr22,26445943,26446600,10,657
chr22,26458106,26458305,10,199
chr22,26461091,26462193,7,1102
chr22,26483507,26483975,22,468
chr22,26499414,26499493,7,79
chr22,26512490,26512571,9,81
chr22,26563389,26564677,7,1288
chr22,26580749,26580831,5,82
chr22,26586394,26587384,9,990
chr22,26588778,26590362,40,1584
chr22,26610403,26610626,5,223
chr22,26655696,26657595,40,1899
chr22,26672770,26673268,20,498
chr22,26688280,26688359,5,79
chr22,26756845,26756980,15,135
chr22,26800371,26801157,6,786
chr22,26902905,26903884,5,979
chr22,27108714,27108915,5,201
chr22,27124281,27124768,11,487
chr22,27270953,27271094,9,141
chr22,27296259,27296371,6,112
chr22,27299553,27299661,6,108
chr22,27323877,27323960,6,83
chr22,27438588,27438646,5,58
chr22,27442538,27442696,9,158
chr22,27475291,27475975,7,684
chr22,27499165,27499348,5,183
chr22,27504555,27505003,6,448
chr22,27555985,27556542,5,557
chr22,27573279,27575828,29,2549
chr22,27591287,27591533,6,246
chr22,27613894,27614621,12,727
chr22,27621508,27622637,9,1129
chr22,27633032,27633157,6,125
chr22,27641819,27642439,7,620
chr22,27776193,27777171,6,978
chr22,27786837,27787163,9,326
chr22,27795209,27795289,6,80
chr22,27797873,27805014,272,7141
chr22,27810628,27811052,5,424
chr22,27833153,27833253,8,100
chr22,27839330,27840509,10,1179
chr22,27918546,27919544,46,998
chr22,27992367,27993360,8,993
chr22,27995887,27996174,11,287
chr22,28101482,28101620,6,138
chr22,28107980,28108130,6,150
chr22,28442342,28442893,6,551
chr22,28467873,28467979,6,106
chr22,28505918,28506477,6,559
chr22,28553668,28553734,6,66
chr22,28679225,28680418,48,1193
chr22,28707759,28708869,8,1110
chr22,28741882,28742361,5,479
chr22,28753003,28753482,6,479
chr22,28769611,28769753,7,142
chr22,28772369,28773210,29,841
chr22,28782501,28783127,5,626
chr22,28792932,28793081,5,149
chr22,28800145,28802557,56,2412
chr22,28811932,28812942,5,1010
chr22,28852871,28853009,6,138
chr22,28882910,28884569,77,1659
chr22,28896111,28896227,6,116
chr22,28923999,28924029,5,30
chr22,28941835,28941909,5,74
chr22,28943246,28944611,8,1365
chr22,29004789,29004928,5,139
chr22,29030328,29031884,16,1556
chr22,29049288,29050862,28,1574
chr22,29071081,29071734,23,653
chr22,29072766,29074074,74,1308
chr22,29163140,29163470,10,330
chr22,29177398,29177608,5,210
chr22,29179755,29179847,6,92
chr22,29205674,29206229,49,555
chr22,29209018,29209200,7,182
chr22,29262914,29263067,6,153
chr22,29267634,29269679,70,2045
chr22,29293921,29294770,9,849
chr22,29305124,29307385,56,2261
chr22,29309878,29310291,7,413
chr22,29311466,29315810,134,4344
chr22,29364766,29364801,6,35
chr22,29387920,29389841,46,1921
chr22,29397007,29397068,6,61
chr22,29415393,29415580,9,187
chr22,29420455,29420683,5,228
chr22,29449811,29450307,11,496
chr22,29460021,29461709,8,1688
chr22,29470219,29470662,14,443
chr22,29479480,29480830,42,1350
chr22,29514562,29515337,6,775
chr22,29553317,29553736,16,419
chr22,29580974,29582060,27,1086
chr22,29597001,29598326,18,1325
chr22,29601487,29601820,6,333
chr22,29602873,29604215,29,1342
chr22,29693703,29695210,12,1507
chr22,29702411,29703217,6,806
chr22,29708295,29708389,5,94
chr22,29719359,29721280,82,1921
chr22,29727204,29727938,10,734
chr22,29766989,29767078,9,89
chr22,29788303,29789209,8,906
chr22,29804357,29804659,5,302
chr22,29836311,29836629,5,318
chr22,29837935,29838263,21,328
chr22,29881800,29883506,33,1706
chr22,29992241,29992325,5,84
chr22,30080096,30080425,11,329
chr22,30204986,30205651,12,665
chr22,30217034,30218351,7,1317
chr22,30222375,30224547,11,2172
chr22,30240717,30241506,9,789
chr22,30245672,30248087,66,2415
chr22,30255980,30256115,8,135
chr22,30258446,30258739,6,293
chr22,30263346,30264584,15,1238
chr22,30265938,30266091,10,153
chr22,30271100,30271920,9,820
chr22,30274444,30278190,20,3746
chr22,30279465,30279638,8,173
chr22,30288877,30290069,41,1192
chr22,30326449,30327228,37,779
chr22,30356236,30358298,68,2062
chr22,30365829,30366188,5,359
chr22,30375583,30375909,7,326
chr22,30385346,30385408,5,62
chr22,30386815,30388673,30,1858
chr22,30396516,30397626,16,1110
chr22,30423225,30424528,46,1303
chr22,30425859,30426071,23,212
chr22,30503748,30504150,8,402
chr22,30505444,30506329,9,885
chr22,30542086,30542836,22,750
chr22,30543895,30544961,8,1066
chr22,30554876,30556087,33,1211
chr22,30574359,30574883,28,524
chr22,30587286,30587376,5,90
chr22,30597004,30598498,24,1494
chr22,30635041,30637107,29,2066
chr22,30667159,30668487,31,1328
chr22,30694867,30695286,25,419
chr22,30707182,30707633,14,451
chr22,30739635,30739915,5,280
chr22,30802521,30803045,31,524
chr22,30822506,30822873,27,367
chr22,30858049,30858239,7,190
chr22,30872349,30873770,8,1421
chr22,30892418,30893677,8,1259
chr22,30905670,30906592,10,922
chr22,30920545,30920648,5,103
chr22,30932567,30932743,5,176
chr22,30968418,30969847,73,1429
chr22,31008349,31008487,8,138
chr22,31081433,31081725,13,292
chr22,31084892,31085598,34,706
chr22,31087821,31088004,6,183
chr22,31093596,31093841,7,245
chr22,31100124,31100524,7,400
chr22,31106918,31107506,28,588
chr22,31135898,31137103,7,1205
chr22,31140054,31140541,11,487
chr22,31159684,31160842,41,1158
chr22,31208048,31209038,7,990
chr22,31211956,31213976,33,2020
chr22,31248572,31249797,10,1225
chr22,31276435,31278525,17,2090
chr22,31290111,31292959,69,2848
chr22,31310305,31310641,7,336
chr22,31336526,31336682,6,156
chr22,31341768,31344554,13,2786
chr22,31345668,31348511,127,2843
chr22,31396854,31397655,5,801
chr22,31399832,31400204,16,372
chr22,31427763,31428480,7,717
chr22,31431033,31431127,6,94
chr22,31463538,31463865,10,327
chr22,31470088,31470373,5,285
chr22,31489075,31489913,48,838
chr22,31495309,31497008,60,1699
chr22,31535162,31535282,5,120
chr22,31576572,31576732,6,160
chr22,31618057,31618263,6,206
chr22,31620554,31621280,9,726
chr22,31623550,31623709,7,159
chr22,31629965,31630824,20,859
chr22,31665446,31665491,5,45
chr22,31676771,31677835,21,1064
chr22,31689776,31690009,7,233
chr22,31696204,31696252,5,48
chr22,31705185,31706612,7,1427
chr22,31711259,31711610,9,351
chr22,31749982,31750704,19,722
chr22,31753873,31754018,22,145
chr22,31767809,31767996,8,187
chr22,31876874,31877329,8,455
chr22,31943983,31945603,69,1620
chr22,31967966,31968512,6,546
chr22,31970242,31972467,25,2225
chr22,31983241,31983672,9,431
chr22,32147968,32148068,5,100
chr22,32151628,32151844,5,216
chr22,32175739,32176909,27,1170
chr22,32198466,32199263,6,797
chr22,32202528,32203871,47,1343
chr22,32205906,32206948,15,1042
chr22,32232992,32233511,6,519
chr22,32277336,32277640,5,304
chr22,32285794,32285829,6,35
chr22,32353219,32353975,21,756
chr22,32371313,32371367,6,54
chr22,32411892,32412218,12,326
chr22,32428823,32429063,5,240
chr22,32474749,32475615,29,866
chr22,32504543,32505234,5,691
chr22,32532031,32532794,8,763
chr22,32564551,32565098,5,547
chr22,32587638,32587773,5,135
chr22,32604622,32605144,9,522
chr22,32663399,32663459,5,60
chr22,32769485,32769609,7,124
chr22,32801467,32801979,41,512
chr22,32829435,32829679,8,244
chr22,32847280,32847462,5,182
chr22,32996833,32996985,8,152
chr22,33014704,33015077,15,373
chr22,33057090,33059109,66,2019
chr22,33096665,33096725,8,60
chr22,33103155,33103204,5,49
chr22,33106079,33106619,6,540
chr22,33181729,33181983,6,254
chr22,33210222,33210613,9,391
chr22,33277129,33277184,5,55
chr22,33307359,33307649,5,290
chr22,33310984,33311053,5,69
chr22,33395154,33395188,6,34
chr22,33535467,33535822,5,355
chr22,33826503,33827084,6,581
chr22,33873142,33873474,6,332
chr22,33907739,33907892,5,153
chr22,33916004,33916109,5,105
chr22,33919891,33923120,152,3229
chr22,34305366,34305460,5,94
chr22,34436976,34437069,5,93
chr22,34555605,34555655,6,50
chr22,34625974,34626082,6,108
chr22,34788863,34788906,6,43
chr22,35161132,35161245,5,113
chr22,35257436,35258210,48,774
chr22,35299839,35302626,47,2787
chr22,35315885,35316015,8,130
chr22,35318341,35318921,8,580
chr22,35328395,35329245,13,850
chr22,35344281,35344556,12,275
chr22,35352683,35354779,17,2096
chr22,35369239,35369277,5,38
chr22,35370796,35372180,14,1384
chr22,35380970,35381268,22,298
chr22,35396620,35397037,7,417
chr22,35399165,35400979,45,1814
chr22,35431071,35432171,5,1100
chr22,35446631,35448113,20,1482
chr22,35450267,35451049,13,782
chr22,35521883,35521975,5,92
chr22,35527892,35527940,5,48
chr22,35540121,35541549,66,1428
chr22,35546058,35546557,7,499
chr22,35549167,35549526,6,359
chr22,35573669,35574428,6,759
chr22,35592227,35592649,5,422
chr22,35597056,35598651,5,1595
chr22,35607116,35607398,8,282
chr22,35723849,35723913,5,64
chr22,35727120,35729006,18,1886
chr22,35909772,35909907,5,135
chr22,35951046,35951338,5,292
chr22,36027881,36029338,65,1457
chr22,36065814,36066682,30,868
chr22,36098206,36100081,14,1875
chr22,36111301,36111552,6,251
chr22,36123427,36124673,28,1246
chr22,36239055,36239544,8,489
chr22,36287181,36289245,23,2064
chr22,36297866,36298137,6,271
chr22,36299521,36300981,12,1460
chr22,36306409,36306551,6,142
chr22,36314017,36315184,5,1167
chr22,36321742,36323541,10,1799
chr22,36334231,36334298,5,67
chr22,36335385,36336434,8,1049
chr22,36367198,36367641,7,443
chr22,36373310,36373464,5,154
chr22,36385694,36388026,76,2332
chr22,36409913,36410511,19,598
chr22,36413953,36414197,5,244
chr22,36428906,36429349,7,443
chr22,36453649,36455836,30,2187
chr22,36459423,36459735,8,312
chr22,36464276,36465707,15,1431
chr22,36481668,36482749,33,1081
chr22,36505434,36507250,85,1816
chr22,36528998,36530359,37,1361
chr22,36545944,36546572,6,628
chr22,36564303,36564973,21,670
chr22,36576976,36577573,13,597
chr22,36653150,36653609,9,459
chr22,36659565,36661180,5,1615
chr22,36685328,36686669,9,1341
chr22,36703439,36703723,28,284
chr22,36725795,36725850,6,55
chr22,36727182,36727563,7,381
chr22,36737097,36738263,11,1166
chr22,36742502,36742714,5,212
chr22,36756795,36756899,5,104
chr22,36758015,36758324,6,309
chr22,36775942,36776056,8,114
chr22,36782042,36782281,8,239
chr22,36816346,36817198,41,852
chr22,36823402,36823584,8,182
chr22,36848700,36848932,5,232
chr22,36856109,36856604,8,495
chr22,36863006,36864062,11,1056
chr22,36870342,36870517,7,175
chr22,36906698,36906963,7,265
chr22,36912164,36912381,5,217
chr22,36952779,36952921,6,142
chr22,36994431,36994723,6,292
chr22,37018338,37020339,83,2001
chr22,37023234,37024713,28,1479
chr22,37036292,37037238,9,946
chr22,37051518,37053784,56,2266
chr22,37060596,37061254,8,658
chr22,37062483,37063323,6,840
chr22,37068993,37069182,20,189
chr22,37070932,37070968,5,36
chr22,37079911,37080121,7,210
chr22,37088928,37090192,11,1264
chr22,37127399,37127904,6,505
chr22,37131548,37132373,7,825
chr22,37140055,37140971,7,916
chr22,37149405,37149855,10,450
chr22,37154389,37154669,7,280
chr22,37198695,37199622,28,927
chr22,37211542,37212826,18,1284
chr22,37234487,37234645,7,158
chr22,37240762,37241687,11,925
chr22,37245317,37245591,7,274
chr22,37259574,37259743,8,169
chr22,37267058,37268512,10,1454
chr22,37272221,37273323,7,1102
chr22,37283145,37285857,11,2712
chr22,37294605,37296059,15,1454
chr22,37300956,37301783,5,827
chr22,37312560,37312931,5,371
chr22,37314090,37315485,12,1395
chr22,37324682,37326021,26,1339
chr22,37334457,37335639,55,1182
chr22,37338261,37338338,6,77
chr22,37348593,37349214,5,621
chr22,37373461,37374004,11,543
chr22,37379260,37380817,13,1557
chr22,37403466,37403702,5,236
chr22,37410371,37410776,9,405
chr22,37412611,37413096,9,485
chr22,37416684,37417844,6,1160
chr22,37419831,37420262,32,431
chr22,37425937,37427808,78,1871
chr22,37431259,37431420,6,161
chr22,37438550,37440461,5,1911
chr22,37444740,37445057,6,317
chr22,37456536,37456580,5,44
chr22,37473682,37474250,9,568
chr22,37483492,37487674,44,4182
chr22,37492628,37492793,11,165
chr22,37501466,37502056,7,590
chr22,37512745,37513271,8,526
chr22,37518678,37520359,85,1681
chr22,37545667,37546892,20,1225
chr22,37558404,37562591,132,4187
chr22,37565875,37566355,10,480
chr22,37571862,37572723,7,861
chr22,37584421,37584800,5,379
chr22,37593043,37593747,6,704
chr22,37595028,37596292,10,1264
chr22,37600074,37601965,8,1891
chr22,37606761,37607200,10,439
chr22,37608473,37610052,21,1579
chr22,37616876,37616938,5,62
chr22,37622171,37622806,6,635
chr22,37631945,37632881,6,936
chr22,37639434,37641232,41,1798
chr22,37655203,37655472,6,269
chr22,37658677,37659853,55,1176
chr22,37663022,37665536,22,2514
chr22,37669243,37669283,5,40
chr22,37672244,37673125,12,881
chr22,37674490,37675678,13,1188
chr22,37676781,37678166,19,1385
chr22,37681868,37682811,13,943
chr22,37686377,37686766,29,389
chr22,37687935,37688958,5,1023
chr22,37697058,37697200,5,142
chr22,37707866,37709519,22,1653
chr22,37720982,37721164,5,182
chr22,37725629,37726642,17,1013
chr22,37736894,37737703,5,809
chr22,37744958,37746930,91,1972
chr22,37748435,37749839,9,1404
chr22,37752573,37752708,5,135
chr22,37756375,37756914,6,539
chr22,37780839,37781448,5,609
chr22,37794792,37795894,8,1102
chr22,37798637,37799136,9,499
chr22,37801435,37807867,109,6432
chr22,37818288,37820818,21,2530
chr22,37824541,37825538,26,997
chr22,37826678,37826781,5,103
chr22,37836274,37836402,7,128
chr22,37841006,37841141,5,135
chr22,37843805,37844813,42,1008
chr22,37848256,37849703,45,1447
chr22,37905715,37907386,92,1671
chr22,37914287,37914387,6,100
chr22,37919177,37920303,7,1126
chr22,37924880,37925936,5,1056
chr22,37934133,37935421,13,1288
chr22,37936816,37937159,5,343
chr22,37940347,37940439,7,92
chr22,37950762,37954394,53,3632
chr22,37963135,37963930,9,795
chr22,37977092,37978057,20,965
chr22,37983657,37983818,23,161
chr22,37986178,37987357,14,1179
chr22,37994440,37994611,5,171
chr22,37997708,37998089,7,381
chr22,38002533,38003645,5,1112
chr22,38014511,38014585,5,74
chr22,38019938,38020357,8,419
chr22,38026822,38027007,6,185
chr22,38038810,38039333,20,523
chr22,38056308,38057744,16,1436
chr22,38064685,38064891,9,206
chr22,38078108,38078654,9,546
chr22,38081347,38083858,42,2511
chr22,38086435,38087143,9,708
chr22,38088910,38089787,50,877
chr22,38093638,38093773,5,135
chr22,38096511,38096614,7,103
chr22,38097677,38098051,12,374
chr22,38109632,38112125,12,2493
chr22,38120873,38121724,5,851
chr22,38169255,38169336,5,81
chr22,38176286,38177303,8,1017
chr22,38195425,38196103,14,678
chr22,38201062,38203388,87,2326
chr22,38214298,38214913,16,615
chr22,38217566,38217745,5,179
chr22,38226566,38227429,12,863
chr22,38253090,38253184,5,94
chr22,38263468,38263657,7,189
chr22,38266646,38267007,7,361
chr22,38272556,38274410,66,1854
chr22,38279566,38279670,5,104
chr22,38287028,38288117,6,1089
chr22,38294140,38294503,26,363
chr22,38300537,38300909,14,372
chr22,38313548,38313923,7,375
chr22,38315802,38318541,54,2739
chr22,38328432,38328539,5,107
chr22,38335777,38336779,22,1002
chr22,38352397,38353618,14,1221
chr22,38397298,38399962,106,2664
chr22,38403791,38403932,7,141
chr22,38411971,38413454,37,1483
chr22,38426900,38428187,21,1287
chr22,38429944,38430018,5,74
chr22,38439356,38439603,9,247
chr22,38445040,38446261,18,1221
chr22,38452598,38452945,5,347
chr22,38454776,38456236,101,1460
chr22,38461447,38462535,31,1088
chr22,38467600,38470857,45,3257
chr22,38472401,38472550,5,149
chr22,38505204,38507427,96,2223
chr22,38532414,38532482,6,68
chr22,38551921,38551953,5,32
chr22,38568914,38570694,15,1780
chr22,38625127,38626330,6,1203
chr22,38655387,38656871,39,1484
chr22,38663379,38663423,5,44
chr22,38670295,38671086,7,791
chr22,38681294,38682052,20,758
chr22,38699830,38701281,48,1451
chr22,38705933,38706294,32,361
chr22,38751127,38753370,17,2243
chr22,38755432,38756887,92,1455
chr22,38766849,38767224,5,375
chr22,38770699,38770992,5,293
chr22,38793842,38794057,18,215
chr22,38802706,38804155,11,1449
chr22,38832193,38832419,6,226
chr22,38841954,38844532,150,2578
chr22,38848294,38848497,5,203
chr22,38860374,38862511,6,2137
chr22,38864795,38865095,5,300
chr22,38866439,38867077,30,638
chr22,38871375,38873100,89,1725
chr22,38891303,38891356,5,53
chr22,38912875,38912924,6,49
chr22,38927199,38927584,18,385
chr22,38964082,38964624,7,542
chr22,38965636,38966318,10,682
chr22,38972905,38973547,10,642
chr22,39021405,39022768,7,1363
chr22,39026659,39027130,6,471
chr22,39032905,39033902,5,997
chr22,39042781,39043082,6,301
chr22,39072955,39073701,5,746
chr22,39089119,39092074,12,2955
chr22,39100825,39102217,9,1392
chr22,39123301,39124456,22,1155
chr22,39137907,39138437,8,530
chr22,39144132,39145978,47,1846
chr22,39152363,39153566,89,1203
chr22,39170870,39171837,7,967
chr22,39172925,39173125,5,200
chr22,39174858,39175046,5,188
chr22,39178843,39179952,8,1109
chr22,39184049,39185140,11,1091
chr22,39212991,39213554,5,563
chr22,39229990,39230497,9,507
chr22,39231586,39231900,18,314
chr22,39233848,39234012,7,164
chr22,39235426,39238059,25,2633
chr22,39239088,39239668,12,580
chr22,39242433,39245565,164,3132
chr22,39252089,39252334,7,245
chr22,39254969,39256588,15,1619
chr22,39266186,39266909,9,723
chr22,39268248,39268362,5,114
chr22,39278183,39278298,8,115
chr22,39292239,39292990,17,751
chr22,39297759,39297991,5,232
chr22,39300299,39301483,10,1184
chr22,39307020,39307294,5,274
chr22,39316725,39320389,52,3664
chr22,39334114,39335531,10,1417
chr22,39349700,39351572,60,1872
chr22,39358545,39358662,7,117
chr22,39387936,39390393,28,2457
chr22,39395236,39395437,6,201
chr22,39399388,39400201,21,813
chr22,39407544,39407642,8,98
chr22,39430183,39430419,6,236
chr22,39437367,39437756,9,389
chr22,39451778,39451996,5,218
chr22,39456597,39458188,65,1591
chr22,39469540,39469918,8,378
chr22,39487630,39488939,19,1309
chr22,39502035,39503145,32,1110
chr22,39519464,39520946,41,1482
chr22,39523475,39524093,16,618
chr22,39528754,39529908,31,1154
chr22,39532360,39535109,68,2749
chr22,39545633,39545969,7,336
chr22,39557203,39558631,52,1428
chr22,39595145,39595452,6,307
chr22,39598583,39599710,10,1127
chr22,39617036,39617787,6,751
chr22,39646421,39646872,7,451
chr22,39648452,39650151,28,1699
chr22,39661974,39662718,32,744
chr22,39663760,39664837,29,1077
chr22,39670155,39670224,8,69
chr22,39678436,39679634,13,1198
chr22,39685147,39686422,36,1275
chr22,39690914,39691540,9,626
chr22,39708660,39709356,9,696
chr22,39727674,39727827,8,153
chr22,39769118,39769585,5,467
chr22,39994532,39996067,88,1535
chr22,40009586,40010133,7,547
chr22,40020431,40021776,18,1345
chr22,40022851,40023896,6,1045
chr22,40028602,40028988,6,386
chr22,40044162,40045708,93,1546
chr22,40049677,40050440,6,763
chr22,40130673,40131064,16,391
chr22,40233253,40233315,5,62
chr22,40343985,40344405,8,420
chr22,40345925,40347350,35,1425
chr22,40370666,40372195,36,1529
chr22,40400247,40400499,9,252
chr22,40404872,40406182,11,1310
chr22,40408644,40408763,7,119
chr22,40418529,40418927,15,398
chr22,40539499,40539595,5,96
chr22,40564745,40564812,5,67
chr22,40571668,40571745,5,77
chr22,40626182,40626449,5,267
chr22,40636522,40636567,6,45
chr22,40647174,40647672,7,498
chr22,40651842,40653123,17,1281
chr22,40684989,40685132,5,143
chr22,40692102,40693209,12,1107
chr22,40699398,40699707,6,309
chr22,40701259,40702465,6,1206
chr22,40721243,40722235,5,992
chr22,40760777,40760840,5,63
chr22,40789244,40789312,6,68
chr22,40817683,40819392,25,1709
chr22,40827194,40827781,5,587
chr22,40856332,40857391,21,1059
chr22,40898301,40898346,5,45
chr22,40948882,40949680,6,798
chr22,40950969,40951129,19,160
chr22,40975182,40976068,7,886
chr22,40985828,40986115,5,287
chr22,41021279,41022738,63,1459
chr22,41033452,41034132,6,680
chr22,41037844,41038162,7,318
chr22,41048844,41049127,5,283
chr22,41062893,41065067,32,2174
chr22,41084008,41084040,6,32
chr22,41086615,41087143,12,528
chr22,41091262,41093116,117,1854
chr22,41099224,41099324,5,100
chr22,41105292,41105491,5,199
chr22,41196491,41197589,46,1098
chr22,41204520,41206143,23,1623
chr22,41211747,41213173,12,1426
chr22,41217278,41218135,8,857
chr22,41227171,41227292,7,121
chr22,41232683,41232983,11,300
chr22,41237733,41240299,54,2566
chr22,41247512,41250431,25,2919
chr22,41284171,41286916,31,2745
chr22,41291571,41293735,12,2164
chr22,41301153,41302596,86,1443
chr22,41319325,41319564,7,239
chr22,41325663,41325837,5,174
chr22,41327269,41327389,11,120
chr22,41331030,41331173,7,143
chr22,41340024,41340071,5,47
chr22,41343097,41343492,10,395
chr22,41356021,41356196,8,175
chr22,41365748,41367305,5,1557
chr22,41368655,41368887,8,232
chr22,41373790,41373924,6,134
chr22,41379647,41382513,90,2866
chr22,41397051,41397969,9,918
chr22,41400501,41400852,10,351
chr22,41412777,41413907,33,1130
chr22,41416680,41416838,7,158
chr22,41438522,41439141,6,619
chr22,41441635,41441767,5,132
chr22,41444159,41448582,120,4423
chr22,41450187,41450257,5,70
chr22,41454093,41456123,15,2030
chr22,41469021,41469427,19,406
chr22,41485601,41485743,5,142
chr22,41506933,41507095,5,162
chr22,41526653,41528033,18,1380
chr22,41543569,41544851,28,1282
chr22,41550105,41551282,7,1177
chr22,41557406,41557954,7,548
chr22,41566661,41566843,6,182
chr22,41577355,41577406,5,51
chr22,41587129,41587577,8,448
chr22,41589110,41590140,21,1030
chr22,41593717,41594434,11,717
chr22,41606698,41606937,5,239
chr22,41620772,41620882,13,110
chr22,41656141,41656618,5,477
chr22,41666501,41668290,34,1789
chr22,41682326,41683157,6,831
chr22,41688690,41689807,41,1117
chr22,41699574,41700789,33,1215
chr22,41711363,41711426,5,63
chr22,41735324,41736342,5,1018
chr22,41759554,41760202,9,648
chr22,41785323,41786003,10,680
chr22,41799950,41801325,40,1375
chr22,41802636,41803958,10,1322
chr22,41829322,41829866,8,544
chr22,41831254,41833948,79,2694
chr22,41878094,41878321,5,227
chr22,41895329,41896097,5,768
chr22,41899310,41899528,5,218
chr22,41909102,41911935,95,2833
chr22,41913784,41915370,101,1586
chr22,41919569,41920349,61,780
chr22,41926273,41927015,46,742
chr22,41957294,41958301,44,1007
chr22,41971586,41972198,6,612
chr22,41975566,41977104,51,1538
chr22,41999070,41999193,11,123
chr22,42070525,42071016,35,491
chr22,42073762,42074497,29,735
chr22,42078970,42079947,50,977
chr22,42089561,42091324,27,1763
chr22,42127790,42127894,6,104
chr22,42129498,42129696,7,198
chr22,42138478,42138600,6,122
chr22,42142306,42145384,15,3078
chr22,42151143,42151213,6,70
chr22,42152773,42154377,11,1604
chr22,42163954,42164302,6,348
chr22,42167198,42167335,5,137
chr22,42232688,42232763,5,75
chr22,42245070,42245430,5,360
chr22,42267625,42268049,7,424
chr22,42269500,42272518,62,3018
chr22,42282704,42283991,54,1287
chr22,42289829,42289896,5,67
chr22,42294219,42294309,5,90
chr22,42296507,42296638,8,131
chr22,42331165,42331183,6,18
chr22,42335026,42335106,5,80
chr22,42338461,42338547,7,86
chr22,42343540,42345181,81,1641
chr22,42367618,42371205,60,3587
chr22,42375361,42376434,9,1073
chr22,42388195,42388541,6,346
chr22,42398515,42398575,5,60
chr22,42404075,42404500,8,425
chr22,42405953,42406216,7,263
chr22,42418845,42419330,5,485
chr22,42427629,42428382,6,753
chr22,42430690,42431109,7,419
chr22,42432167,42432405,11,238
chr22,42435063,42441206,45,6143
chr22,42443975,42444146,6,171
chr22,42457237,42458084,7,847
chr22,42478999,42479436,6,437
chr22,42492920,42492958,5,38
chr22,42500243,42501419,16,1176
chr22,42516011,42516230,6,219
chr22,42518832,42520433,46,1601
chr22,42523239,42523456,7,217
chr22,42524679,42524962,5,283
chr22,42532165,42533280,7,1115
chr22,42553215,42554732,37,1517
chr22,42560790,42561888,6,1098
chr22,42581728,42582185,34,457
chr22,42602867,42603128,9,261
chr22,42605390,42605421,5,31
chr22,42614676,42615744,30,1068
chr22,42623568,42624483,8,915
chr22,42631099,42631428,10,329
chr22,42636759,42636865,6,106
chr22,42645640,42646904,9,1264
chr22,42649059,42649952,27,893
chr22,42661837,42662539,24,702
chr22,42667568,42669128,5,1560
chr22,42681261,42682435,6,1174
chr22,42692645,42693936,23,1291
chr22,42699336,42699536,6,200
chr22,42702158,42702916,17,758
chr22,42719993,42721239,69,1246
chr22,42741288,42742262,15,974
chr22,42743640,42745125,21,1485
chr22,42746261,42747027,5,766
chr22,42757869,42758713,7,844
chr22,42770173,42770280,8,107
chr22,42784196,42786517,12,2321
chr22,42794007,42796299,12,2292
chr22,42856670,42858075,46,1405
chr22,42862867,42862935,5,68
chr22,42902936,42903030,5,94
chr22,42951428,42951529,5,101
chr22,43013866,43015493,59,1627
chr22,43022248,43022439,8,191
chr22,43030020,43030120,7,100
chr22,43034094,43034564,7,470
chr22,43050340,43050639,6,299
chr22,43063733,43064553,7,820
chr22,43089155,43089468,37,313
chr22,43110635,43111438,63,803
chr22,43125644,43129537,27,3893
chr22,43133288,43134055,11,767
chr22,43142642,43143496,54,854
chr22,43145424,43146229,5,805
chr22,43147544,43149645,20,2101
chr22,43151165,43152211,53,1046
chr22,43163552,43163992,5,440
chr22,43165027,43166431,6,1404
chr22,43167548,43167599,5,51
chr22,43168824,43168937,5,113
chr22,43180029,43180870,9,841
chr22,43185176,43187720,51,2544
chr22,43202204,43202327,5,123
chr22,43204875,43205266,6,391
chr22,43222653,43223789,12,1136
chr22,43231142,43232403,18,1261
chr22,43244803,43245137,7,334
chr22,43256754,43256893,5,139
chr22,43263506,43264467,19,961
chr22,43269087,43269216,7,129
chr22,43281976,43282073,5,97
chr22,43293341,43293483,5,142
chr22,43305063,43305496,7,433
chr22,43320018,43321056,5,1038
chr22,43337299,43337490,6,191
chr22,43342115,43344244,152,2129
chr22,43385861,43385902,5,41
chr22,43411299,43413537,107,2238
chr22,43421100,43422125,20,1025
chr22,43426223,43426926,5,703
chr22,43428596,43428807,5,211
chr22,43433609,43435205,24,1596
chr22,43474862,43475018,7,156
chr22,43482339,43482403,7,64
chr22,43501203,43501500,7,297
chr22,43514932,43515653,7,721
chr22,43530626,43531221,18,595
chr22,43690216,43690384,7,168
chr22,43745349,43745463,5,114
chr22,43757471,43757521,5,50
chr22,43812097,43812522,26,425
chr22,43820562,43821423,10,861
chr22,43831567,43831742,6,175
chr22,43838335,43838887,6,552
chr22,43844956,43845292,5,336
chr22,43861742,43862537,78,795
chr22,43891249,43892169,57,920
chr22,43896302,43897098,6,796
chr22,43922966,43924808,61,1842
chr22,43954881,43955697,40,816
chr22,43980987,43981143,5,156
chr22,43985725,43985797,6,72
chr22,43995219,43996048,12,829
chr22,44023774,44026344,79,2570
chr22,44046874,44046964,5,90
chr22,44068973,44069115,8,142
chr22,44093013,44093531,5,518
chr22,44095428,44095751,5,323
chr22,44097023,44099218,14,2195
chr22,44100947,44102143,7,1196
chr22,44150081,44150660,7,579
chr22,44163746,44164114,7,368
chr22,44167712,44167740,5,28
chr22,44172845,44173877,10,1032
chr22,44181441,44182905,25,1464
chr22,44202883,44202953,5,70
chr22,44219383,44219665,9,282
chr22,44270706,44271823,5,1117
chr22,44285857,44286575,14,718
chr22,44298010,44298888,6,878
chr22,44307511,44307684,5,173
chr22,44315893,44317295,11,1402
chr22,44326223,44326396,5,173
chr22,44330580,44332792,77,2212
chr22,44338051,44338245,6,194
chr22,44340157,44340782,7,625
chr22,44363573,44363699,6,126
chr22,44368999,44369166,5,167
chr22,44383039,44384220,7,1181
chr22,44400296,44400519,6,223
chr22,44409626,44412741,29,3115
chr22,44427445,44428717,9,1272
chr22,44437083,44437436,7,353
chr22,44453901,44454125,7,224
chr22,44455832,44455927,7,95
chr22,44497164,44498767,58,1603
chr22,44543750,44543926,10,176
chr22,44547200,44547305,6,105
chr22,44585679,44587439,13,1760
chr22,44591471,44591604,6,133
chr22,44607391,44608982,8,1591
chr22,44616631,44616998,7,367
chr22,44620279,44621661,34,1382
chr22,44624343,44625042,10,699
chr22,44639030,44641003,13,1973
chr22,44658901,44659293,6,392
chr22,44668309,44669024,49,715
chr22,44674253,44674675,7,422
chr22,44684024,44685007,11,983
chr22,44691068,44692798,21,1730
chr22,44697032,44699392,21,2360
chr22,44701716,44703213,62,1497
chr22,44705513,44706860,6,1347
chr22,44708097,44708257,6,160
chr22,44714193,44715944,5,1751
chr22,44716986,44717284,5,298
chr22,44720754,44722514,7,1760
chr22,44724762,44725060,6,298
chr22,44727268,44727744,9,476
chr22,44729515,44730160,16,645
chr22,44732330,44733365,6,1035
chr22,44751952,44753704,68,1752
chr22,44764885,44766181,9,1296
chr22,44790600,44791532,12,932
chr22,44806820,44808430,16,1610
chr22,44811248,44811339,5,91
chr22,44820513,44820771,7,258
chr22,44838066,44838761,7,695
chr22,44847996,44848893,16,897
chr22,44881132,44881940,12,808
chr22,44921349,44921459,7,110
chr22,44937456,44937836,7,380
chr22,44942789,44943670,8,881
chr22,44948431,44948639,8,208
chr22,44954520,44954749,6,229
chr22,44965972,44966292,8,320
chr22,44972508,44973113,8,605
chr22,44978217,44978452,5,235
chr22,44979674,44981047,9,1373
chr22,44993349,44994487,5,1138
chr22,45006333,45010875,211,4542
chr22,45016684,45016923,9,239
chr22,45055286,45056705,7,1419
chr22,45060468,45061883,12,1415
chr22,45071252,45072479,5,1227
chr22,45078188,45078241,5,53
chr22,45091244,45091876,14,632
chr22,45163005,45164901,87,1896
chr22,45189977,45190092,6,115
chr22,45194733,45194873,8,140
chr22,45197043,45197095,6,52
chr22,45199890,45200085,11,195
chr22,45201515,45202563,7,1048
chr22,45203707,45205146,18,1439
chr22,45215952,45217217,9,1265
chr22,45226034,45227878,11,1844
chr22,45233595,45234162,5,567
chr22,45235348,45238999,19,3651
chr22,45240145,45241019,34,874
chr22,45244750,45245608,10,858
chr22,45247056,45247148,5,92
chr22,45263901,45264098,5,197
chr22,45269130,45269419,9,289
chr22,45284795,45284998,21,203
chr22,45292776,45293415,9,639
chr22,45294421,45294757,6,336
chr22,45303671,45304410,8,739
chr22,45308239,45310845,74,2606
chr22,45323098,45323340,12,242
chr22,45413029,45413474,22,445
chr22,45429215,45431258,9,2043
chr22,45440281,45441709,26,1428
chr22,45476096,45476169,5,73
chr22,45495527,45495830,8,303
chr22,45501212,45504629,95,3417
chr22,45509322,45510493,7,1171
chr22,45519254,45519768,5,514
chr22,45527975,45529915,19,1940
chr22,45542030,45544456,17,2426
chr22,45552603,45553066,11,463
chr22,45563272,45563974,15,702
chr22,45579303,45581212,30,1909
chr22,45585198,45585445,7,247
chr22,45613001,45613491,9,490
chr22,45632881,45633948,10,1067
chr22,45644494,45645810,25,1316
chr22,45671572,45672412,44,840
chr22,45694798,45695151,5,353
chr22,45866456,45869019,103,2563
chr22,45877481,45878614,19,1133
chr22,45880649,45881610,30,961
chr22,45882929,45884243,12,1314
chr22,45887980,45892316,45,4336
chr22,45905536,45905868,16,332
chr22,45909955,45912068,16,2113
chr22,45918497,45919255,17,758
chr22,45920771,45920969,7,198
chr22,45922090,45922845,6,755
chr22,45923847,45924082,9,235
chr22,45930534,45930890,7,356
chr22,45934042,45934946,19,904
chr22,45940375,45941192,5,817
chr22,45950780,45951237,6,457
chr22,45954505,45955212,6,707
chr22,45959806,45960838,10,1032
chr22,45966538,45966945,5,407
chr22,45969186,45972777,74,3591
chr22,45974764,45979332,154,4568
chr22,45989269,45990325,14,1056
chr22,45994784,45996706,12,1922
chr22,46002607,46002767,7,160
chr22,46006596,46008176,30,1580
chr22,46011302,46012018,16,716
chr22,46013580,46014545,50,965
chr22,46027339,46027970,51,631
chr22,46035932,46037770,48,1838
chr22,46043915,46044931,36,1016
chr22,46052563,46054654,58,2091
chr22,46057958,46058942,8,984
chr22,46061304,46062372,63,1068
chr22,46063491,46064590,14,1099
chr22,46069467,46072364,207,2897
chr22,46073854,46074746,12,892
chr22,46076455,46081689,58,5234
chr22,46083728,46085797,24,2069
chr22,46088096,46089014,14,918
chr22,46092781,46093706,5,925
chr22,46097953,46099414,9,1461
chr22,46103994,46105531,16,1537
chr22,46106619,46108730,19,2111
chr22,46114085,46114750,7,665
chr22,46122717,46123307,11,590
chr22,46131703,46132178,7,475
chr22,46134510,46134783,5,273
chr22,46149425,46151617,142,2192
chr22,46153450,46153595,9,145
chr22,46180812,46180991,7,179
chr22,46197828,46198002,5,174
chr22,46213714,46215225,37,1511
chr22,46242211,46242313,5,102
chr22,46249371,46250998,62,1627
chr22,46262872,46263248,12,376
chr22,46266943,46268113,39,1170
chr22,46281472,46281544,5,72
chr22,46296284,46297421,61,1137
chr22,46313922,46315151,12,1229
chr22,46331777,46331843,6,66
chr22,46334797,46336436,60,1639
chr22,46351144,46353076,24,1932
chr22,46354558,46355570,6,1012
chr22,46364102,46364314,18,212
chr22,46373621,46375636,17,2015
chr22,46379499,46379852,13,353
chr22,46381846,46382023,15,177
chr22,46385600,46385770,5,170
chr22,46390918,46392348,17,1430
chr22,46393662,46393826,5,164
chr22,46409773,46410487,28,714
chr22,46414927,46414983,8,56
chr22,46416297,46417542,5,1245
chr22,46432264,46432861,6,597
chr22,46443997,46444279,11,282
chr22,46445728,46445794,7,66
chr22,46452008,46452166,6,158
chr22,46453224,46454668,17,1444
chr22,46465559,46466552,9,993
chr22,46472006,46473020,20,1014
chr22,46477291,46479694,21,2403
chr22,46486703,46486767,5,64
chr22,46509855,46509926,5,71
chr22,46511406,46512479,8,1073
chr22,46516489,46517507,8,1018
chr22,46524989,46527036,9,2047
chr22,46533188,46539308,248,6120
chr22,46541517,46542949,12,1432
chr22,46546959,46547453,6,494
chr22,46570198,46570771,6,573
chr22,46573318,46573451,6,133
chr22,46576254,46578059,58,1805
chr22,46579291,46581234,21,1943
chr22,46584227,46588793,29,4566
chr22,46591551,46592596,7,1045
chr22,46603121,46603609,13,488
chr22,46609765,46609887,5,122
chr22,46618273,46618956,16,683
chr22,46622338,46623874,24,1536
chr22,46626935,46628023,9,1088
chr22,46632842,46633967,9,1125
chr22,46640322,46641165,9,843
chr22,46650023,46651066,8,1043
chr22,46652631,46653162,14,531
chr22,46662654,46663117,19,463
chr22,46665190,46666040,9,850
chr22,46668316,46669668,11,1352
chr22,46671580,46673042,11,1462
chr22,46674253,46675394,15,1141
chr22,46678335,46678762,6,427
chr22,46684776,46686545,19,1769
chr22,46691633,46691859,5,226
chr22,46696494,46697598,13,1104
chr22,46702798,46703711,9,913
chr22,46707390,46709086,10,1696
chr22,46713045,46713653,9,608
chr22,46721385,46722652,10,1267
chr22,46725252,46725368,6,116
chr22,46731725,46732143,10,418
chr22,46737149,46740109,65,2960
chr22,46747700,46748395,8,695
chr22,46761851,46763156,33,1305
chr22,46765880,46766292,9,412
chr22,46774734,46774879,7,145
chr22,46792639,46792761,5,122
chr22,46803341,46803508,7,167
chr22,46846758,46846946,5,188
chr22,46915274,46915652,5,378
chr22,46965453,46965527,5,74
chr22,46971637,46971989,11,352
chr22,46973326,46973408,5,82
chr22,46994621,46995280,7,659
chr22,47029208,47029700,11,492
chr22,47051422,47051685,8,263
chr22,47061837,47062274,9,437
chr22,47064196,47065156,10,960
chr22,47074033,47074216,5,183
chr22,47089974,47090262,13,288
chr22,47099381,47099538,5,157
chr22,47102195,47102402,8,207
chr22,47119353,47119570,6,217
chr22,47125188,47125304,5,116
chr22,47128713,47128957,7,244
chr22,47130219,47130384,7,165
chr22,47135852,47138667,17,2815
chr22,47153512,47155474,20,1962
chr22,47156744,47157660,15,916
chr22,47162178,47162793,5,615
chr22,47164914,47165033,5,119
chr22,47172907,47174669,17,1762
chr22,47175900,47177005,8,1105
chr22,47192835,47194307,12,1472
chr22,47197402,47199073,14,1671
chr22,47200796,47200870,5,74
chr22,47276515,47277381,6,866
chr22,47282540,47283005,5,465
chr22,47296554,47297546,7,992
chr22,47372247,47373232,5,985
chr22,47374316,47375241,8,925
chr22,47380123,47381191,8,1068
chr22,47387261,47387357,6,96
chr22,47389221,47392922,28,3701
chr22,47398027,47398113,5,86
chr22,47444600,47444744,5,144
chr22,47488568,47488622,9,54
chr22,47550129,47551087,6,958
chr22,47592009,47592984,5,975
chr22,47596004,47596318,9,314
chr22,47618358,47618476,8,118
chr22,47630559,47632172,11,1613
chr22,47706508,47706687,5,179
chr22,47738911,47739931,5,1020
chr22,47809508,47811118,9,1610
chr22,47827766,47827968,5,202
chr22,47833129,47833363,5,234
chr22,47844010,47844093,6,83
chr22,47912705,47912799,5,94
chr22,47936253,47936637,7,384
chr22,47994849,47995419,5,570
chr22,48017284,48017500,6,216
chr22,48086014,48087239,8,1225
chr22,48146565,48147629,7,1064
chr22,48155321,48155756,5,435
chr22,48210058,48210528,10,470
chr22,48226566,48226689,5,123
chr22,48237272,48237648,7,376
chr22,48239260,48239501,11,241
chr22,48244585,48245065,8,480
chr22,48265333,48265462,6,129
chr22,48268739,48269055,9,316
chr22,48279180,48279337,5,157
chr22,48302001,48303590,8,1589
chr22,48307242,48307417,7,175
chr22,48325884,48326380,12,496
chr22,48334091,48334686,15,595
chr22,48338399,48338491,6,92
chr22,48339539,48339872,7,333
chr22,48350399,48351427,6,1028
chr22,48396624,48397866,5,1242
chr22,48402470,48403577,8,1107
chr22,48416823,48417948,5,1125
chr22,48424254,48425952,20,1698
chr22,48429552,48429712,7,160
chr22,48455346,48455719,5,373
chr22,48464533,48465347,5,814
chr22,48489118,48491128,118,2010
chr22,48492505,48492758,10,253
chr22,48495843,48496037,5,194
chr22,48499812,48499886,5,74
chr22,48501282,48501549,13,267
chr22,48512646,48513557,6,911
chr22,48517539,48520015,14,2476
chr22,48527789,48528118,5,329
chr22,48531447,48532802,13,1355
chr22,48534658,48534743,5,85
chr22,48536268,48538734,29,2466
chr22,48541800,48541921,5,121
chr22,48555325,48556356,7,1031
chr22,48559875,48560701,9,826
chr22,48563234,48563378,7,144
chr22,48569213,48569767,7,554
chr22,48575113,48577447,129,2334
chr22,48579879,48580067,7,188
chr22,48586951,48587225,5,274
chr22,48589936,48592630,17,2694
chr22,48594204,48595467,10,1263
chr22,48600867,48600943,10,76
chr22,48603119,48604004,9,885
chr22,48613733,48614063,9,330
chr22,48626992,48628010,8,1018
chr22,48629028,48629428,9,400
chr22,48646285,48647572,24,1287
chr22,48648694,48648784,7,90
chr22,48649981,48650261,7,280
chr22,48661466,48661744,6,278
chr22,48677402,48681042,26,3640
chr22,48683239,48683340,5,101
chr22,48693388,48694648,11,1260
chr22,48696063,48696612,6,549
chr22,48701947,48704639,7,2692
chr22,48707756,48708707,16,951
chr22,48718083,48718294,6,211
chr22,48736682,48736736,6,54
chr22,48741240,48741359,7,119
chr22,48742506,48743219,14,713
chr22,48745304,48746760,15,1456
chr22,48750984,48751579,14,595
chr22,48758063,48759322,7,1259
chr22,48779247,48780049,14,802
chr22,48783731,48784432,11,701
chr22,48798400,48798487,6,87
chr22,48803362,48807830,22,4468
chr22,48817579,48818155,7,576
chr22,48826332,48827344,11,1012
chr22,48842887,48843166,5,279
chr22,48871068,48871280,6,212
chr22,48884829,48885410,11,581
chr22,48886708,48886757,5,49
chr22,48889435,48889609,5,174
chr22,48899514,48899974,12,460
chr22,48937406,48938894,8,1488
chr22,48951494,48952668,7,1174
chr22,48960342,48960889,14,547
chr22,48980663,48980823,7,160
chr22,49008751,49008853,5,102
chr22,49014830,49017306,14,2476
chr22,49022115,49024510,22,2395
chr22,49032482,49032803,9,321
chr22,49046571,49046667,5,96
chr22,49051725,49053009,19,1284
chr22,49063004,49063099,5,95
chr22,49081470,49083591,10,2121
chr22,49089622,49090128,5,506
chr22,49093644,49095468,19,1824
chr22,49102568,49102621,5,53
chr22,49112344,49112401,8,57
chr22,49150351,49154726,32,4375
chr22,49181945,49184402,25,2457
chr22,49191405,49195639,22,4234
chr22,49197728,49198084,10,356
chr22,49203109,49204467,20,1358
chr22,49231504,49232885,13,1381
chr22,49240624,49241742,13,1118
chr22,49261460,49262175,14,715
chr22,49266942,49267470,14,528
chr22,49282060,49282840,14,780
chr22,49283917,49285236,15,1319
chr22,49297318,49298408,10,1090
chr22,49301745,49302868,19,1123
chr22,49304847,49308431,27,3584
chr22,49321624,49322648,5,1024
chr22,49333560,49334903,11,1343
chr22,49349046,49349106,5,60
chr22,49352761,49353466,12,705
chr22,49366291,49368563,23,2272
chr22,49369836,49372100,19,2264
chr22,49382005,49382398,7,393
chr22,49398126,49398369,6,243
chr22,49418499,49418784,16,285
chr22,49448315,49448794,8,479
chr22,49457297,49458052,12,755
chr22,49461780,49462906,16,1126
chr22,49469726,49470441,6,715
chr22,49488118,49488194,6,76
chr22,49491365,49494238,25,2873
chr22,49514089,49514268,6,179
chr22,49518489,49519837,14,1348
chr22,49523840,49524217,10,377
chr22,49528484,49529126,5,642
chr22,49535706,49536611,8,905
chr22,49540861,49541688,26,827
chr22,49553773,49554928,11,1155
chr22,49556381,49556531,6,150
chr22,49567045,49567197,5,152
chr22,49570998,49571151,6,153
chr22,49575505,49576014,18,509
chr22,49583807,49584696,18,889
chr22,49587655,49587681,5,26
chr22,49588957,49589560,12,603
chr22,49590660,49591059,6,399
chr22,49599364,49602497,26,3133
chr22,49607915,49608153,5,238
chr22,49615543,49616582,29,1039
chr22,49622001,49622511,5,510
chr22,49630274,49632758,20,2484
chr22,49634641,49634742,8,101
chr22,49635746,49639080,35,3334
chr22,49640599,49641654,10,1055
chr22,49650996,49651587,10,591
chr22,49657072,49659272,12,2200
chr22,49663347,49664764,15,1417
chr22,49670482,49671112,28,630
chr22,49677690,49678589,9,899
chr22,49685572,49687861,22,2289
chr22,49690602,49691174,6,572
chr22,49704426,49704804,14,378
chr22,49717821,49718169,9,348
chr22,49724177,49725339,60,1162
chr22,49727981,49729306,6,1325
chr22,49734508,49735986,9,1478
chr22,49749507,49750951,16,1444
chr22,49754678,49755093,8,415
chr22,49771570,49771787,19,217
chr22,49774035,49775365,16,1330
chr22,49776878,49778382,22,1504
chr22,49780227,49781961,12,1734
chr22,49783630,49784895,18,1265
chr22,49788587,49789662,14,1075
chr22,49791220,49791267,5,47
chr22,49794183,49794334,5,151
chr22,49795447,49800206,25,4759
chr22,49806624,49806952,8,328
chr22,49826093,49828693,131,2600
chr22,49838038,49839246,15,1208
chr22,49840925,49841698,10,773
chr22,49847941,49850071,123,2130
chr22,49851792,49854711,78,2919
chr22,49856367,49856590,5,223
chr22,49875567,49876668,6,1101
chr22,49878870,49879210,6,340
chr22,49883643,49885118,7,1475
chr22,49886250,49886490,10,240
chr22,49911962,49912058,13,96
chr22,49913496,49914297,5,801
chr22,49917966,49919169,54,1203
chr22,49925568,49926089,11,521
chr22,49928976,49929797,57,821
chr22,49933870,49937078,55,3208
chr22,49939998,49940114,5,116
chr22,49943100,49944873,13,1773
chr22,49947112,49948218,11,1106
chr22,49949595,49955041,43,5446
chr22,49959738,49963399,195,3661
chr22,49966951,49967389,9,438
chr22,49970985,49972690,55,1705
chr22,49982975,49984019,30,1044
chr22,49993195,49993890,14,695
chr22,49997458,49998263,5,805
chr22,49999774,50000091,14,317
chr22,50005729,50006428,7,699
chr22,50009726,50012576,54,2850
chr22,50014647,50015640,41,993
chr22,50030215,50030923,13,708
chr22,50033892,50035626,5,1734
chr22,50046693,50046885,5,192
chr22,50048825,50050204,21,1379
chr22,50053895,50054039,8,144
chr22,50056045,50056417,12,372
chr22,50058043,50061059,94,3016
chr22,50072534,50073368,10,834
chr22,50077537,50077571,6,34
chr22,50080302,50080410,5,108
chr22,50083040,50084095,5,1055
chr22,50085231,50085867,7,636
chr22,50089853,50090837,50,984
chr22,50109555,50109698,7,143
chr22,50149522,50149789,9,267
chr22,50153040,50153937,8,897
chr22,50169504,50172274,79,2770
chr22,50175019,50180186,96,5167
chr22,50182546,50187497,92,4951
chr22,50189602,50191063,14,1461
chr22,50192357,50193687,18,1330
chr22,50196316,50202339,128,6023
chr22,50205897,50206528,14,631
chr22,50209241,50210744,9,1503
chr22,50216739,50216938,8,199
chr22,50218736,50219490,15,754
chr22,50224378,50225909,9,1531
chr22,50227630,50227980,8,350
chr22,50231784,50231816,5,32
chr22,50238378,50238630,5,252
chr22,50243377,50245569,60,2192
chr22,50250997,50251831,47,834
chr22,50253136,50253441,7,305
chr22,50256148,50257283,14,1135
chr22,50260293,50262122,101,1829
chr22,50267258,50268073,53,815
chr22,50269521,50272339,126,2818
chr22,50275067,50275582,7,515
chr22,50277727,50285178,64,7451
chr22,50286986,50290913,56,3927
chr22,50293403,50294436,23,1033
chr22,50296851,50298124,12,1273
chr22,50299318,50300448,100,1130
chr22,50301601,50301986,5,385
chr22,50305304,50311215,76,5911
chr22,50313169,50314866,13,1697
chr22,50318752,50319685,12,933
chr22,50323057,50323382,5,325
chr22,50325390,50327697,70,2307
chr22,50330427,50331026,5,599
chr22,50341003,50341101,7,98
chr22,50342379,50343702,36,1323
chr22,50431412,50431907,6,495
chr22,50435124,50435925,8,801
chr22,50437711,50438736,10,1025
chr22,50440925,50441048,8,123
chr22,50444966,50445094,8,128
chr22,50446912,50446983,7,71
chr22,50453711,50453911,6,200
chr22,50456532,50456593,8,61
chr22,50458999,50462706,52,3707
chr22,50464650,50464693,5,43
chr22,50473848,50475427,39,1579
chr22,50480893,50482703,58,1810
chr22,50489510,50491353,9,1843
chr22,50496513,50496621,5,108
chr22,50502707,50504023,13,1316
chr22,50505823,50505943,7,120
chr22,50507542,50508499,26,957
chr22,50511481,50511586,5,105
chr22,50520549,50520707,5,158
chr22,50524963,50526973,105,2010
chr22,50529599,50532408,100,2809
chr22,50537139,50539036,16,1897
chr22,50542707,50544537,24,1830
chr22,50546338,50547521,29,1183
chr22,50548543,50549694,41,1151
chr22,50562969,50563743,22,774
chr22,50571240,50571427,7,187
chr22,50577502,50578217,26,715
chr22,50582286,50584196,81,1910
chr22,50599200,50602138,107,2938
chr22,50603414,50605430,77,2016
chr22,50620360,50621127,10,767
chr22,50626154,50628509,47,2355
chr22,50642030,50643163,11,1133
chr22,50671826,50672662,7,836
chr22,50673790,50675261,67,1471
chr22,50695124,50698183,68,3059
chr22,50700849,50701165,9,316
chr22,50704113,50704665,18,552
chr22,50719805,50721377,75,1572
chr22,50725502,50725643,6,141
chr22,50729676,50729701,6,25
chr22,50730736,50731460,26,724
chr22,50756881,50757001,6,120
chr22,50783486,50783623,12,137
chr22,50807174,50807234,11,60
